chr1	248956422	7342860	79
chr10	133797422	3229198	37
chr11	135086622	3625920	59
chr11_KI270721v1_random	100316	311	0
chr12	133275309	3814764	54
chr13	114364328	1589797	34
chr14	107043718	2255460	33
chr14_GL000009v2_random	201709	3911	0
chr14_GL000225v1_random	211173	4103	4
chr14_KI270722v1_random	194050	1764	0
chr14_GL000194v1_random	191469	5433	0
chr14_KI270723v1_random	38115	1107	1
chr14_KI270724v1_random	39555	1158	0
chr14_KI270725v1_random	172810	3945	0
chr14_KI270726v1_random	43739	4643	0
chr15	101991189	2667868	33
chr15_KI270727v1_random	448248	24917	0
chr16	90338345	2542732	24
chr16_KI270728v1_random	1872759	51290	5
chr17	83257441	3320631	44
chr17_GL000205v2_random	185591	5770	0
chr17_KI270729v1_random	280839	3244	8
chr17_KI270730v1_random	112551	684	2
chr18	80373285	1292331	13
chr19	58617616	3039269	530
chr1_KI270706v1_random	175055	4443	0
chr1_KI270707v1_random	32032	32	0
chr1_KI270708v1_random	127682	1703	0
chr1_KI270709v1_random	66860	2015	0
chr1_KI270710v1_random	40176	49	0
chr1_KI270711v1_random	42210	28624	0
chr1_KI270712v1_random	176043	3356	0
chr1_KI270713v1_random	40745	4180	0
chr1_KI270714v1_random	41717	1486	0
chr2	242193529	6210346	73
chr20	64444167	1530684	19
chr21	46709983	803542	15
chr22	50818468	1217859	25
chr22_KI270731v1_random	150754	3121	1
chr22_KI270732v1_random	41543	834	0
chr22_KI270733v1_random	179772	9801	1
chr22_KI270734v1_random	165050	4956	0
chr22_KI270735v1_random	42811	491	0
chr22_KI270736v1_random	181920	1017	8
chr22_KI270737v1_random	103838	465	0
chr22_KI270738v1_random	99375	136	0
chr22_KI270739v1_random	73985	60	0
chr2_KI270715v1_random	161471	178	0
chr2_KI270716v1_random	153799	186	0
chr3	198295559	4332731	53
chr3_GL000221v1_random	155397	6751	0
chr4	190214555	3312009	21
chr4_GL000008v2_random	209709	3885	1
chr5	181538259	3454123	55
chr5_GL000208v1_random	92689	178	0
chr6	170805979	3413452	40
chr7	159345973	3881631	37
chr8	145138636	2524218	23
chr9	138394717	3045774	31
chr9_KI270717v1_random	40062	845	0
chr9_KI270718v1_random	38054	1410	0
chr9_KI270719v1_random	176845	4870	1
chr9_KI270720v1_random	39050	2827	0
chr1_KI270762v1_alt	354444	6822	0
chr1_KI270766v1_alt	256271	25771	0
chr1_KI270760v1_alt	109528	98	0
chr1_KI270765v1_alt	185285	2640	0
chr1_GL383518v1_alt	182439	7324	0
chr1_GL383519v1_alt	110268	7954	0
chr1_GL383520v2_alt	366580	3118	0
chr1_KI270764v1_alt	50258	16	0
chr1_KI270763v1_alt	911658	12259	0
chr1_KI270759v1_alt	425601	2376	0
chr1_KI270761v1_alt	165834	4563	0
chr2_KI270770v1_alt	136240	132	0
chr2_KI270773v1_alt	70887	952	0
chr2_KI270774v1_alt	223625	4194	0
chr2_KI270769v1_alt	120616	1574	0
chr2_GL383521v1_alt	143390	175	0
chr2_KI270772v1_alt	133041	1092	0
chr2_KI270775v1_alt	138019	87	0
chr2_KI270771v1_alt	110395	62	0
chr2_KI270768v1_alt	110099	2114	0
chr2_GL582966v2_alt	96131	3332	0
chr2_GL383522v1_alt	123821	6505	0
chr2_KI270776v1_alt	174166	1174	0
chr2_KI270767v1_alt	161578	332	0
chr3_JH636055v2_alt	173151	2778	0
chr3_KI270783v1_alt	109187	78	0
chr3_KI270780v1_alt	224108	3135	0
chr3_GL383526v1_alt	180671	1556	0
chr3_KI270777v1_alt	173649	4044	0
chr3_KI270778v1_alt	248252	144	0
chr3_KI270781v1_alt	113034	73	0
chr3_KI270779v1_alt	205312	4982	0
chr3_KI270782v1_alt	162429	819	0
chr3_KI270784v1_alt	184404	4100	0
chr4_KI270790v1_alt	220246	266	0
chr4_GL383528v1_alt	376187	203	0
chr4_KI270787v1_alt	111943	81	0
chr4_GL000257v2_alt	586476	17715	0
chr4_KI270788v1_alt	158965	113	0
chr4_GL383527v1_alt	164536	4918	0
chr4_KI270785v1_alt	119912	71	0
chr4_KI270789v1_alt	205944	795	0
chr4_KI270786v1_alt	244096	77	0
chr5_KI270793v1_alt	126136	557	0
chr5_KI270792v1_alt	179043	2309	0
chr5_KI270791v1_alt	195710	4282	0
chr5_GL383532v1_alt	82728	33	0
chr5_GL949742v1_alt	226852	251	0
chr5_KI270794v1_alt	164558	1451	0
chr5_GL339449v2_alt	1612928	46075	0
chr5_GL383530v1_alt	101241	84	0
chr5_KI270796v1_alt	172708	83	0
chr5_GL383531v1_alt	173459	113	0
chr5_KI270795v1_alt	131892	1550	0
chr6_GL000250v2_alt	4672374	7765	1
chr6_KI270800v1_alt	175808	1163	0
chr6_KI270799v1_alt	152148	46	0
chr6_GL383533v1_alt	124736	818	0
chr6_KI270801v1_alt	870480	8423	1
chr6_KI270802v1_alt	75005	127	0
chr6_KB021644v2_alt	185823	102	0
chr6_KI270797v1_alt	197536	4980	0
chr6_KI270798v1_alt	271782	4118	0
chr7_KI270804v1_alt	157952	151	0
chr7_KI270809v1_alt	209586	7256	0
chr7_KI270806v1_alt	158166	3325	0
chr7_GL383534v2_alt	119183	5188	0
chr7_KI270803v1_alt	1111570	40630	0
chr7_KI270808v1_alt	271455	902	0
chr7_KI270807v1_alt	126434	63	0
chr7_KI270805v1_alt	209988	237	0
chr8_KI270818v1_alt	145606	131	0
chr8_KI270812v1_alt	282736	190	0
chr8_KI270811v1_alt	292436	240	0
chr8_KI270821v1_alt	985506	9910	0
chr8_KI270813v1_alt	300230	11870	0
chr8_KI270822v1_alt	624492	14747	0
chr8_KI270814v1_alt	141812	285	0
chr8_KI270810v1_alt	374415	204	0
chr8_KI270819v1_alt	133535	1656	0
chr8_KI270820v1_alt	36640	238	0
chr8_KI270817v1_alt	158983	1165	0
chr8_KI270816v1_alt	305841	8420	0
chr8_KI270815v1_alt	132244	1144	0
chr9_GL383539v1_alt	162988	993	0
chr9_GL383540v1_alt	71551	1575	0
chr9_GL383541v1_alt	171286	2183	0
chr9_GL383542v1_alt	60032	1054	0
chr9_KI270823v1_alt	439082	2582	0
chr10_GL383545v1_alt	179254	2426	0
chr10_KI270824v1_alt	181496	1520	0
chr10_GL383546v1_alt	309802	3826	0
chr10_KI270825v1_alt	188315	3971	0
chr11_KI270832v1_alt	210133	10308	0
chr11_KI270830v1_alt	177092	1552	0
chr11_KI270831v1_alt	296895	7043	0
chr11_KI270829v1_alt	204059	2876	0
chr11_GL383547v1_alt	154407	114	0
chr11_JH159136v1_alt	200998	6888	0
chr11_JH159137v1_alt	191409	2512	0
chr11_KI270827v1_alt	67707	76	0
chr11_KI270826v1_alt	186169	157	0
chr12_GL877875v1_alt	167313	3129	0
chr12_GL877876v1_alt	408271	11039	0
chr12_KI270837v1_alt	40090	3132	0
chr12_GL383549v1_alt	120804	44	0
chr12_KI270835v1_alt	238139	7973	0
chr12_GL383550v2_alt	169178	2070	0
chr12_GL383552v1_alt	138655	792	0
chr12_GL383553v2_alt	152874	2824	0
chr12_KI270834v1_alt	119498	8844	0
chr12_GL383551v1_alt	184319	134	0
chr12_KI270833v1_alt	76061	4049	3
chr12_KI270836v1_alt	56134	142	0
chr13_KI270840v1_alt	191684	4329	0
chr13_KI270839v1_alt	180306	923	0
chr13_KI270843v1_alt	103832	78	0
chr13_KI270841v1_alt	169134	111	0
chr13_KI270838v1_alt	306913	2124	0
chr13_KI270842v1_alt	37287	276	0
chr14_KI270844v1_alt	322166	8071	0
chr14_KI270847v1_alt	1511111	31264	1
chr14_KI270845v1_alt	180703	843	0
chr14_KI270846v1_alt	1351393	63122	0
chr15_KI270852v1_alt	478999	27479	3
chr15_KI270851v1_alt	263054	24694	0
chr15_KI270848v1_alt	327382	13910	0
chr15_GL383554v1_alt	296527	14022	0
chr15_KI270849v1_alt	244917	2917	0
chr15_GL383555v2_alt	388773	1634	0
chr15_KI270850v1_alt	430880	26399	0
chr16_KI270854v1_alt	134193	1964	0
chr16_KI270856v1_alt	63982	258	0
chr16_KI270855v1_alt	232857	5065	0
chr16_KI270853v1_alt	2659700	105960	0
chr16_GL383556v1_alt	192462	5557	0
chr16_GL383557v1_alt	89672	2093	0
chr17_GL383563v3_alt	375691	1818	0
chr17_KI270862v1_alt	391357	4597	1
chr17_KI270861v1_alt	196688	10198	0
chr17_KI270857v1_alt	2877074	91392	1
chr17_JH159146v1_alt	278131	11812	0
chr17_JH159147v1_alt	70345	4306	0
chr17_GL383564v2_alt	133151	7653	0
chr17_GL000258v2_alt	1821992	29133	1
chr17_GL383565v1_alt	223995	125	0
chr17_KI270858v1_alt	235827	274	0
chr17_KI270859v1_alt	108763	180	0
chr17_GL383566v1_alt	90219	76	0
chr17_KI270860v1_alt	178921	2821	0
chr18_KI270864v1_alt	111737	99	0
chr18_GL383567v1_alt	289831	1456	0
chr18_GL383570v1_alt	164789	144	0
chr18_GL383571v1_alt	198278	1609	0
chr18_GL383568v1_alt	104552	92	0
chr18_GL383569v1_alt	167950	83	0
chr18_GL383572v1_alt	159547	452	0
chr18_KI270863v1_alt	167999	1360	0
chr19_KI270868v1_alt	61734	1091	0
chr19_KI270865v1_alt	52969	1317	0
chr19_GL383573v1_alt	385657	5756	0
chr19_GL383575v2_alt	170222	4118	0
chr19_GL383576v1_alt	188024	3634	0
chr19_GL383574v1_alt	155864	2017	0
chr19_KI270866v1_alt	43156	1550	0
chr19_KI270867v1_alt	233762	3865	1
chr19_GL949746v1_alt	987716	20246	0
chr20_GL383577v2_alt	128386	85	0
chr20_KI270869v1_alt	118774	2630	0
chr20_KI270871v1_alt	58661	1043	0
chr20_KI270870v1_alt	183433	4236	0
chr21_GL383578v2_alt	63917	66	0
chr21_KI270874v1_alt	166743	106	0
chr21_KI270873v1_alt	143900	537	0
chr21_GL383579v2_alt	201197	168	0
chr21_GL383580v2_alt	74653	737	0
chr21_GL383581v2_alt	116689	4253	0
chr21_KI270872v1_alt	82692	2361	0
chr22_KI270875v1_alt	259914	6088	0
chr22_KI270878v1_alt	186262	1357	0
chr22_KI270879v1_alt	304135	8950	0
chr22_KI270876v1_alt	263666	3443	0
chr22_KI270877v1_alt	101331	1290	0
chr22_GL383583v2_alt	96924	1393	0
chr22_GL383582v2_alt	162811	3726	0
chrX_KI270880v1_alt	284869	1062	0
chrX_KI270881v1_alt	144206	816	0
chr19_KI270882v1_alt	248807	12259	0
chr19_KI270883v1_alt	170399	3311	0
chr19_KI270884v1_alt	157053	2638	0
chr19_KI270885v1_alt	171027	3982	0
chr19_KI270886v1_alt	204239	9086	0
chr19_KI270887v1_alt	209512	6633	0
chr19_KI270888v1_alt	155532	3430	0
chr19_KI270889v1_alt	170698	3626	0
chr19_KI270890v1_alt	184499	4699	0
chr19_KI270891v1_alt	170680	3483	0
chr1_KI270892v1_alt	162212	4694	0
chr2_KI270894v1_alt	214158	6462	0
chr2_KI270893v1_alt	161218	326	0
chr3_KI270895v1_alt	162896	5933	0
chr4_KI270896v1_alt	378547	6809	0
chr5_KI270897v1_alt	1144418	27313	0
chr5_KI270898v1_alt	130957	1773	0
chr6_GL000251v2_alt	4795265	28658	2
chr7_KI270899v1_alt	190869	2371	0
chr8_KI270901v1_alt	136959	81	0
chr8_KI270900v1_alt	318687	1017	0
chr11_KI270902v1_alt	106711	30086	0
chr11_KI270903v1_alt	214625	3007	0
chr12_KI270904v1_alt	572349	14379	0
chr15_KI270906v1_alt	196384	7997	0
chr15_KI270905v1_alt	5161414	104528	0
chr17_KI270907v1_alt	137721	316	0
chr17_KI270910v1_alt	157099	2833	0
chr17_KI270909v1_alt	325800	15526	0
chr17_JH159148v1_alt	88070	1222	0
chr17_KI270908v1_alt	1423190	21232	0
chr18_KI270912v1_alt	174061	93	0
chr18_KI270911v1_alt	157710	325	0
chr19_GL949747v2_alt	729520	10760	0
chr22_KB663609v1_alt	74013	1691	0
chrX_KI270913v1_alt	274009	1420	0
chr19_KI270914v1_alt	205194	4171	0
chr19_KI270915v1_alt	170665	3823	0
chr19_KI270916v1_alt	184516	5531	0
chr19_KI270917v1_alt	190932	3853	0
chr19_KI270918v1_alt	123111	2289	0
chr19_KI270919v1_alt	170701	4025	0
chr19_KI270920v1_alt	198005	3324	0
chr19_KI270921v1_alt	282224	12654	0
chr19_KI270922v1_alt	187935	3991	0
chr19_KI270923v1_alt	189352	3982	0
chr3_KI270924v1_alt	166540	4322	0
chr4_KI270925v1_alt	555799	1098	0
chr6_GL000252v2_alt	4604811	29731	0
chr8_KI270926v1_alt	229282	1325	0
chr11_KI270927v1_alt	218612	17757	2
chr19_GL949748v2_alt	1064304	5640	0
chr22_KI270928v1_alt	176103	3803	0
chr19_KI270929v1_alt	186203	3660	0
chr19_KI270930v1_alt	200773	5683	0
chr19_KI270931v1_alt	170148	3476	0
chr19_KI270932v1_alt	215732	5806	0
chr19_KI270933v1_alt	170537	2879	0
chr19_GL000209v2_alt	177381	4628	0
chr3_KI270934v1_alt	163458	5964	0
chr6_GL000253v2_alt	4677643	15360	0
chr19_GL949749v2_alt	1091841	4124	0
chr3_KI270935v1_alt	197351	3092	0
chr6_GL000254v2_alt	4827813	22872	0
chr19_GL949750v2_alt	1066390	3718	0
chr3_KI270936v1_alt	164170	5730	0
chr6_GL000255v2_alt	4606388	22345	0
chr19_GL949751v2_alt	1002683	4822	0
chr3_KI270937v1_alt	165607	5830	0
chr6_GL000256v2_alt	4929269	26154	0
chr19_GL949752v1_alt	987100	19470	0
chr6_KI270758v1_alt	76752	206	0
chr19_GL949753v2_alt	796479	13312	0
chr19_KI270938v1_alt	1066800	22460	1
chrM	16569	1363	0
chrUn_KI270302v1	2274	6	0
chrUn_KI270304v1	2165	0	0
chrUn_KI270303v1	1942	2	0
chrUn_KI270305v1	1472	2	0
chrUn_KI270322v1	21476	2	0
chrUn_KI270320v1	4416	1	0
chrUn_KI270310v1	1201	18	0
chrUn_KI270316v1	1444	2	0
chrUn_KI270315v1	2276	0	0
chrUn_KI270312v1	998	1	0
chrUn_KI270311v1	12399	11	0
chrUn_KI270317v1	37690	2	0
chrUn_KI270412v1	1179	7	0
chrUn_KI270411v1	2646	5	0
chrUn_KI270414v1	2489	3	0
chrUn_KI270419v1	1029	2	0
chrUn_KI270418v1	2145	6	0
chrUn_KI270420v1	2321	6	0
chrUn_KI270424v1	2140	0	0
chrUn_KI270417v1	2043	7	0
chrUn_KI270422v1	1445	8	0
chrUn_KI270423v1	981	0	0
chrUn_KI270425v1	1884	4	0
chrUn_KI270429v1	1361	10	0
chrUn_KI270442v1	392061	7767	7
chrUn_KI270466v1	1233	320	0
chrUn_KI270465v1	1774	19	0
chrUn_KI270467v1	3920	1352	2
chrUn_KI270435v1	92983	260	0
chrUn_KI270438v1	112505	5258	0
chrUn_KI270468v1	4055	15	0
chrUn_KI270510v1	2415	12	0
chrUn_KI270509v1	2318	17	0
chrUn_KI270518v1	2186	4	0
chrUn_KI270508v1	1951	11	0
chrUn_KI270516v1	1300	18	0
chrUn_KI270512v1	22689	39	0
chrUn_KI270519v1	138126	321	0
chrUn_KI270522v1	5674	5	0
chrUn_KI270511v1	8127	12	0
chrUn_KI270515v1	6361	31	0
chrUn_KI270507v1	5353	28	0
chrUn_KI270517v1	3253	21	0
chrUn_KI270529v1	1899	2	0
chrUn_KI270528v1	2983	2	0
chrUn_KI270530v1	2168	4	0
chrUn_KI270539v1	993	0	0
chrUn_KI270538v1	91309	242	0
chrUn_KI270544v1	1202	2	0
chrUn_KI270548v1	1599	0	0
chrUn_KI270583v1	1400	11	0
chrUn_KI270587v1	2969	26	0
chrUn_KI270580v1	1553	12	0
chrUn_KI270581v1	7046	0	0
chrUn_KI270579v1	31033	28	0
chrUn_KI270589v1	44474	105	0
chrUn_KI270590v1	4685	28	0
chrUn_KI270584v1	4513	19	0
chrUn_KI270582v1	6504	13	0
chrUn_KI270588v1	6158	20	0
chrUn_KI270593v1	3041	12	0
chrUn_KI270591v1	5796	32	1
chrUn_KI270330v1	1652	42	0
chrUn_KI270329v1	1040	0	0
chrUn_KI270334v1	1368	2	0
chrUn_KI270333v1	2699	151	0
chrUn_KI270335v1	1048	4	0
chrUn_KI270338v1	1428	0	0
chrUn_KI270340v1	1428	0	0
chrUn_KI270336v1	1026	29	0
chrUn_KI270337v1	1121	139	0
chrUn_KI270363v1	1803	6	0
chrUn_KI270364v1	2855	2	0
chrUn_KI270362v1	3530	0	0
chrUn_KI270366v1	8320	10	0
chrUn_KI270378v1	1048	0	0
chrUn_KI270379v1	1045	0	0
chrUn_KI270389v1	1298	0	0
chrUn_KI270390v1	2387	2	0
chrUn_KI270387v1	1537	2	0
chrUn_KI270395v1	1143	2	0
chrUn_KI270396v1	1880	0	0
chrUn_KI270388v1	1216	4	0
chrUn_KI270394v1	970	0	0
chrUn_KI270386v1	1788	0	0
chrUn_KI270391v1	1484	2	0
chrUn_KI270383v1	1750	1	0
chrUn_KI270393v1	1308	2	0
chrUn_KI270384v1	1658	2	0
chrUn_KI270392v1	971	4	0
chrUn_KI270381v1	1930	0	0
chrUn_KI270385v1	990	0	0
chrUn_KI270382v1	4215	4	0
chrUn_KI270376v1	1136	0	0
chrUn_KI270374v1	2656	0	0
chrUn_KI270372v1	1650	2	0
chrUn_KI270373v1	1451	0	0
chrUn_KI270375v1	2378	0	0
chrUn_KI270371v1	2805	0	0
chrUn_KI270448v1	7992	23	0
chrUn_KI270521v1	7642	2	0
chrUn_GL000195v1	182896	1297	0
chrUn_GL000219v1	179198	4865	0
chrUn_GL000220v1	161802	8579	1
chrUn_GL000224v1	179693	5399	0
chrUn_KI270741v1	157432	237	0
chrUn_GL000226v1	15008	219	0
chrUn_GL000213v1	164239	10177	0
chrUn_KI270743v1	210658	2000	0
chrUn_KI270744v1	168472	12762	0
chrUn_KI270745v1	41891	143	0
chrUn_KI270746v1	66486	15855	1
chrUn_KI270747v1	198735	1258	0
chrUn_KI270748v1	93321	107	0
chrUn_KI270749v1	158759	1871	0
chrUn_KI270750v1	148850	3692	0
chrUn_KI270751v1	150742	2919	0
chrUn_KI270752v1	27745	0	0
chrUn_KI270753v1	62944	133	0
chrUn_KI270754v1	40191	205	0
chrUn_KI270755v1	36723	4	0
chrUn_KI270756v1	79590	229	0
chrUn_KI270757v1	71251	343	2
chrUn_GL000214v1	137718	2884	0
chrUn_KI270742v1	186739	6277	0
chrUn_GL000216v2	176608	2983	3
chrUn_GL000218v1	161147	8586	0
chrX	156040895	1887501	29
chrY	57227415	429206	19
chrY_KI270740v1_random	37240	31	0
*	0	0	1718
