chr1	248956422	7171711	23
chr10	133797422	2917990	15
chr11	135086622	3197733	19
chr11_KI270721v1_random	100316	735	0
chr12	133275309	3138443	14
chr13	114364328	1330468	10
chr14	107043718	1981994	15
chr14_GL000009v2_random	201709	1584	0
chr14_GL000225v1_random	211173	2411	1
chr14_KI270722v1_random	194050	1336	0
chr14_GL000194v1_random	191469	1627	0
chr14_KI270723v1_random	38115	593	0
chr14_KI270724v1_random	39555	830	0
chr14_KI270725v1_random	172810	1343	0
chr14_KI270726v1_random	43739	1121	0
chr15	101991189	2186230	4
chr15_KI270727v1_random	448248	9962	0
chr16	90338345	2264521	6
chr16_KI270728v1_random	1872759	25291	0
chr17	83257441	3210050	21
chr17_GL000205v2_random	185591	2050	0
chr17_KI270729v1_random	280839	1338	2
chr17_KI270730v1_random	112551	228	0
chr18	80373285	1050539	3
chr19	58617616	2398420	104
chr1_KI270706v1_random	175055	1099	0
chr1_KI270707v1_random	32032	28	0
chr1_KI270708v1_random	127682	850	0
chr1_KI270709v1_random	66860	710	0
chr1_KI270710v1_random	40176	46	0
chr1_KI270711v1_random	42210	14064	0
chr1_KI270712v1_random	176043	2179	0
chr1_KI270713v1_random	40745	6028	0
chr1_KI270714v1_random	41717	2017	0
chr2	242193529	6047720	29
chr20	64444167	1321273	5
chr21	46709983	671288	5
chr22	50818468	1221630	12
chr22_KI270731v1_random	150754	10217	0
chr22_KI270732v1_random	41543	39	0
chr22_KI270733v1_random	179772	1698	0
chr22_KI270734v1_random	165050	12240	0
chr22_KI270735v1_random	42811	137	0
chr22_KI270736v1_random	181920	510	2
chr22_KI270737v1_random	103838	117	0
chr22_KI270738v1_random	99375	189	0
chr22_KI270739v1_random	73985	6	0
chr2_KI270715v1_random	161471	46	0
chr2_KI270716v1_random	153799	45	0
chr3	198295559	3937189	6
chr3_GL000221v1_random	155397	831	0
chr4	190214555	2974997	12
chr4_GL000008v2_random	209709	1006	0
chr5	181538259	3314617	39
chr5_GL000208v1_random	92689	61	0
chr6	170805979	2848251	6
chr7	159345973	3338020	11
chr8	145138636	2071694	14
chr9	138394717	2671480	8
chr9_KI270717v1_random	40062	348	0
chr9_KI270718v1_random	38054	1818	0
chr9_KI270719v1_random	176845	1797	0
chr9_KI270720v1_random	39050	3360	0
chr1_KI270762v1_alt	354444	6186	0
chr1_KI270766v1_alt	256271	27433	0
chr1_KI270760v1_alt	109528	158	0
chr1_KI270765v1_alt	185285	2427	0
chr1_GL383518v1_alt	182439	6942	0
chr1_GL383519v1_alt	110268	10206	0
chr1_GL383520v2_alt	366580	3834	0
chr1_KI270764v1_alt	50258	68	0
chr1_KI270763v1_alt	911658	18710	1
chr1_KI270759v1_alt	425601	3099	0
chr1_KI270761v1_alt	165834	10609	0
chr2_KI270770v1_alt	136240	141	0
chr2_KI270773v1_alt	70887	723	0
chr2_KI270774v1_alt	223625	1984	0
chr2_KI270769v1_alt	120616	2740	0
chr2_GL383521v1_alt	143390	118	0
chr2_KI270772v1_alt	133041	612	0
chr2_KI270775v1_alt	138019	75	0
chr2_KI270771v1_alt	110395	74	0
chr2_KI270768v1_alt	110099	1578	0
chr2_GL582966v2_alt	96131	3363	0
chr2_GL383522v1_alt	123821	5438	0
chr2_KI270776v1_alt	174166	2027	0
chr2_KI270767v1_alt	161578	625	0
chr3_JH636055v2_alt	173151	3785	0
chr3_KI270783v1_alt	109187	54	0
chr3_KI270780v1_alt	224108	497	0
chr3_GL383526v1_alt	180671	1393	0
chr3_KI270777v1_alt	173649	3128	0
chr3_KI270778v1_alt	248252	86	0
chr3_KI270781v1_alt	113034	148	0
chr3_KI270779v1_alt	205312	5359	0
chr3_KI270782v1_alt	162429	886	0
chr3_KI270784v1_alt	184404	4275	0
chr4_KI270790v1_alt	220246	192	0
chr4_GL383528v1_alt	376187	188	0
chr4_KI270787v1_alt	111943	96	0
chr4_GL000257v2_alt	586476	19883	0
chr4_KI270788v1_alt	158965	98	0
chr4_GL383527v1_alt	164536	3812	0
chr4_KI270785v1_alt	119912	70	0
chr4_KI270789v1_alt	205944	492	0
chr4_KI270786v1_alt	244096	132	0
chr5_KI270793v1_alt	126136	647	0
chr5_KI270792v1_alt	179043	2278	0
chr5_KI270791v1_alt	195710	4388	0
chr5_GL383532v1_alt	82728	30	0
chr5_GL949742v1_alt	226852	146	0
chr5_KI270794v1_alt	164558	1207	0
chr5_GL339449v2_alt	1612928	68736	0
chr5_GL383530v1_alt	101241	74	0
chr5_KI270796v1_alt	172708	118	0
chr5_GL383531v1_alt	173459	108	0
chr5_KI270795v1_alt	131892	3893	0
chr6_GL000250v2_alt	4672374	21557	0
chr6_KI270800v1_alt	175808	1320	0
chr6_KI270799v1_alt	152148	64	0
chr6_GL383533v1_alt	124736	486	0
chr6_KI270801v1_alt	870480	7534	0
chr6_KI270802v1_alt	75005	146	0
chr6_KB021644v2_alt	185823	202	0
chr6_KI270797v1_alt	197536	3173	0
chr6_KI270798v1_alt	271782	2810	0
chr7_KI270804v1_alt	157952	282	0
chr7_KI270809v1_alt	209586	5588	0
chr7_KI270806v1_alt	158166	5131	0
chr7_GL383534v2_alt	119183	3425	0
chr7_KI270803v1_alt	1111570	20241	0
chr7_KI270808v1_alt	271455	1160	0
chr7_KI270807v1_alt	126434	256	0
chr7_KI270805v1_alt	209988	355	0
chr8_KI270818v1_alt	145606	238	0
chr8_KI270812v1_alt	282736	397	0
chr8_KI270811v1_alt	292436	411	0
chr8_KI270821v1_alt	985506	10014	0
chr8_KI270813v1_alt	300230	58143	0
chr8_KI270822v1_alt	624492	10148	0
chr8_KI270814v1_alt	141812	274	0
chr8_KI270810v1_alt	374415	200	0
chr8_KI270819v1_alt	133535	1451	0
chr8_KI270820v1_alt	36640	223	0
chr8_KI270817v1_alt	158983	985	0
chr8_KI270816v1_alt	305841	9703	0
chr8_KI270815v1_alt	132244	1387	0
chr9_GL383539v1_alt	162988	1006	0
chr9_GL383540v1_alt	71551	1276	0
chr9_GL383541v1_alt	171286	1070	0
chr9_GL383542v1_alt	60032	558	0
chr9_KI270823v1_alt	439082	1814	0
chr10_GL383545v1_alt	179254	1921	0
chr10_KI270824v1_alt	181496	843	0
chr10_GL383546v1_alt	309802	3609	0
chr10_KI270825v1_alt	188315	3557	0
chr11_KI270832v1_alt	210133	6373	0
chr11_KI270830v1_alt	177092	1310	0
chr11_KI270831v1_alt	296895	5502	0
chr11_KI270829v1_alt	204059	2800	0
chr11_GL383547v1_alt	154407	82	0
chr11_JH159136v1_alt	200998	7245	0
chr11_JH159137v1_alt	191409	2071	0
chr11_KI270827v1_alt	67707	112	0
chr11_KI270826v1_alt	186169	235	0
chr12_GL877875v1_alt	167313	3133	0
chr12_GL877876v1_alt	408271	7381	0
chr12_KI270837v1_alt	40090	1520	0
chr12_GL383549v1_alt	120804	84	0
chr12_KI270835v1_alt	238139	1349	0
chr12_GL383550v2_alt	169178	1108	0
chr12_GL383552v1_alt	138655	666	0
chr12_GL383553v2_alt	152874	1935	0
chr12_KI270834v1_alt	119498	7231	0
chr12_GL383551v1_alt	184319	171	0
chr12_KI270833v1_alt	76061	2589	0
chr12_KI270836v1_alt	56134	82	0
chr13_KI270840v1_alt	191684	1080	0
chr13_KI270839v1_alt	180306	727	0
chr13_KI270843v1_alt	103832	57	0
chr13_KI270841v1_alt	169134	89	0
chr13_KI270838v1_alt	306913	2243	0
chr13_KI270842v1_alt	37287	86	0
chr14_KI270844v1_alt	322166	5885	0
chr14_KI270847v1_alt	1511111	26789	0
chr14_KI270845v1_alt	180703	845	0
chr14_KI270846v1_alt	1351393	38991	12
chr15_KI270852v1_alt	478999	10748	0
chr15_KI270851v1_alt	263054	8830	0
chr15_KI270848v1_alt	327382	6383	0
chr15_GL383554v1_alt	296527	3472	0
chr15_KI270849v1_alt	244917	6697	0
chr15_GL383555v2_alt	388773	2197	0
chr15_KI270850v1_alt	430880	5097	0
chr16_KI270854v1_alt	134193	1914	0
chr16_KI270856v1_alt	63982	141	0
chr16_KI270855v1_alt	232857	5578	0
chr16_KI270853v1_alt	2659700	117962	2
chr16_GL383556v1_alt	192462	6399	0
chr16_GL383557v1_alt	89672	1941	0
chr17_GL383563v3_alt	375691	1507	0
chr17_KI270862v1_alt	391357	3965	0
chr17_KI270861v1_alt	196688	9886	0
chr17_KI270857v1_alt	2877074	66563	1
chr17_JH159146v1_alt	278131	11939	0
chr17_JH159147v1_alt	70345	4312	0
chr17_GL383564v2_alt	133151	4443	0
chr17_GL000258v2_alt	1821992	30942	0
chr17_GL383565v1_alt	223995	136	0
chr17_KI270858v1_alt	235827	148	0
chr17_KI270859v1_alt	108763	193	1
chr17_GL383566v1_alt	90219	133	0
chr17_KI270860v1_alt	178921	2494	0
chr18_KI270864v1_alt	111737	52	0
chr18_GL383567v1_alt	289831	1470	0
chr18_GL383570v1_alt	164789	108	0
chr18_GL383571v1_alt	198278	1997	0
chr18_GL383568v1_alt	104552	46	0
chr18_GL383569v1_alt	167950	137	0
chr18_GL383572v1_alt	159547	392	0
chr18_KI270863v1_alt	167999	1138	0
chr19_KI270868v1_alt	61734	921	0
chr19_KI270865v1_alt	52969	1042	0
chr19_GL383573v1_alt	385657	2162	0
chr19_GL383575v2_alt	170222	1533	0
chr19_GL383576v1_alt	188024	1546	0
chr19_GL383574v1_alt	155864	1794	0
chr19_KI270866v1_alt	43156	1089	0
chr19_KI270867v1_alt	233762	2741	0
chr19_GL949746v1_alt	987716	11629	0
chr20_GL383577v2_alt	128386	145	1
chr20_KI270869v1_alt	118774	2184	0
chr20_KI270871v1_alt	58661	970	0
chr20_KI270870v1_alt	183433	3811	0
chr21_GL383578v2_alt	63917	42	0
chr21_KI270874v1_alt	166743	95	0
chr21_KI270873v1_alt	143900	465	0
chr21_GL383579v2_alt	201197	104	0
chr21_GL383580v2_alt	74653	1241	0
chr21_GL383581v2_alt	116689	4591	0
chr21_KI270872v1_alt	82692	1489	0
chr22_KI270875v1_alt	259914	3172	0
chr22_KI270878v1_alt	186262	1515	0
chr22_KI270879v1_alt	304135	18052	0
chr22_KI270876v1_alt	263666	2623	0
chr22_KI270877v1_alt	101331	1297	0
chr22_GL383583v2_alt	96924	1067	0
chr22_GL383582v2_alt	162811	4491	0
chrX_KI270880v1_alt	284869	736	1
chrX_KI270881v1_alt	144206	824	0
chr19_KI270882v1_alt	248807	830	0
chr19_KI270883v1_alt	170399	481	0
chr19_KI270884v1_alt	157053	448	0
chr19_KI270885v1_alt	171027	559	0
chr19_KI270886v1_alt	204239	651	0
chr19_KI270887v1_alt	209512	520	0
chr19_KI270888v1_alt	155532	597	0
chr19_KI270889v1_alt	170698	518	0
chr19_KI270890v1_alt	184499	396	0
chr19_KI270891v1_alt	170680	574	0
chr1_KI270892v1_alt	162212	10696	0
chr2_KI270894v1_alt	214158	2504	0
chr2_KI270893v1_alt	161218	635	0
chr3_KI270895v1_alt	162896	3129	0
chr4_KI270896v1_alt	378547	5066	0
chr5_KI270897v1_alt	1144418	39631	0
chr5_KI270898v1_alt	130957	3786	0
chr6_GL000251v2_alt	4795265	69597	0
chr7_KI270899v1_alt	190869	3310	0
chr8_KI270901v1_alt	136959	243	0
chr8_KI270900v1_alt	318687	872	0
chr11_KI270902v1_alt	106711	12100	0
chr11_KI270903v1_alt	214625	1769	0
chr12_KI270904v1_alt	572349	10451	0
chr15_KI270906v1_alt	196384	1855	0
chr15_KI270905v1_alt	5161414	82221	0
chr17_KI270907v1_alt	137721	276	0
chr17_KI270910v1_alt	157099	1990	0
chr17_KI270909v1_alt	325800	9045	0
chr17_JH159148v1_alt	88070	3367	0
chr17_KI270908v1_alt	1423190	32919	0
chr18_KI270912v1_alt	174061	189	0
chr18_KI270911v1_alt	157710	398	0
chr19_GL949747v2_alt	729520	4692	0
chr22_KB663609v1_alt	74013	2016	0
chrX_KI270913v1_alt	274009	1183	1
chr19_KI270914v1_alt	205194	442	0
chr19_KI270915v1_alt	170665	602	0
chr19_KI270916v1_alt	184516	485	0
chr19_KI270917v1_alt	190932	766	0
chr19_KI270918v1_alt	123111	317	0
chr19_KI270919v1_alt	170701	453	0
chr19_KI270920v1_alt	198005	959	0
chr19_KI270921v1_alt	282224	941	0
chr19_KI270922v1_alt	187935	745	0
chr19_KI270923v1_alt	189352	596	0
chr3_KI270924v1_alt	166540	3292	0
chr4_KI270925v1_alt	555799	904	0
chr6_GL000252v2_alt	4604811	50091	0
chr8_KI270926v1_alt	229282	1513	0
chr11_KI270927v1_alt	218612	11351	0
chr19_GL949748v2_alt	1064304	2893	0
chr22_KI270928v1_alt	176103	6576	0
chr19_KI270929v1_alt	186203	663	0
chr19_KI270930v1_alt	200773	434	0
chr19_KI270931v1_alt	170148	779	0
chr19_KI270932v1_alt	215732	474	0
chr19_KI270933v1_alt	170537	433	0
chr19_GL000209v2_alt	177381	386	0
chr3_KI270934v1_alt	163458	3098	0
chr6_GL000253v2_alt	4677643	33065	0
chr19_GL949749v2_alt	1091841	2857	0
chr3_KI270935v1_alt	197351	9058	0
chr6_GL000254v2_alt	4827813	43721	0
chr19_GL949750v2_alt	1066390	2702	0
chr3_KI270936v1_alt	164170	3367	0
chr6_GL000255v2_alt	4606388	48424	0
chr19_GL949751v2_alt	1002683	2848	0
chr3_KI270937v1_alt	165607	3851	0
chr6_GL000256v2_alt	4929269	43439	0
chr19_GL949752v1_alt	987100	12914	0
chr6_KI270758v1_alt	76752	400	0
chr19_GL949753v2_alt	796479	7740	0
chr19_KI270938v1_alt	1066800	12996	0
chrM	16569	4577	0
chrUn_KI270302v1	2274	0	0
chrUn_KI270304v1	2165	0	0
chrUn_KI270303v1	1942	2	0
chrUn_KI270305v1	1472	0	0
chrUn_KI270322v1	21476	6	0
chrUn_KI270320v1	4416	4	0
chrUn_KI270310v1	1201	2	0
chrUn_KI270316v1	1444	0	0
chrUn_KI270315v1	2276	0	0
chrUn_KI270312v1	998	0	0
chrUn_KI270311v1	12399	2	0
chrUn_KI270317v1	37690	2	0
chrUn_KI270412v1	1179	2	0
chrUn_KI270411v1	2646	0	0
chrUn_KI270414v1	2489	0	0
chrUn_KI270419v1	1029	2	0
chrUn_KI270418v1	2145	2	0
chrUn_KI270420v1	2321	4	0
chrUn_KI270424v1	2140	0	0
chrUn_KI270417v1	2043	0	0
chrUn_KI270422v1	1445	0	0
chrUn_KI270423v1	981	0	0
chrUn_KI270425v1	1884	0	0
chrUn_KI270429v1	1361	2	0
chrUn_KI270442v1	392061	3885	0
chrUn_KI270466v1	1233	76	0
chrUn_KI270465v1	1774	3	0
chrUn_KI270467v1	3920	266	0
chrUn_KI270435v1	92983	88	0
chrUn_KI270438v1	112505	2140	0
chrUn_KI270468v1	4055	4	0
chrUn_KI270510v1	2415	4	0
chrUn_KI270509v1	2318	7	0
chrUn_KI270518v1	2186	10	0
chrUn_KI270508v1	1951	2	0
chrUn_KI270516v1	1300	1	0
chrUn_KI270512v1	22689	18	0
chrUn_KI270519v1	138126	70	0
chrUn_KI270522v1	5674	4	0
chrUn_KI270511v1	8127	10	0
chrUn_KI270515v1	6361	6	0
chrUn_KI270507v1	5353	6	0
chrUn_KI270517v1	3253	3	0
chrUn_KI270529v1	1899	0	0
chrUn_KI270528v1	2983	4	0
chrUn_KI270530v1	2168	0	0
chrUn_KI270539v1	993	0	0
chrUn_KI270538v1	91309	52	0
chrUn_KI270544v1	1202	0	0
chrUn_KI270548v1	1599	0	0
chrUn_KI270583v1	1400	4	0
chrUn_KI270587v1	2969	4	0
chrUn_KI270580v1	1553	0	0
chrUn_KI270581v1	7046	7	0
chrUn_KI270579v1	31033	17	0
chrUn_KI270589v1	44474	56	0
chrUn_KI270590v1	4685	5	0
chrUn_KI270584v1	4513	10	0
chrUn_KI270582v1	6504	10	0
chrUn_KI270588v1	6158	8	0
chrUn_KI270593v1	3041	2	0
chrUn_KI270591v1	5796	18	0
chrUn_KI270330v1	1652	20	0
chrUn_KI270329v1	1040	2	0
chrUn_KI270334v1	1368	4	0
chrUn_KI270333v1	2699	27	0
chrUn_KI270335v1	1048	2	0
chrUn_KI270338v1	1428	0	0
chrUn_KI270340v1	1428	7	0
chrUn_KI270336v1	1026	5	0
chrUn_KI270337v1	1121	26	0
chrUn_KI270363v1	1803	0	0
chrUn_KI270364v1	2855	0	0
chrUn_KI270362v1	3530	0	0
chrUn_KI270366v1	8320	4	0
chrUn_KI270378v1	1048	0	0
chrUn_KI270379v1	1045	0	0
chrUn_KI270389v1	1298	0	0
chrUn_KI270390v1	2387	0	0
chrUn_KI270387v1	1537	2	0
chrUn_KI270395v1	1143	0	0
chrUn_KI270396v1	1880	0	0
chrUn_KI270388v1	1216	0	0
chrUn_KI270394v1	970	0	0
chrUn_KI270386v1	1788	0	0
chrUn_KI270391v1	1484	0	0
chrUn_KI270383v1	1750	0	0
chrUn_KI270393v1	1308	0	0
chrUn_KI270384v1	1658	2	0
chrUn_KI270392v1	971	0	0
chrUn_KI270381v1	1930	0	0
chrUn_KI270385v1	990	0	0
chrUn_KI270382v1	4215	0	0
chrUn_KI270376v1	1136	0	0
chrUn_KI270374v1	2656	0	0
chrUn_KI270372v1	1650	0	0
chrUn_KI270373v1	1451	0	0
chrUn_KI270375v1	2378	2	0
chrUn_KI270371v1	2805	0	0
chrUn_KI270448v1	7992	6	0
chrUn_KI270521v1	7642	4	0
chrUn_GL000195v1	182896	452	0
chrUn_GL000219v1	179198	1845	0
chrUn_GL000220v1	161802	1548	0
chrUn_GL000224v1	179693	1020	0
chrUn_KI270741v1	157432	96	0
chrUn_GL000226v1	15008	106	0
chrUn_GL000213v1	164239	10083	0
chrUn_KI270743v1	210658	641	0
chrUn_KI270744v1	168472	3226	0
chrUn_KI270745v1	41891	50	0
chrUn_KI270746v1	66486	16850	0
chrUn_KI270747v1	198735	302	0
chrUn_KI270748v1	93321	58	0
chrUn_KI270749v1	158759	1616	0
chrUn_KI270750v1	148850	3451	0
chrUn_KI270751v1	150742	872	0
chrUn_KI270752v1	27745	0	0
chrUn_KI270753v1	62944	120	0
chrUn_KI270754v1	40191	778	0
chrUn_KI270755v1	36723	22	0
chrUn_KI270756v1	79590	63	3
chrUn_KI270757v1	71251	99	0
chrUn_GL000214v1	137718	1052	0
chrUn_KI270742v1	186739	1299	0
chrUn_GL000216v2	176608	1219	1
chrUn_GL000218v1	161147	1832	0
chrX	156040895	2250524	8
chrY	57227415	259896	14
chrY_KI270740v1_random	37240	2	0
*	0	0	16230
