chr1	248956422	5576461	49
chr10	133797422	2440437	33
chr11	135086622	2768417	42
chr11_KI270721v1_random	100316	235	0
chr12	133275309	2881492	26
chr13	114364328	1153542	40
chr14	107043718	1740723	18
chr14_GL000009v2_random	201709	3093	1
chr14_GL000225v1_random	211173	1251	3
chr14_KI270722v1_random	194050	1286	0
chr14_GL000194v1_random	191469	5735	0
chr14_KI270723v1_random	38115	647	2
chr14_KI270724v1_random	39555	1032	0
chr14_KI270725v1_random	172810	3270	0
chr14_KI270726v1_random	43739	286	0
chr15	101991189	2008924	22
chr15_KI270727v1_random	448248	15382	0
chr16	90338345	1952437	20
chr16_KI270728v1_random	1872759	27670	0
chr17	83257441	2622360	16
chr17_GL000205v2_random	185591	4423	0
chr17_KI270729v1_random	280839	1062	1
chr17_KI270730v1_random	112551	409	1
chr18	80373285	967550	10
chr19	58617616	2392738	473
chr1_KI270706v1_random	175055	3417	0
chr1_KI270707v1_random	32032	23	0
chr1_KI270708v1_random	127682	1248	0
chr1_KI270709v1_random	66860	792	0
chr1_KI270710v1_random	40176	33	0
chr1_KI270711v1_random	42210	25107	0
chr1_KI270712v1_random	176043	2174	0
chr1_KI270713v1_random	40745	3951	0
chr1_KI270714v1_random	41717	1564	0
chr2	242193529	4654107	60
chr20	64444167	1163804	11
chr21	46709983	588358	11
chr22	50818468	957298	10
chr22_KI270731v1_random	150754	2925	0
chr22_KI270732v1_random	41543	519	0
chr22_KI270733v1_random	179772	3370	0
chr22_KI270734v1_random	165050	4193	0
chr22_KI270735v1_random	42811	267	0
chr22_KI270736v1_random	181920	292	0
chr22_KI270737v1_random	103838	175	0
chr22_KI270738v1_random	99375	69	0
chr22_KI270739v1_random	73985	19	0
chr2_KI270715v1_random	161471	66	0
chr2_KI270716v1_random	153799	58	0
chr3	198295559	3252054	29
chr3_GL000221v1_random	155397	4771	0
chr4	190214555	2436875	26
chr4_GL000008v2_random	209709	2639	0
chr5	181538259	2556399	34
chr5_GL000208v1_random	92689	50	0
chr6	170805979	2549482	29
chr7	159345973	2915028	27
chr8	145138636	1906381	23
chr9	138394717	2312153	21
chr9_KI270717v1_random	40062	938	0
chr9_KI270718v1_random	38054	1196	0
chr9_KI270719v1_random	176845	3093	0
chr9_KI270720v1_random	39050	1819	0
chr1_KI270762v1_alt	354444	5179	1
chr1_KI270766v1_alt	256271	17558	1
chr1_KI270760v1_alt	109528	30	0
chr1_KI270765v1_alt	185285	1706	0
chr1_GL383518v1_alt	182439	5684	0
chr1_GL383519v1_alt	110268	6524	0
chr1_GL383520v2_alt	366580	2363	0
chr1_KI270764v1_alt	50258	2	0
chr1_KI270763v1_alt	911658	8855	0
chr1_KI270759v1_alt	425601	1821	0
chr1_KI270761v1_alt	165834	3596	0
chr2_KI270770v1_alt	136240	71	0
chr2_KI270773v1_alt	70887	770	0
chr2_KI270774v1_alt	223625	3333	0
chr2_KI270769v1_alt	120616	1259	0
chr2_GL383521v1_alt	143390	113	0
chr2_KI270772v1_alt	133041	897	0
chr2_KI270775v1_alt	138019	41	0
chr2_KI270771v1_alt	110395	24	0
chr2_KI270768v1_alt	110099	1540	0
chr2_GL582966v2_alt	96131	2500	0
chr2_GL383522v1_alt	123821	4539	0
chr2_KI270776v1_alt	174166	920	0
chr2_KI270767v1_alt	161578	223	0
chr3_JH636055v2_alt	173151	2517	0
chr3_KI270783v1_alt	109187	34	0
chr3_KI270780v1_alt	224108	2566	0
chr3_GL383526v1_alt	180671	1207	0
chr3_KI270777v1_alt	173649	2901	0
chr3_KI270778v1_alt	248252	29	0
chr3_KI270781v1_alt	113034	60	0
chr3_KI270779v1_alt	205312	13989	0
chr3_KI270782v1_alt	162429	668	0
chr3_KI270784v1_alt	184404	3114	0
chr4_KI270790v1_alt	220246	188	0
chr4_GL383528v1_alt	376187	84	0
chr4_KI270787v1_alt	111943	45	0
chr4_GL000257v2_alt	586476	13298	0
chr4_KI270788v1_alt	158965	26	0
chr4_GL383527v1_alt	164536	3503	0
chr4_KI270785v1_alt	119912	37	0
chr4_KI270789v1_alt	205944	612	0
chr4_KI270786v1_alt	244096	27	0
chr5_KI270793v1_alt	126136	437	0
chr5_KI270792v1_alt	179043	1797	0
chr5_KI270791v1_alt	195710	3378	0
chr5_GL383532v1_alt	82728	18	0
chr5_GL949742v1_alt	226852	138	0
chr5_KI270794v1_alt	164558	995	0
chr5_GL339449v2_alt	1612928	32062	1
chr5_GL383530v1_alt	101241	19	0
chr5_KI270796v1_alt	172708	65	0
chr5_GL383531v1_alt	173459	22	0
chr5_KI270795v1_alt	131892	1155	0
chr6_GL000250v2_alt	4672374	6942	0
chr6_KI270800v1_alt	175808	944	0
chr6_KI270799v1_alt	152148	31	0
chr6_GL383533v1_alt	124736	419	0
chr6_KI270801v1_alt	870480	6002	0
chr6_KI270802v1_alt	75005	93	0
chr6_KB021644v2_alt	185823	51	0
chr6_KI270797v1_alt	197536	3830	0
chr6_KI270798v1_alt	271782	3178	0
chr7_KI270804v1_alt	157952	96	0
chr7_KI270809v1_alt	209586	5643	0
chr7_KI270806v1_alt	158166	2355	0
chr7_GL383534v2_alt	119183	3840	0
chr7_KI270803v1_alt	1111570	30956	0
chr7_KI270808v1_alt	271455	697	0
chr7_KI270807v1_alt	126434	35	0
chr7_KI270805v1_alt	209988	159	0
chr8_KI270818v1_alt	145606	75	0
chr8_KI270812v1_alt	282736	107	0
chr8_KI270811v1_alt	292436	180	0
chr8_KI270821v1_alt	985506	7492	0
chr8_KI270813v1_alt	300230	13805	0
chr8_KI270822v1_alt	624492	10695	0
chr8_KI270814v1_alt	141812	174	0
chr8_KI270810v1_alt	374415	77	0
chr8_KI270819v1_alt	133535	1231	0
chr8_KI270820v1_alt	36640	164	0
chr8_KI270817v1_alt	158983	893	0
chr8_KI270816v1_alt	305841	6285	0
chr8_KI270815v1_alt	132244	1049	0
chr9_GL383539v1_alt	162988	780	0
chr9_GL383540v1_alt	71551	1267	0
chr9_GL383541v1_alt	171286	1612	0
chr9_GL383542v1_alt	60032	831	0
chr9_KI270823v1_alt	439082	1862	0
chr10_GL383545v1_alt	179254	2006	0
chr10_KI270824v1_alt	181496	1175	0
chr10_GL383546v1_alt	309802	3011	0
chr10_KI270825v1_alt	188315	3088	0
chr11_KI270832v1_alt	210133	7865	0
chr11_KI270830v1_alt	177092	1535	0
chr11_KI270831v1_alt	296895	6223	0
chr11_KI270829v1_alt	204059	2133	0
chr11_GL383547v1_alt	154407	27	0
chr11_JH159136v1_alt	200998	5691	0
chr11_JH159137v1_alt	191409	1900	0
chr11_KI270827v1_alt	67707	33	0
chr11_KI270826v1_alt	186169	99	0
chr12_GL877875v1_alt	167313	2731	0
chr12_GL877876v1_alt	408271	8896	0
chr12_KI270837v1_alt	40090	2305	0
chr12_GL383549v1_alt	120804	24	0
chr12_KI270835v1_alt	238139	6453	0
chr12_GL383550v2_alt	169178	1573	0
chr12_GL383552v1_alt	138655	575	0
chr12_GL383553v2_alt	152874	2236	0
chr12_KI270834v1_alt	119498	6983	0
chr12_GL383551v1_alt	184319	31	0
chr12_KI270833v1_alt	76061	3021	0
chr12_KI270836v1_alt	56134	114	0
chr13_KI270840v1_alt	191684	2812	1
chr13_KI270839v1_alt	180306	649	0
chr13_KI270843v1_alt	103832	16	0
chr13_KI270841v1_alt	169134	50	0
chr13_KI270838v1_alt	306913	1677	0
chr13_KI270842v1_alt	37287	219	0
chr14_KI270844v1_alt	322166	5871	0
chr14_KI270847v1_alt	1511111	23979	0
chr14_KI270845v1_alt	180703	596	0
chr14_KI270846v1_alt	1351393	50647	1
chr15_KI270852v1_alt	478999	16720	0
chr15_KI270851v1_alt	263054	14452	0
chr15_KI270848v1_alt	327382	9068	0
chr15_GL383554v1_alt	296527	10403	1
chr15_KI270849v1_alt	244917	2204	0
chr15_GL383555v2_alt	388773	1249	0
chr15_KI270850v1_alt	430880	18911	0
chr16_KI270854v1_alt	134193	1501	0
chr16_KI270856v1_alt	63982	147	0
chr16_KI270855v1_alt	232857	4088	0
chr16_KI270853v1_alt	2659700	82813	1
chr16_GL383556v1_alt	192462	4751	0
chr16_GL383557v1_alt	89672	1643	0
chr17_GL383563v3_alt	375691	1601	0
chr17_KI270862v1_alt	391357	3542	0
chr17_KI270861v1_alt	196688	7853	0
chr17_KI270857v1_alt	2877074	85844	0
chr17_JH159146v1_alt	278131	9531	0
chr17_JH159147v1_alt	70345	3499	0
chr17_GL383564v2_alt	133151	6253	0
chr17_GL000258v2_alt	1821992	19348	0
chr17_GL383565v1_alt	223995	59	0
chr17_KI270858v1_alt	235827	150	0
chr17_KI270859v1_alt	108763	96	0
chr17_GL383566v1_alt	90219	51	0
chr17_KI270860v1_alt	178921	2025	0
chr18_KI270864v1_alt	111737	28	0
chr18_GL383567v1_alt	289831	1037	0
chr18_GL383570v1_alt	164789	49	0
chr18_GL383571v1_alt	198278	1212	0
chr18_GL383568v1_alt	104552	29	0
chr18_GL383569v1_alt	167950	44	0
chr18_GL383572v1_alt	159547	283	0
chr18_KI270863v1_alt	167999	1130	0
chr19_KI270868v1_alt	61734	827	0
chr19_KI270865v1_alt	52969	1094	0
chr19_GL383573v1_alt	385657	4279	0
chr19_GL383575v2_alt	170222	3082	0
chr19_GL383576v1_alt	188024	2705	0
chr19_GL383574v1_alt	155864	1449	1
chr19_KI270866v1_alt	43156	1191	0
chr19_KI270867v1_alt	233762	3280	0
chr19_GL949746v1_alt	987716	16576	0
chr20_GL383577v2_alt	128386	52	0
chr20_KI270869v1_alt	118774	2039	0
chr20_KI270871v1_alt	58661	852	0
chr20_KI270870v1_alt	183433	3102	1
chr21_GL383578v2_alt	63917	22	0
chr21_KI270874v1_alt	166743	44	0
chr21_KI270873v1_alt	143900	400	0
chr21_GL383579v2_alt	201197	91	0
chr21_GL383580v2_alt	74653	520	0
chr21_GL383581v2_alt	116689	3156	0
chr21_KI270872v1_alt	82692	1789	0
chr22_KI270875v1_alt	259914	4674	0
chr22_KI270878v1_alt	186262	1018	0
chr22_KI270879v1_alt	304135	7053	0
chr22_KI270876v1_alt	263666	2449	0
chr22_KI270877v1_alt	101331	887	0
chr22_GL383583v2_alt	96924	1007	0
chr22_GL383582v2_alt	162811	2700	0
chrX_KI270880v1_alt	284869	946	0
chrX_KI270881v1_alt	144206	629	0
chr19_KI270882v1_alt	248807	2150	0
chr19_KI270883v1_alt	170399	2461	0
chr19_KI270884v1_alt	157053	1926	0
chr19_KI270885v1_alt	171027	2052	0
chr19_KI270886v1_alt	204239	2067	0
chr19_KI270887v1_alt	209512	1766	0
chr19_KI270888v1_alt	155532	2119	0
chr19_KI270889v1_alt	170698	2179	0
chr19_KI270890v1_alt	184499	1670	0
chr19_KI270891v1_alt	170680	2184	0
chr1_KI270892v1_alt	162212	3539	0
chr2_KI270894v1_alt	214158	7145	0
chr2_KI270893v1_alt	161218	240	0
chr3_KI270895v1_alt	162896	3689	0
chr4_KI270896v1_alt	378547	5391	0
chr5_KI270897v1_alt	1144418	21593	0
chr5_KI270898v1_alt	130957	1335	0
chr6_GL000251v2_alt	4795265	24617	1
chr7_KI270899v1_alt	190869	2036	0
chr8_KI270901v1_alt	136959	46	0
chr8_KI270900v1_alt	318687	597	0
chr11_KI270902v1_alt	106711	25007	0
chr11_KI270903v1_alt	214625	2054	0
chr12_KI270904v1_alt	572349	11317	0
chr15_KI270906v1_alt	196384	5044	0
chr15_KI270905v1_alt	5161414	78644	0
chr17_KI270907v1_alt	137721	212	0
chr17_KI270910v1_alt	157099	2195	0
chr17_KI270909v1_alt	325800	16323	0
chr17_JH159148v1_alt	88070	955	0
chr17_KI270908v1_alt	1423190	22948	0
chr18_KI270912v1_alt	174061	53	0
chr18_KI270911v1_alt	157710	351	0
chr19_GL949747v2_alt	729520	6941	0
chr22_KB663609v1_alt	74013	1165	0
chrX_KI270913v1_alt	274009	1136	0
chr19_KI270914v1_alt	205194	2554	0
chr19_KI270915v1_alt	170665	2204	0
chr19_KI270916v1_alt	184516	1774	0
chr19_KI270917v1_alt	190932	2371	0
chr19_KI270918v1_alt	123111	1260	0
chr19_KI270919v1_alt	170701	3418	0
chr19_KI270920v1_alt	198005	1969	0
chr19_KI270921v1_alt	282224	2224	0
chr19_KI270922v1_alt	187935	2819	0
chr19_KI270923v1_alt	189352	4162	0
chr3_KI270924v1_alt	166540	5725	0
chr4_KI270925v1_alt	555799	795	0
chr6_GL000252v2_alt	4604811	22598	1
chr8_KI270926v1_alt	229282	1038	0
chr11_KI270927v1_alt	218612	16073	0
chr19_GL949748v2_alt	1064304	4403	0
chr22_KI270928v1_alt	176103	3428	0
chr19_KI270929v1_alt	186203	1932	0
chr19_KI270930v1_alt	200773	1674	0
chr19_KI270931v1_alt	170148	2221	0
chr19_KI270932v1_alt	215732	2459	0
chr19_KI270933v1_alt	170537	1981	0
chr19_GL000209v2_alt	177381	1817	0
chr3_KI270934v1_alt	163458	3550	0
chr6_GL000253v2_alt	4677643	10779	0
chr19_GL949749v2_alt	1091841	3123	0
chr3_KI270935v1_alt	197351	3691	0
chr6_GL000254v2_alt	4827813	17435	0
chr19_GL949750v2_alt	1066390	3110	0
chr3_KI270936v1_alt	164170	3365	0
chr6_GL000255v2_alt	4606388	18469	1
chr19_GL949751v2_alt	1002683	3567	0
chr3_KI270937v1_alt	165607	3523	0
chr6_GL000256v2_alt	4929269	19208	0
chr19_GL949752v1_alt	987100	14179	0
chr6_KI270758v1_alt	76752	168	0
chr19_GL949753v2_alt	796479	10527	0
chr19_KI270938v1_alt	1066800	18957	0
chrM	16569	976	0
chrUn_KI270302v1	2274	0	0
chrUn_KI270304v1	2165	0	0
chrUn_KI270303v1	1942	2	0
chrUn_KI270305v1	1472	0	0
chrUn_KI270322v1	21476	0	0
chrUn_KI270320v1	4416	0	0
chrUn_KI270310v1	1201	2	0
chrUn_KI270316v1	1444	0	0
chrUn_KI270315v1	2276	2	0
chrUn_KI270312v1	998	0	0
chrUn_KI270311v1	12399	4	0
chrUn_KI270317v1	37690	0	0
chrUn_KI270412v1	1179	0	0
chrUn_KI270411v1	2646	0	0
chrUn_KI270414v1	2489	0	0
chrUn_KI270419v1	1029	2	0
chrUn_KI270418v1	2145	0	0
chrUn_KI270420v1	2321	2	0
chrUn_KI270424v1	2140	0	0
chrUn_KI270417v1	2043	0	0
chrUn_KI270422v1	1445	0	0
chrUn_KI270423v1	981	0	0
chrUn_KI270425v1	1884	2	0
chrUn_KI270429v1	1361	2	0
chrUn_KI270442v1	392061	4213	4
chrUn_KI270466v1	1233	52	0
chrUn_KI270465v1	1774	7	0
chrUn_KI270467v1	3920	207	1
chrUn_KI270435v1	92983	84	0
chrUn_KI270438v1	112505	1251	1
chrUn_KI270468v1	4055	4	0
chrUn_KI270510v1	2415	7	0
chrUn_KI270509v1	2318	0	0
chrUn_KI270518v1	2186	4	0
chrUn_KI270508v1	1951	2	0
chrUn_KI270516v1	1300	0	0
chrUn_KI270512v1	22689	13	0
chrUn_KI270519v1	138126	119	0
chrUn_KI270522v1	5674	2	0
chrUn_KI270511v1	8127	10	0
chrUn_KI270515v1	6361	12	0
chrUn_KI270507v1	5353	4	0
chrUn_KI270517v1	3253	9	0
chrUn_KI270529v1	1899	0	0
chrUn_KI270528v1	2983	0	0
chrUn_KI270530v1	2168	2	0
chrUn_KI270539v1	993	0	0
chrUn_KI270538v1	91309	70	0
chrUn_KI270544v1	1202	0	0
chrUn_KI270548v1	1599	0	0
chrUn_KI270583v1	1400	2	0
chrUn_KI270587v1	2969	26	0
chrUn_KI270580v1	1553	0	0
chrUn_KI270581v1	7046	4	0
chrUn_KI270579v1	31033	4	0
chrUn_KI270589v1	44474	40	0
chrUn_KI270590v1	4685	5	0
chrUn_KI270584v1	4513	9	0
chrUn_KI270582v1	6504	4	0
chrUn_KI270588v1	6158	4	0
chrUn_KI270593v1	3041	0	0
chrUn_KI270591v1	5796	19	0
chrUn_KI270330v1	1652	10	0
chrUn_KI270329v1	1040	0	0
chrUn_KI270334v1	1368	0	0
chrUn_KI270333v1	2699	62	0
chrUn_KI270335v1	1048	0	0
chrUn_KI270338v1	1428	0	0
chrUn_KI270340v1	1428	1	0
chrUn_KI270336v1	1026	9	0
chrUn_KI270337v1	1121	36	0
chrUn_KI270363v1	1803	2	0
chrUn_KI270364v1	2855	2	0
chrUn_KI270362v1	3530	0	0
chrUn_KI270366v1	8320	2	0
chrUn_KI270378v1	1048	0	0
chrUn_KI270379v1	1045	0	0
chrUn_KI270389v1	1298	0	0
chrUn_KI270390v1	2387	0	0
chrUn_KI270387v1	1537	0	0
chrUn_KI270395v1	1143	4	0
chrUn_KI270396v1	1880	2	0
chrUn_KI270388v1	1216	0	0
chrUn_KI270394v1	970	0	0
chrUn_KI270386v1	1788	2	0
chrUn_KI270391v1	1484	0	0
chrUn_KI270383v1	1750	0	0
chrUn_KI270393v1	1308	2	0
chrUn_KI270384v1	1658	0	0
chrUn_KI270392v1	971	0	0
chrUn_KI270381v1	1930	0	0
chrUn_KI270385v1	990	0	0
chrUn_KI270382v1	4215	0	0
chrUn_KI270376v1	1136	0	0
chrUn_KI270374v1	2656	0	0
chrUn_KI270372v1	1650	0	0
chrUn_KI270373v1	1451	0	0
chrUn_KI270375v1	2378	0	0
chrUn_KI270371v1	2805	0	0
chrUn_KI270448v1	7992	11	0
chrUn_KI270521v1	7642	4	0
chrUn_GL000195v1	182896	867	0
chrUn_GL000219v1	179198	5193	2
chrUn_GL000220v1	161802	2556	0
chrUn_GL000224v1	179693	7239	0
chrUn_KI270741v1	157432	145	0
chrUn_GL000226v1	15008	74	0
chrUn_GL000213v1	164239	7129	0
chrUn_KI270743v1	210658	935	0
chrUn_KI270744v1	168472	5823	0
chrUn_KI270745v1	41891	77	0
chrUn_KI270746v1	66486	12699	3
chrUn_KI270747v1	198735	1021	0
chrUn_KI270748v1	93321	75	0
chrUn_KI270749v1	158759	1170	0
chrUn_KI270750v1	148850	2174	0
chrUn_KI270751v1	150742	1465	0
chrUn_KI270752v1	27745	0	0
chrUn_KI270753v1	62944	40	0
chrUn_KI270754v1	40191	108	0
chrUn_KI270755v1	36723	11	0
chrUn_KI270756v1	79590	88	0
chrUn_KI270757v1	71251	85	0
chrUn_GL000214v1	137718	1461	0
chrUn_KI270742v1	186739	4939	0
chrUn_GL000216v2	176608	886	1
chrUn_GL000218v1	161147	3732	0
chrX	156040895	1444695	14
chrY	57227415	329147	7
chrY_KI270740v1_random	37240	4	0
*	0	0	864
