Sample	Passed Filter	Low Quality	Too Many N	Low Complexity	Too Short	Too Long
ERR031854	97544206.0	14585198.0	26304.0	nan	0.0	0.0
ERR031893	84425864.0	14246998.0	6670.0	nan	0.0	0.0
ERR031925	100055680.0	19905142.0	24810.0	nan	0.0	0.0
ERR031976	89704046.0	9016924.0	82660.0	nan	0.0	0.0
ERR031982	87451822.0	8940392.0	23568.0	nan	0.0	0.0
ERR034521	112745510.0	11371860.0	4398.0	nan	0.0	0.0
ERR034553	123081478.0	13739708.0	10080.0	nan	0.0	0.0
ERR034626	86845814.0	10337362.0	55970.0	nan	0.0	0.0
ERR047840	104072458.0	12131020.0	251806.0	nan	0.0	0.0
ERR050746	116536736.0	7366420.0	27078.0	nan	0.0	0.0
ERR250439	78745726.0	6429548.0	67178.0	nan	0.0	0.0
ERR250457	64792872.0	4330220.0	57762.0	nan	0.0	0.0
ERR250529	61850922.0	3969576.0	26604.0	nan	0.0	0.0
ERR250603	63790844.0	4846820.0	1685182.0	nan	0.0	0.0
ERR250643	66831248.0	5874146.0	33830.0	nan	0.0	0.0
ERR250681	149271812.0	12836552.0	26986.0	nan	0.0	0.0
ERR250992	54589248.0	3408156.0	13604.0	nan	0.0	0.0
HG00097	54329488.0	3771330.0	154082.0	nan	0.0	0.0
HG00105	54122476.0	3689506.0	211850.0	nan	0.0	0.0
HG00106	61701560.0	3909492.0	249742.0	nan	0.0	0.0
HG00125	93022630.0	9221580.0	74910.0	nan	0.0	0.0
HG00145	177596056.0	58968018.0	82202.0	nan	0.0	0.0
HG00171	114999800.0	16284926.0	52466.0	nan	0.0	0.0
HG00173	67463386.0	2945504.0	175388.0	nan	0.0	0.0
HG00407	77875668.0	7389238.0	17468.0	nan	0.0	0.0
HG00956	75214010.0	4845718.0	17774.0	nan	0.0	0.0
HG01501	60976020.0	4350546.0	79578.0	nan	0.0	0.0
HG01503	48865006.0	5428786.0	71140.0	nan	0.0	0.0
HG01504	56112264.0	4852110.0	1093324.0	nan	0.0	0.0
HG01596	244774.0	0.0	0.0	nan	0.0	0.0
HG01880	110085962.0	8562196.0	9518.0	nan	0.0	0.0
HG01882	118018526.0	8738582.0	2.0	nan	0.0	0.0
HG01886	341372266.0	25458816.0	3420.0	nan	0.0	0.0
HG01890	68728796.0	6195942.0	1364858.0	nan	0.0	0.0
HG02013	98335232.0	7348562.0	10802.0	nan	0.0	0.0
HG02651	69260630.0	4637310.0	11538.0	nan	0.0	0.0
HG02691	60113006.0	3173372.0	772.0	nan	0.0	0.0
HG02813	229362.0	0.0	0.0	nan	0.0	0.0
HG02814	228950.0	0.0	0.0	nan	0.0	0.0
HG02840	451152.0	0.0	0.0	nan	0.0	0.0
HG02878	191596.0	0.0	0.0	nan	0.0	0.0
HG02977	74245130.0	5946702.0	79248.0	nan	0.0	0.0
HG02981	59039552.0	3598604.0	11710.0	nan	0.0	0.0
HG02982	357180.0	0.0	0.0	nan	0.0	0.0
HG03139	64680076.0	4804178.0	41156.0	nan	0.0	0.0
HG03157	68847350.0	6008924.0	43774.0	nan	0.0	0.0
HG03267	63390636.0	4878804.0	54922.0	nan	0.0	0.0
HG03603	83109138.0	4748646.0	43028.0	nan	0.0	0.0
HG03672	55015578.0	5053920.0	39752.0	nan	0.0	0.0
HG03723	62165860.0	7697386.0	37004.0	nan	0.0	0.0
HG03790	72706226.0	4646474.0	32112.0	nan	0.0	0.0
HG03814	46285058.0	2325058.0	2148.0	nan	0.0	0.0
NA06989	475622.0	0.0	0.0	nan	0.0	0.0
NA18488	181349908.0	56312838.0	88568.0	nan	0.0	0.0
NA18498	79374090.0	22360350.0	14962.0	nan	0.0	0.0
NA18499	589692.0	0.0	0.0	nan	0.0	0.0
NA18530	113351028.0	14034728.0	20956.0	nan	0.0	0.0
NA18946	153870.0	0.0	0.0	nan	0.0	0.0
NA19001	248644.0	0.0	0.0	nan	0.0	0.0
NA19020	46423998.0	1822724.0	58974.0	nan	0.0	0.0
NA19922	65519962.0	2706154.0	234746.0	nan	0.0	0.0
NA20274	49457452.0	10305980.0	214220.0	nan	0.0	0.0
NA20342	50725770.0	2139050.0	51402.0	nan	0.0	0.0
NA20351	79277582.0	3081730.0	518628.0	nan	0.0	0.0
NA20355	45915500.0	9781118.0	104974.0	nan	0.0	0.0
NA20503	74859046.0	5233300.0	380662.0	nan	0.0	0.0
NA20507	54142186.0	2378676.0	35368.0	nan	0.0	0.0
NA20511	58332838.0	11671756.0	154604.0	nan	0.0	0.0
NA20864	106060260.0	9082038.0	40208.0	nan	0.0	0.0
NA21092	59688944.0	3655130.0	128182.0	nan	0.0	0.0
SRR070532	48765182.0	4319188.0	181930.0	nan	0.0	0.0
SRR077439	52699776.0	2600860.0	65794.0	nan	0.0	0.0
SRR077476	50401418.0	3076698.0	16680.0	nan	0.0	0.0
SRR100000	129494272.0	89465848.0	14202.0	nan	0.0	0.0
SRR100031	137394750.0	47975094.0	31810.0	nan	0.0	0.0
SRR231651	142291706.0	20539048.0	140960.0	nan	0.0	0.0
SRR393023	4067860.0	27120.0	3800.0	nan	0.0	0.0
SRR591803	7053342.0	705930.0	6172.0	nan	0.0	0.0
SRR702079	64136124.0	2345234.0	385274.0	nan	0.0	0.0
SRR708372	72332428.0	2908096.0	434436.0	nan	0.0	0.0
SRR708381	63052592.0	3045974.0	91478.0	nan	0.0	0.0
SRR708382	74921238.0	2581152.0	490156.0	nan	0.0	0.0
SRR710114	70135442.0	4913610.0	94010.0	nan	0.0	0.0
SRR715103	61529458.0	3697096.0	87038.0	nan	0.0	0.0
SRR716435	64765384.0	3106792.0	87008.0	nan	0.0	0.0
SRR716436	46484980.0	2248128.0	55076.0	nan	0.0	0.0
SRR742200	49879746.0	1366962.0	5548.0	nan	0.0	0.0
SRR748280	59358682.0	1518488.0	293394.0	nan	0.0	0.0
SRR748295	49135804.0	1408476.0	5482.0	nan	0.0	0.0
SRR748552	54489884.0	2910466.0	41288.0	nan	0.0	0.0
SRR748557	72035500.0	3045914.0	350660.0	nan	0.0	0.0
SRR768533	60025674.0	3834260.0	50902.0	nan	0.0	0.0
SRR787670	3888156.0	220754.0	988.0	nan	0.0	0.0
SRR787690	3148126.0	155212.0	706.0	nan	0.0	0.0
SRR787697	3507154.0	230814.0	2066.0	nan	0.0	0.0
SRR792098	27904086.0	1986824.0	1562.0	nan	0.0	0.0
SRR867663	8793154.0	573698.0	7922.0	nan	0.0	0.0
