chr1	248956422	6645297	79
chr10	133797422	2862846	37
chr11	135086622	3269414	80
chr11_KI270721v1_random	100316	320	0
chr12	133275309	3437581	39
chr13	114364328	1337037	22
chr14	107043718	2048082	20
chr14_GL000009v2_random	201709	4121	0
chr14_GL000225v1_random	211173	1950	1
chr14_KI270722v1_random	194050	2488	0
chr14_GL000194v1_random	191469	6157	0
chr14_KI270723v1_random	38115	850	1
chr14_KI270724v1_random	39555	1507	0
chr14_KI270725v1_random	172810	3838	0
chr14_KI270726v1_random	43739	245	0
chr15	101991189	2286572	39
chr15_KI270727v1_random	448248	7329	0
chr16	90338345	2336443	23
chr16_KI270728v1_random	1872759	25883	0
chr17	83257441	3213821	38
chr17_GL000205v2_random	185591	4686	0
chr17_KI270729v1_random	280839	1324	1
chr17_KI270730v1_random	112551	442	0
chr18	80373285	1089917	10
chr19	58617616	2932861	557
chr1_KI270706v1_random	175055	4107	0
chr1_KI270707v1_random	32032	37	0
chr1_KI270708v1_random	127682	2740	0
chr1_KI270709v1_random	66860	612	0
chr1_KI270710v1_random	40176	50	0
chr1_KI270711v1_random	42210	17931	0
chr1_KI270712v1_random	176043	3000	0
chr1_KI270713v1_random	40745	3606	0
chr1_KI270714v1_random	41717	1134	0
chr2	242193529	5423611	69
chr20	64444167	1373562	16
chr21	46709983	691261	12
chr22	50818468	1152589	9
chr22_KI270731v1_random	150754	4046	2
chr22_KI270732v1_random	41543	284	0
chr22_KI270733v1_random	179772	6319	0
chr22_KI270734v1_random	165050	5105	0
chr22_KI270735v1_random	42811	298	0
chr22_KI270736v1_random	181920	520	2
chr22_KI270737v1_random	103838	279	0
chr22_KI270738v1_random	99375	77	0
chr22_KI270739v1_random	73985	20	0
chr2_KI270715v1_random	161471	46	0
chr2_KI270716v1_random	153799	84	0
chr3	198295559	3808651	31
chr3_GL000221v1_random	155397	4754	0
chr4	190214555	2793129	28
chr4_GL000008v2_random	209709	2891	0
chr5	181538259	2979738	37
chr5_GL000208v1_random	92689	80	0
chr6	170805979	2973837	40
chr7	159345973	3411997	26
chr8	145138636	2230221	18
chr9	138394717	2690995	23
chr9_KI270717v1_random	40062	838	0
chr9_KI270718v1_random	38054	1149	1
chr9_KI270719v1_random	176845	4017	0
chr9_KI270720v1_random	39050	1875	0
chr1_KI270762v1_alt	354444	5900	0
chr1_KI270766v1_alt	256271	23621	0
chr1_KI270760v1_alt	109528	48	0
chr1_KI270765v1_alt	185285	2084	0
chr1_GL383518v1_alt	182439	7269	0
chr1_GL383519v1_alt	110268	8453	0
chr1_GL383520v2_alt	366580	2883	0
chr1_KI270764v1_alt	50258	35	0
chr1_KI270763v1_alt	911658	10487	0
chr1_KI270759v1_alt	425601	2103	0
chr1_KI270761v1_alt	165834	4079	0
chr2_KI270770v1_alt	136240	80	0
chr2_KI270773v1_alt	70887	684	0
chr2_KI270774v1_alt	223625	3437	0
chr2_KI270769v1_alt	120616	1325	0
chr2_GL383521v1_alt	143390	97	0
chr2_KI270772v1_alt	133041	1132	0
chr2_KI270775v1_alt	138019	48	0
chr2_KI270771v1_alt	110395	33	0
chr2_KI270768v1_alt	110099	1854	0
chr2_GL582966v2_alt	96131	2807	0
chr2_GL383522v1_alt	123821	5379	0
chr2_KI270776v1_alt	174166	1064	0
chr2_KI270767v1_alt	161578	287	0
chr3_JH636055v2_alt	173151	2613	0
chr3_KI270783v1_alt	109187	54	0
chr3_KI270780v1_alt	224108	2652	0
chr3_GL383526v1_alt	180671	1362	0
chr3_KI270777v1_alt	173649	3328	0
chr3_KI270778v1_alt	248252	55	0
chr3_KI270781v1_alt	113034	61	0
chr3_KI270779v1_alt	205312	7862	0
chr3_KI270782v1_alt	162429	793	0
chr3_KI270784v1_alt	184404	4182	0
chr4_KI270790v1_alt	220246	181	0
chr4_GL383528v1_alt	376187	100	0
chr4_KI270787v1_alt	111943	47	0
chr4_GL000257v2_alt	586476	15564	0
chr4_KI270788v1_alt	158965	66	0
chr4_GL383527v1_alt	164536	4031	0
chr4_KI270785v1_alt	119912	28	0
chr4_KI270789v1_alt	205944	735	0
chr4_KI270786v1_alt	244096	44	0
chr5_KI270793v1_alt	126136	493	0
chr5_KI270792v1_alt	179043	1789	0
chr5_KI270791v1_alt	195710	3774	0
chr5_GL383532v1_alt	82728	13	0
chr5_GL949742v1_alt	226852	134	0
chr5_KI270794v1_alt	164558	995	0
chr5_GL339449v2_alt	1612928	38344	0
chr5_GL383530v1_alt	101241	37	0
chr5_KI270796v1_alt	172708	49	0
chr5_GL383531v1_alt	173459	54	0
chr5_KI270795v1_alt	131892	1626	0
chr6_GL000250v2_alt	4672374	7163	0
chr6_KI270800v1_alt	175808	983	0
chr6_KI270799v1_alt	152148	44	0
chr6_GL383533v1_alt	124736	657	0
chr6_KI270801v1_alt	870480	6917	0
chr6_KI270802v1_alt	75005	113	0
chr6_KB021644v2_alt	185823	89	0
chr6_KI270797v1_alt	197536	4495	0
chr6_KI270798v1_alt	271782	3620	0
chr7_KI270804v1_alt	157952	121	0
chr7_KI270809v1_alt	209586	7490	0
chr7_KI270806v1_alt	158166	2760	0
chr7_GL383534v2_alt	119183	4416	0
chr7_KI270803v1_alt	1111570	38303	0
chr7_KI270808v1_alt	271455	808	0
chr7_KI270807v1_alt	126434	68	0
chr7_KI270805v1_alt	209988	218	0
chr8_KI270818v1_alt	145606	78	0
chr8_KI270812v1_alt	282736	144	0
chr8_KI270811v1_alt	292436	224	0
chr8_KI270821v1_alt	985506	8403	0
chr8_KI270813v1_alt	300230	17770	0
chr8_KI270822v1_alt	624492	11557	0
chr8_KI270814v1_alt	141812	297	0
chr8_KI270810v1_alt	374415	153	0
chr8_KI270819v1_alt	133535	1445	0
chr8_KI270820v1_alt	36640	221	0
chr8_KI270817v1_alt	158983	1048	0
chr8_KI270816v1_alt	305841	8113	0
chr8_KI270815v1_alt	132244	1134	0
chr9_GL383539v1_alt	162988	771	0
chr9_GL383540v1_alt	71551	1333	0
chr9_GL383541v1_alt	171286	1765	0
chr9_GL383542v1_alt	60032	961	0
chr9_KI270823v1_alt	439082	2232	0
chr10_GL383545v1_alt	179254	2371	0
chr10_KI270824v1_alt	181496	1239	0
chr10_GL383546v1_alt	309802	3471	0
chr10_KI270825v1_alt	188315	3353	0
chr11_KI270832v1_alt	210133	9639	0
chr11_KI270830v1_alt	177092	1333	0
chr11_KI270831v1_alt	296895	6675	0
chr11_KI270829v1_alt	204059	2315	0
chr11_GL383547v1_alt	154407	50	0
chr11_JH159136v1_alt	200998	5951	0
chr11_JH159137v1_alt	191409	2218	0
chr11_KI270827v1_alt	67707	31	1
chr11_KI270826v1_alt	186169	103	0
chr12_GL877875v1_alt	167313	2584	0
chr12_GL877876v1_alt	408271	8120	0
chr12_KI270837v1_alt	40090	3007	0
chr12_GL383549v1_alt	120804	55	0
chr12_KI270835v1_alt	238139	7389	0
chr12_GL383550v2_alt	169178	1756	0
chr12_GL383552v1_alt	138655	671	0
chr12_GL383553v2_alt	152874	2343	0
chr12_KI270834v1_alt	119498	8343	0
chr12_GL383551v1_alt	184319	51	0
chr12_KI270833v1_alt	76061	3410	0
chr12_KI270836v1_alt	56134	113	0
chr13_KI270840v1_alt	191684	3621	0
chr13_KI270839v1_alt	180306	789	0
chr13_KI270843v1_alt	103832	44	0
chr13_KI270841v1_alt	169134	48	0
chr13_KI270838v1_alt	306913	1819	0
chr13_KI270842v1_alt	37287	239	0
chr14_KI270844v1_alt	322166	7396	0
chr14_KI270847v1_alt	1511111	28480	0
chr14_KI270845v1_alt	180703	696	1
chr14_KI270846v1_alt	1351393	45645	1
chr15_KI270852v1_alt	478999	8044	0
chr15_KI270851v1_alt	263054	15324	0
chr15_KI270848v1_alt	327382	10614	0
chr15_GL383554v1_alt	296527	9300	0
chr15_KI270849v1_alt	244917	3482	0
chr15_GL383555v2_alt	388773	1537	0
chr15_KI270850v1_alt	430880	19643	0
chr16_KI270854v1_alt	134193	1945	0
chr16_KI270856v1_alt	63982	245	0
chr16_KI270855v1_alt	232857	4984	0
chr16_KI270853v1_alt	2659700	92699	0
chr16_GL383556v1_alt	192462	3708	0
chr16_GL383557v1_alt	89672	2052	0
chr17_GL383563v3_alt	375691	1456	0
chr17_KI270862v1_alt	391357	4123	0
chr17_KI270861v1_alt	196688	10400	0
chr17_KI270857v1_alt	2877074	117111	0
chr17_JH159146v1_alt	278131	9726	0
chr17_JH159147v1_alt	70345	2794	0
chr17_GL383564v2_alt	133151	8586	0
chr17_GL000258v2_alt	1821992	13458	0
chr17_GL383565v1_alt	223995	68	0
chr17_KI270858v1_alt	235827	194	0
chr17_KI270859v1_alt	108763	115	0
chr17_GL383566v1_alt	90219	75	0
chr17_KI270860v1_alt	178921	2573	0
chr18_KI270864v1_alt	111737	60	0
chr18_GL383567v1_alt	289831	1302	0
chr18_GL383570v1_alt	164789	65	0
chr18_GL383571v1_alt	198278	1385	0
chr18_GL383568v1_alt	104552	39	0
chr18_GL383569v1_alt	167950	59	0
chr18_GL383572v1_alt	159547	293	0
chr18_KI270863v1_alt	167999	1151	0
chr19_KI270868v1_alt	61734	1216	0
chr19_KI270865v1_alt	52969	1422	0
chr19_GL383573v1_alt	385657	4892	0
chr19_GL383575v2_alt	170222	3342	0
chr19_GL383576v1_alt	188024	2866	0
chr19_GL383574v1_alt	155864	1903	0
chr19_KI270866v1_alt	43156	1442	0
chr19_KI270867v1_alt	233762	4249	0
chr19_GL949746v1_alt	987716	21068	0
chr20_GL383577v2_alt	128386	74	0
chr20_KI270869v1_alt	118774	2104	0
chr20_KI270871v1_alt	58661	968	0
chr20_KI270870v1_alt	183433	3740	0
chr21_GL383578v2_alt	63917	46	0
chr21_KI270874v1_alt	166743	67	0
chr21_KI270873v1_alt	143900	402	0
chr21_GL383579v2_alt	201197	87	0
chr21_GL383580v2_alt	74653	632	0
chr21_GL383581v2_alt	116689	3995	0
chr21_KI270872v1_alt	82692	2064	0
chr22_KI270875v1_alt	259914	5146	0
chr22_KI270878v1_alt	186262	1010	1
chr22_KI270879v1_alt	304135	8838	0
chr22_KI270876v1_alt	263666	3096	0
chr22_KI270877v1_alt	101331	1162	0
chr22_GL383583v2_alt	96924	1225	0
chr22_GL383582v2_alt	162811	3385	0
chrX_KI270880v1_alt	284869	1103	0
chrX_KI270881v1_alt	144206	687	0
chr19_KI270882v1_alt	248807	1706	0
chr19_KI270883v1_alt	170399	2914	0
chr19_KI270884v1_alt	157053	1486	0
chr19_KI270885v1_alt	171027	4348	0
chr19_KI270886v1_alt	204239	1607	0
chr19_KI270887v1_alt	209512	2892	0
chr19_KI270888v1_alt	155532	2837	0
chr19_KI270889v1_alt	170698	4407	0
chr19_KI270890v1_alt	184499	1343	0
chr19_KI270891v1_alt	170680	3986	0
chr1_KI270892v1_alt	162212	4166	0
chr2_KI270894v1_alt	214158	3705	0
chr2_KI270893v1_alt	161218	283	0
chr3_KI270895v1_alt	162896	2980	0
chr4_KI270896v1_alt	378547	5745	0
chr5_KI270897v1_alt	1144418	23205	1
chr5_KI270898v1_alt	130957	1575	0
chr6_GL000251v2_alt	4795265	29860	0
chr7_KI270899v1_alt	190869	1967	0
chr8_KI270901v1_alt	136959	78	0
chr8_KI270900v1_alt	318687	950	0
chr11_KI270902v1_alt	106711	24497	0
chr11_KI270903v1_alt	214625	2873	0
chr12_KI270904v1_alt	572349	14207	0
chr15_KI270906v1_alt	196384	5905	0
chr15_KI270905v1_alt	5161414	85612	2
chr17_KI270907v1_alt	137721	203	0
chr17_KI270910v1_alt	157099	2302	0
chr17_KI270909v1_alt	325800	33209	0
chr17_JH159148v1_alt	88070	1691	0
chr17_KI270908v1_alt	1423190	26158	0
chr18_KI270912v1_alt	174061	47	0
chr18_KI270911v1_alt	157710	284	0
chr19_GL949747v2_alt	729520	8394	0
chr22_KB663609v1_alt	74013	1346	0
chrX_KI270913v1_alt	274009	914	1
chr19_KI270914v1_alt	205194	2346	0
chr19_KI270915v1_alt	170665	4360	0
chr19_KI270916v1_alt	184516	1520	0
chr19_KI270917v1_alt	190932	4534	0
chr19_KI270918v1_alt	123111	2488	0
chr19_KI270919v1_alt	170701	3294	0
chr19_KI270920v1_alt	198005	4168	0
chr19_KI270921v1_alt	282224	1843	0
chr19_KI270922v1_alt	187935	3742	0
chr19_KI270923v1_alt	189352	1779	0
chr3_KI270924v1_alt	166540	3600	0
chr4_KI270925v1_alt	555799	862	0
chr6_GL000252v2_alt	4604811	25789	0
chr8_KI270926v1_alt	229282	939	0
chr11_KI270927v1_alt	218612	17665	0
chr19_GL949748v2_alt	1064304	3896	0
chr22_KI270928v1_alt	176103	4713	0
chr19_KI270929v1_alt	186203	8763	0
chr19_KI270930v1_alt	200773	1953	0
chr19_KI270931v1_alt	170148	4022	0
chr19_KI270932v1_alt	215732	1905	0
chr19_KI270933v1_alt	170537	2975	0
chr19_GL000209v2_alt	177381	1214	0
chr3_KI270934v1_alt	163458	2929	0
chr6_GL000253v2_alt	4677643	17380	0
chr19_GL949749v2_alt	1091841	4127	0
chr3_KI270935v1_alt	197351	11346	0
chr6_GL000254v2_alt	4827813	22456	0
chr19_GL949750v2_alt	1066390	3635	0
chr3_KI270936v1_alt	164170	3109	0
chr6_GL000255v2_alt	4606388	24755	0
chr19_GL949751v2_alt	1002683	4774	0
chr3_KI270937v1_alt	165607	3208	0
chr6_GL000256v2_alt	4929269	23077	0
chr19_GL949752v1_alt	987100	20757	0
chr6_KI270758v1_alt	76752	50	0
chr19_GL949753v2_alt	796479	11330	1
chr19_KI270938v1_alt	1066800	24086	0
chrM	16569	20576	0
chrUn_KI270302v1	2274	1	0
chrUn_KI270304v1	2165	0	0
chrUn_KI270303v1	1942	0	0
chrUn_KI270305v1	1472	0	0
chrUn_KI270322v1	21476	0	0
chrUn_KI270320v1	4416	2	0
chrUn_KI270310v1	1201	4	0
chrUn_KI270316v1	1444	0	0
chrUn_KI270315v1	2276	0	0
chrUn_KI270312v1	998	0	0
chrUn_KI270311v1	12399	2	0
chrUn_KI270317v1	37690	4	0
chrUn_KI270412v1	1179	0	0
chrUn_KI270411v1	2646	2	0
chrUn_KI270414v1	2489	1	0
chrUn_KI270419v1	1029	0	0
chrUn_KI270418v1	2145	0	0
chrUn_KI270420v1	2321	0	0
chrUn_KI270424v1	2140	4	0
chrUn_KI270417v1	2043	0	0
chrUn_KI270422v1	1445	0	0
chrUn_KI270423v1	981	2	0
chrUn_KI270425v1	1884	0	0
chrUn_KI270429v1	1361	0	0
chrUn_KI270442v1	392061	5524	1
chrUn_KI270466v1	1233	88	0
chrUn_KI270465v1	1774	11	0
chrUn_KI270467v1	3920	334	0
chrUn_KI270435v1	92983	114	0
chrUn_KI270438v1	112505	2516	0
chrUn_KI270468v1	4055	0	0
chrUn_KI270510v1	2415	6	0
chrUn_KI270509v1	2318	7	0
chrUn_KI270518v1	2186	2	0
chrUn_KI270508v1	1951	2	0
chrUn_KI270516v1	1300	6	0
chrUn_KI270512v1	22689	33	0
chrUn_KI270519v1	138126	172	0
chrUn_KI270522v1	5674	11	0
chrUn_KI270511v1	8127	8	0
chrUn_KI270515v1	6361	17	0
chrUn_KI270507v1	5353	6	0
chrUn_KI270517v1	3253	6	0
chrUn_KI270529v1	1899	4	0
chrUn_KI270528v1	2983	0	0
chrUn_KI270530v1	2168	2	0
chrUn_KI270539v1	993	0	0
chrUn_KI270538v1	91309	124	0
chrUn_KI270544v1	1202	4	0
chrUn_KI270548v1	1599	0	0
chrUn_KI270583v1	1400	4	0
chrUn_KI270587v1	2969	10	0
chrUn_KI270580v1	1553	6	0
chrUn_KI270581v1	7046	6	0
chrUn_KI270579v1	31033	12	0
chrUn_KI270589v1	44474	69	0
chrUn_KI270590v1	4685	18	0
chrUn_KI270584v1	4513	5	0
chrUn_KI270582v1	6504	7	0
chrUn_KI270588v1	6158	11	0
chrUn_KI270593v1	3041	4	0
chrUn_KI270591v1	5796	27	0
chrUn_KI270330v1	1652	55	0
chrUn_KI270329v1	1040	0	0
chrUn_KI270334v1	1368	7	0
chrUn_KI270333v1	2699	38	0
chrUn_KI270335v1	1048	3	0
chrUn_KI270338v1	1428	1	0
chrUn_KI270340v1	1428	6	0
chrUn_KI270336v1	1026	6	0
chrUn_KI270337v1	1121	66	0
chrUn_KI270363v1	1803	0	0
chrUn_KI270364v1	2855	3	0
chrUn_KI270362v1	3530	2	0
chrUn_KI270366v1	8320	1	0
chrUn_KI270378v1	1048	0	0
chrUn_KI270379v1	1045	0	0
chrUn_KI270389v1	1298	0	0
chrUn_KI270390v1	2387	0	0
chrUn_KI270387v1	1537	4	0
chrUn_KI270395v1	1143	1	0
chrUn_KI270396v1	1880	0	0
chrUn_KI270388v1	1216	0	0
chrUn_KI270394v1	970	2	0
chrUn_KI270386v1	1788	0	0
chrUn_KI270391v1	1484	0	0
chrUn_KI270383v1	1750	4	0
chrUn_KI270393v1	1308	0	0
chrUn_KI270384v1	1658	0	0
chrUn_KI270392v1	971	0	0
chrUn_KI270381v1	1930	2	0
chrUn_KI270385v1	990	2	0
chrUn_KI270382v1	4215	0	0
chrUn_KI270376v1	1136	0	0
chrUn_KI270374v1	2656	0	0
chrUn_KI270372v1	1650	0	0
chrUn_KI270373v1	1451	0	0
chrUn_KI270375v1	2378	0	0
chrUn_KI270371v1	2805	0	0
chrUn_KI270448v1	7992	7	0
chrUn_KI270521v1	7642	9	0
chrUn_GL000195v1	182896	853	0
chrUn_GL000219v1	179198	1273	0
chrUn_GL000220v1	161802	4606	0
chrUn_GL000224v1	179693	1934	0
chrUn_KI270741v1	157432	30	0
chrUn_GL000226v1	15008	45	0
chrUn_GL000213v1	164239	7994	0
chrUn_KI270743v1	210658	383	0
chrUn_KI270744v1	168472	8391	0
chrUn_KI270745v1	41891	89	0
chrUn_KI270746v1	66486	13921	2
chrUn_KI270747v1	198735	958	0
chrUn_KI270748v1	93321	118	0
chrUn_KI270749v1	158759	1546	1
chrUn_KI270750v1	148850	3486	0
chrUn_KI270751v1	150742	2577	0
chrUn_KI270752v1	27745	1	0
chrUn_KI270753v1	62944	71	0
chrUn_KI270754v1	40191	167	0
chrUn_KI270755v1	36723	10	0
chrUn_KI270756v1	79590	72	1
chrUn_KI270757v1	71251	136	0
chrUn_GL000214v1	137718	3044	0
chrUn_KI270742v1	186739	5871	0
chrUn_GL000216v2	176608	1459	1
chrUn_GL000218v1	161147	3746	0
chrX	156040895	1674061	18
chrY	57227415	355945	20
chrY_KI270740v1_random	37240	4	0
*	0	0	3056
