chr1	248956422	8374701	25
chr10	133797422	3273630	17
chr11	135086622	3733733	18
chr11_KI270721v1_random	100316	878	0
chr12	133275309	3595944	17
chr13	114364328	1460317	11
chr14	107043718	2193894	8
chr14_GL000009v2_random	201709	1993	0
chr14_GL000225v1_random	211173	3226	2
chr14_KI270722v1_random	194050	1632	0
chr14_GL000194v1_random	191469	2568	0
chr14_KI270723v1_random	38115	546	0
chr14_KI270724v1_random	39555	976	0
chr14_KI270725v1_random	172810	2352	0
chr14_KI270726v1_random	43739	346	0
chr15	101991189	2467818	16
chr15_KI270727v1_random	448248	8354	0
chr16	90338345	2659358	10
chr16_KI270728v1_random	1872759	46359	1
chr17	83257441	3735945	10
chr17_GL000205v2_random	185591	2873	0
chr17_KI270729v1_random	280839	3381	2
chr17_KI270730v1_random	112551	430	0
chr18	80373285	1164173	3
chr19	58617616	2898961	127
chr1_KI270706v1_random	175055	1661	0
chr1_KI270707v1_random	32032	50	0
chr1_KI270708v1_random	127682	1651	0
chr1_KI270709v1_random	66860	1165	0
chr1_KI270710v1_random	40176	90	0
chr1_KI270711v1_random	42210	16377	0
chr1_KI270712v1_random	176043	2756	0
chr1_KI270713v1_random	40745	6503	0
chr1_KI270714v1_random	41717	2201	0
chr2	242193529	6661789	28
chr20	64444167	1544788	13
chr21	46709983	764618	7
chr22	50818468	1466417	4
chr22_KI270731v1_random	150754	13340	0
chr22_KI270732v1_random	41543	88	0
chr22_KI270733v1_random	179772	4536	0
chr22_KI270734v1_random	165050	13877	0
chr22_KI270735v1_random	42811	247	0
chr22_KI270736v1_random	181920	794	7
chr22_KI270737v1_random	103838	265	1
chr22_KI270738v1_random	99375	263	0
chr22_KI270739v1_random	73985	19	0
chr2_KI270715v1_random	161471	52	0
chr2_KI270716v1_random	153799	95	0
chr3	198295559	4452911	9
chr3_GL000221v1_random	155397	1367	0
chr4	190214555	3241233	14
chr4_GL000008v2_random	209709	1430	0
chr5	181538259	3677097	29
chr5_GL000208v1_random	92689	73	0
chr6	170805979	3214095	11
chr7	159345973	3786996	18
chr8	145138636	2345799	5
chr9	138394717	3097785	12
chr9_KI270717v1_random	40062	667	0
chr9_KI270718v1_random	38054	2738	1
chr9_KI270719v1_random	176845	2474	0
chr9_KI270720v1_random	39050	3458	0
chr1_KI270762v1_alt	354444	7027	0
chr1_KI270766v1_alt	256271	40444	0
chr1_KI270760v1_alt	109528	221	0
chr1_KI270765v1_alt	185285	2934	0
chr1_GL383518v1_alt	182439	8517	0
chr1_GL383519v1_alt	110268	15182	1
chr1_GL383520v2_alt	366580	3701	0
chr1_KI270764v1_alt	50258	45	0
chr1_KI270763v1_alt	911658	18790	0
chr1_KI270759v1_alt	425601	3675	0
chr1_KI270761v1_alt	165834	13334	0
chr2_KI270770v1_alt	136240	199	0
chr2_KI270773v1_alt	70887	826	0
chr2_KI270774v1_alt	223625	2804	0
chr2_KI270769v1_alt	120616	3229	0
chr2_GL383521v1_alt	143390	166	0
chr2_KI270772v1_alt	133041	1083	0
chr2_KI270775v1_alt	138019	137	0
chr2_KI270771v1_alt	110395	82	0
chr2_KI270768v1_alt	110099	1863	0
chr2_GL582966v2_alt	96131	3756	0
chr2_GL383522v1_alt	123821	5887	0
chr2_KI270776v1_alt	174166	2107	0
chr2_KI270767v1_alt	161578	664	0
chr3_JH636055v2_alt	173151	3981	0
chr3_KI270783v1_alt	109187	102	0
chr3_KI270780v1_alt	224108	807	0
chr3_GL383526v1_alt	180671	1338	0
chr3_KI270777v1_alt	173649	3323	0
chr3_KI270778v1_alt	248252	91	0
chr3_KI270781v1_alt	113034	124	0
chr3_KI270779v1_alt	205312	6913	0
chr3_KI270782v1_alt	162429	1101	0
chr3_KI270784v1_alt	184404	6019	0
chr4_KI270790v1_alt	220246	176	0
chr4_GL383528v1_alt	376187	190	0
chr4_KI270787v1_alt	111943	115	0
chr4_GL000257v2_alt	586476	21989	0
chr4_KI270788v1_alt	158965	103	0
chr4_GL383527v1_alt	164536	3557	0
chr4_KI270785v1_alt	119912	104	0
chr4_KI270789v1_alt	205944	655	0
chr4_KI270786v1_alt	244096	118	0
chr5_KI270793v1_alt	126136	746	0
chr5_KI270792v1_alt	179043	2604	0
chr5_KI270791v1_alt	195710	4924	0
chr5_GL383532v1_alt	82728	51	0
chr5_GL949742v1_alt	226852	172	0
chr5_KI270794v1_alt	164558	1600	0
chr5_GL339449v2_alt	1612928	70867	0
chr5_GL383530v1_alt	101241	79	0
chr5_KI270796v1_alt	172708	121	0
chr5_GL383531v1_alt	173459	110	0
chr5_KI270795v1_alt	131892	4249	0
chr6_GL000250v2_alt	4672374	25070	0
chr6_KI270800v1_alt	175808	1860	0
chr6_KI270799v1_alt	152148	70	0
chr6_GL383533v1_alt	124736	780	0
chr6_KI270801v1_alt	870480	7720	0
chr6_KI270802v1_alt	75005	147	0
chr6_KB021644v2_alt	185823	201	0
chr6_KI270797v1_alt	197536	3378	0
chr6_KI270798v1_alt	271782	3246	0
chr7_KI270804v1_alt	157952	345	0
chr7_KI270809v1_alt	209586	7344	0
chr7_KI270806v1_alt	158166	5418	0
chr7_GL383534v2_alt	119183	3605	0
chr7_KI270803v1_alt	1111570	27569	0
chr7_KI270808v1_alt	271455	1152	0
chr7_KI270807v1_alt	126434	263	0
chr7_KI270805v1_alt	209988	456	0
chr8_KI270818v1_alt	145606	276	0
chr8_KI270812v1_alt	282736	514	0
chr8_KI270811v1_alt	292436	556	0
chr8_KI270821v1_alt	985506	11158	0
chr8_KI270813v1_alt	300230	60149	0
chr8_KI270822v1_alt	624492	10190	0
chr8_KI270814v1_alt	141812	432	0
chr8_KI270810v1_alt	374415	288	0
chr8_KI270819v1_alt	133535	1539	0
chr8_KI270820v1_alt	36640	231	0
chr8_KI270817v1_alt	158983	1231	0
chr8_KI270816v1_alt	305841	10389	0
chr8_KI270815v1_alt	132244	1519	0
chr9_GL383539v1_alt	162988	1221	0
chr9_GL383540v1_alt	71551	1586	0
chr9_GL383541v1_alt	171286	1347	0
chr9_GL383542v1_alt	60032	793	0
chr9_KI270823v1_alt	439082	2227	0
chr10_GL383545v1_alt	179254	2221	0
chr10_KI270824v1_alt	181496	1204	0
chr10_GL383546v1_alt	309802	4329	0
chr10_KI270825v1_alt	188315	4464	0
chr11_KI270832v1_alt	210133	6794	0
chr11_KI270830v1_alt	177092	1504	0
chr11_KI270831v1_alt	296895	6164	0
chr11_KI270829v1_alt	204059	3570	0
chr11_GL383547v1_alt	154407	114	0
chr11_JH159136v1_alt	200998	8622	0
chr11_JH159137v1_alt	191409	2609	0
chr11_KI270827v1_alt	67707	135	0
chr11_KI270826v1_alt	186169	328	0
chr12_GL877875v1_alt	167313	3084	0
chr12_GL877876v1_alt	408271	8966	0
chr12_KI270837v1_alt	40090	1651	0
chr12_GL383549v1_alt	120804	100	0
chr12_KI270835v1_alt	238139	1326	0
chr12_GL383550v2_alt	169178	1165	0
chr12_GL383552v1_alt	138655	1030	0
chr12_GL383553v2_alt	152874	2251	0
chr12_KI270834v1_alt	119498	8748	0
chr12_GL383551v1_alt	184319	212	0
chr12_KI270833v1_alt	76061	2958	0
chr12_KI270836v1_alt	56134	86	0
chr13_KI270840v1_alt	191684	1393	0
chr13_KI270839v1_alt	180306	809	0
chr13_KI270843v1_alt	103832	64	0
chr13_KI270841v1_alt	169134	94	0
chr13_KI270838v1_alt	306913	2774	0
chr13_KI270842v1_alt	37287	96	0
chr14_KI270844v1_alt	322166	6064	0
chr14_KI270847v1_alt	1511111	31395	1
chr14_KI270845v1_alt	180703	760	0
chr14_KI270846v1_alt	1351393	38853	2
chr15_KI270852v1_alt	478999	8679	0
chr15_KI270851v1_alt	263054	12179	0
chr15_KI270848v1_alt	327382	8213	0
chr15_GL383554v1_alt	296527	5416	0
chr15_KI270849v1_alt	244917	7999	0
chr15_GL383555v2_alt	388773	2790	0
chr15_KI270850v1_alt	430880	6835	0
chr16_KI270854v1_alt	134193	2383	0
chr16_KI270856v1_alt	63982	165	0
chr16_KI270855v1_alt	232857	6417	0
chr16_KI270853v1_alt	2659700	136464	1
chr16_GL383556v1_alt	192462	8852	0
chr16_GL383557v1_alt	89672	2186	0
chr17_GL383563v3_alt	375691	1904	0
chr17_KI270862v1_alt	391357	4592	0
chr17_KI270861v1_alt	196688	12388	0
chr17_KI270857v1_alt	2877074	93627	0
chr17_JH159146v1_alt	278131	13522	0
chr17_JH159147v1_alt	70345	7461	2
chr17_GL383564v2_alt	133151	6665	0
chr17_GL000258v2_alt	1821992	31688	0
chr17_GL383565v1_alt	223995	154	0
chr17_KI270858v1_alt	235827	238	0
chr17_KI270859v1_alt	108763	201	0
chr17_GL383566v1_alt	90219	169	0
chr17_KI270860v1_alt	178921	2585	0
chr18_KI270864v1_alt	111737	78	0
chr18_GL383567v1_alt	289831	1685	0
chr18_GL383570v1_alt	164789	138	0
chr18_GL383571v1_alt	198278	2304	0
chr18_GL383568v1_alt	104552	86	0
chr18_GL383569v1_alt	167950	189	0
chr18_GL383572v1_alt	159547	544	0
chr18_KI270863v1_alt	167999	1253	0
chr19_KI270868v1_alt	61734	837	0
chr19_KI270865v1_alt	52969	1106	0
chr19_GL383573v1_alt	385657	2362	0
chr19_GL383575v2_alt	170222	1651	0
chr19_GL383576v1_alt	188024	1817	0
chr19_GL383574v1_alt	155864	2058	0
chr19_KI270866v1_alt	43156	1505	0
chr19_KI270867v1_alt	233762	3477	0
chr19_GL949746v1_alt	987716	14946	0
chr20_GL383577v2_alt	128386	181	0
chr20_KI270869v1_alt	118774	2612	0
chr20_KI270871v1_alt	58661	1078	0
chr20_KI270870v1_alt	183433	4481	0
chr21_GL383578v2_alt	63917	36	0
chr21_KI270874v1_alt	166743	117	0
chr21_KI270873v1_alt	143900	489	0
chr21_GL383579v2_alt	201197	188	0
chr21_GL383580v2_alt	74653	1537	0
chr21_GL383581v2_alt	116689	4753	0
chr21_KI270872v1_alt	82692	1810	0
chr22_KI270875v1_alt	259914	5349	0
chr22_KI270878v1_alt	186262	1699	0
chr22_KI270879v1_alt	304135	31099	0
chr22_KI270876v1_alt	263666	2850	0
chr22_KI270877v1_alt	101331	1696	0
chr22_GL383583v2_alt	96924	1404	0
chr22_GL383582v2_alt	162811	5583	0
chrX_KI270880v1_alt	284869	720	0
chrX_KI270881v1_alt	144206	1024	0
chr19_KI270882v1_alt	248807	750	0
chr19_KI270883v1_alt	170399	578	0
chr19_KI270884v1_alt	157053	518	0
chr19_KI270885v1_alt	171027	596	0
chr19_KI270886v1_alt	204239	481	0
chr19_KI270887v1_alt	209512	785	0
chr19_KI270888v1_alt	155532	621	0
chr19_KI270889v1_alt	170698	619	0
chr19_KI270890v1_alt	184499	634	0
chr19_KI270891v1_alt	170680	1290	0
chr1_KI270892v1_alt	162212	13438	0
chr2_KI270894v1_alt	214158	3383	0
chr2_KI270893v1_alt	161218	636	0
chr3_KI270895v1_alt	162896	5600	0
chr4_KI270896v1_alt	378547	6255	0
chr5_KI270897v1_alt	1144418	39148	0
chr5_KI270898v1_alt	130957	4358	0
chr6_GL000251v2_alt	4795265	70605	0
chr7_KI270899v1_alt	190869	4021	0
chr8_KI270901v1_alt	136959	282	0
chr8_KI270900v1_alt	318687	1212	0
chr11_KI270902v1_alt	106711	18694	0
chr11_KI270903v1_alt	214625	2852	0
chr12_KI270904v1_alt	572349	12654	0
chr15_KI270906v1_alt	196384	2899	0
chr15_KI270905v1_alt	5161414	94235	0
chr17_KI270907v1_alt	137721	350	0
chr17_KI270910v1_alt	157099	2418	0
chr17_KI270909v1_alt	325800	11685	0
chr17_JH159148v1_alt	88070	2598	0
chr17_KI270908v1_alt	1423190	36274	0
chr18_KI270912v1_alt	174061	206	0
chr18_KI270911v1_alt	157710	453	0
chr19_GL949747v2_alt	729520	6441	0
chr22_KB663609v1_alt	74013	3197	0
chrX_KI270913v1_alt	274009	1643	0
chr19_KI270914v1_alt	205194	593	0
chr19_KI270915v1_alt	170665	610	0
chr19_KI270916v1_alt	184516	558	0
chr19_KI270917v1_alt	190932	753	0
chr19_KI270918v1_alt	123111	359	0
chr19_KI270919v1_alt	170701	549	0
chr19_KI270920v1_alt	198005	599	0
chr19_KI270921v1_alt	282224	748	0
chr19_KI270922v1_alt	187935	721	0
chr19_KI270923v1_alt	189352	654	0
chr3_KI270924v1_alt	166540	4974	0
chr4_KI270925v1_alt	555799	1177	0
chr6_GL000252v2_alt	4604811	66361	0
chr8_KI270926v1_alt	229282	1738	0
chr11_KI270927v1_alt	218612	14563	0
chr19_GL949748v2_alt	1064304	3459	0
chr22_KI270928v1_alt	176103	5963	0
chr19_KI270929v1_alt	186203	699	0
chr19_KI270930v1_alt	200773	542	0
chr19_KI270931v1_alt	170148	620	0
chr19_KI270932v1_alt	215732	666	0
chr19_KI270933v1_alt	170537	537	0
chr19_GL000209v2_alt	177381	681	0
chr3_KI270934v1_alt	163458	5632	0
chr6_GL000253v2_alt	4677643	42626	0
chr19_GL949749v2_alt	1091841	3240	0
chr3_KI270935v1_alt	197351	17376	0
chr6_GL000254v2_alt	4827813	57955	0
chr19_GL949750v2_alt	1066390	3477	0
chr3_KI270936v1_alt	164170	7301	0
chr6_GL000255v2_alt	4606388	60451	0
chr19_GL949751v2_alt	1002683	3675	0
chr3_KI270937v1_alt	165607	5210	0
chr6_GL000256v2_alt	4929269	60436	0
chr19_GL949752v1_alt	987100	15944	0
chr6_KI270758v1_alt	76752	1186	0
chr19_GL949753v2_alt	796479	9851	0
chr19_KI270938v1_alt	1066800	19146	0
chrM	16569	12571	0
chrUn_KI270302v1	2274	0	0
chrUn_KI270304v1	2165	2	0
chrUn_KI270303v1	1942	2	0
chrUn_KI270305v1	1472	0	0
chrUn_KI270322v1	21476	6	0
chrUn_KI270320v1	4416	4	0
chrUn_KI270310v1	1201	2	0
chrUn_KI270316v1	1444	0	0
chrUn_KI270315v1	2276	0	0
chrUn_KI270312v1	998	0	0
chrUn_KI270311v1	12399	2	0
chrUn_KI270317v1	37690	0	0
chrUn_KI270412v1	1179	0	0
chrUn_KI270411v1	2646	1	0
chrUn_KI270414v1	2489	2	0
chrUn_KI270419v1	1029	2	0
chrUn_KI270418v1	2145	2	0
chrUn_KI270420v1	2321	4	0
chrUn_KI270424v1	2140	0	0
chrUn_KI270417v1	2043	0	0
chrUn_KI270422v1	1445	0	0
chrUn_KI270423v1	981	0	0
chrUn_KI270425v1	1884	0	0
chrUn_KI270429v1	1361	2	0
chrUn_KI270442v1	392061	4900	1
chrUn_KI270466v1	1233	78	0
chrUn_KI270465v1	1774	4	0
chrUn_KI270467v1	3920	289	0
chrUn_KI270435v1	92983	149	1
chrUn_KI270438v1	112505	4288	2
chrUn_KI270468v1	4055	4	0
chrUn_KI270510v1	2415	4	0
chrUn_KI270509v1	2318	8	0
chrUn_KI270518v1	2186	9	0
chrUn_KI270508v1	1951	11	0
chrUn_KI270516v1	1300	3	0
chrUn_KI270512v1	22689	21	0
chrUn_KI270519v1	138126	161	0
chrUn_KI270522v1	5674	4	0
chrUn_KI270511v1	8127	6	0
chrUn_KI270515v1	6361	6	0
chrUn_KI270507v1	5353	8	0
chrUn_KI270517v1	3253	8	0
chrUn_KI270529v1	1899	0	0
chrUn_KI270528v1	2983	2	0
chrUn_KI270530v1	2168	0	0
chrUn_KI270539v1	993	0	0
chrUn_KI270538v1	91309	109	0
chrUn_KI270544v1	1202	4	0
chrUn_KI270548v1	1599	0	0
chrUn_KI270583v1	1400	2	0
chrUn_KI270587v1	2969	8	0
chrUn_KI270580v1	1553	2	0
chrUn_KI270581v1	7046	4	0
chrUn_KI270579v1	31033	8	0
chrUn_KI270589v1	44474	96	0
chrUn_KI270590v1	4685	14	0
chrUn_KI270584v1	4513	8	0
chrUn_KI270582v1	6504	2	0
chrUn_KI270588v1	6158	20	0
chrUn_KI270593v1	3041	4	0
chrUn_KI270591v1	5796	40	0
chrUn_KI270330v1	1652	46	0
chrUn_KI270329v1	1040	0	0
chrUn_KI270334v1	1368	6	0
chrUn_KI270333v1	2699	67	0
chrUn_KI270335v1	1048	6	0
chrUn_KI270338v1	1428	0	0
chrUn_KI270340v1	1428	2	0
chrUn_KI270336v1	1026	14	0
chrUn_KI270337v1	1121	55	0
chrUn_KI270363v1	1803	2	0
chrUn_KI270364v1	2855	2	0
chrUn_KI270362v1	3530	2	0
chrUn_KI270366v1	8320	2	0
chrUn_KI270378v1	1048	2	0
chrUn_KI270379v1	1045	0	0
chrUn_KI270389v1	1298	0	0
chrUn_KI270390v1	2387	0	0
chrUn_KI270387v1	1537	2	0
chrUn_KI270395v1	1143	0	0
chrUn_KI270396v1	1880	0	0
chrUn_KI270388v1	1216	0	0
chrUn_KI270394v1	970	2	0
chrUn_KI270386v1	1788	0	0
chrUn_KI270391v1	1484	0	0
chrUn_KI270383v1	1750	0	0
chrUn_KI270393v1	1308	0	0
chrUn_KI270384v1	1658	0	0
chrUn_KI270392v1	971	0	0
chrUn_KI270381v1	1930	0	0
chrUn_KI270385v1	990	0	0
chrUn_KI270382v1	4215	0	0
chrUn_KI270376v1	1136	0	0
chrUn_KI270374v1	2656	0	0
chrUn_KI270372v1	1650	2	0
chrUn_KI270373v1	1451	0	0
chrUn_KI270375v1	2378	0	0
chrUn_KI270371v1	2805	0	0
chrUn_KI270448v1	7992	2	0
chrUn_KI270521v1	7642	12	0
chrUn_GL000195v1	182896	654	0
chrUn_GL000219v1	179198	5077	1
chrUn_GL000220v1	161802	3812	0
chrUn_GL000224v1	179693	3570	0
chrUn_KI270741v1	157432	343	0
chrUn_GL000226v1	15008	48	0
chrUn_GL000213v1	164239	12201	0
chrUn_KI270743v1	210658	617	0
chrUn_KI270744v1	168472	5199	0
chrUn_KI270745v1	41891	52	0
chrUn_KI270746v1	66486	15148	1
chrUn_KI270747v1	198735	543	0
chrUn_KI270748v1	93321	78	0
chrUn_KI270749v1	158759	1804	0
chrUn_KI270750v1	148850	4905	0
chrUn_KI270751v1	150742	1167	0
chrUn_KI270752v1	27745	1	0
chrUn_KI270753v1	62944	179	0
chrUn_KI270754v1	40191	1790	0
chrUn_KI270755v1	36723	20	0
chrUn_KI270756v1	79590	139	1
chrUn_KI270757v1	71251	172	0
chrUn_GL000214v1	137718	1384	0
chrUn_KI270742v1	186739	1772	0
chrUn_GL000216v2	176608	2552	1
chrUn_GL000218v1	161147	2422	0
chrX	156040895	2579182	7
chrY	57227415	305258	18
chrY_KI270740v1_random	37240	17	0
*	0	0	112160
