chr1	248956422	11851226	174
chr10	133797422	5643698	100
chr11	135086622	6030783	223
chr11_KI270721v1_random	100316	885	0
chr12	133275309	6370451	146
chr13	114364328	2784051	122
chr14	107043718	3537016	49
chr14_GL000009v2_random	201709	10676	0
chr14_GL000225v1_random	211173	4672	25
chr14_KI270722v1_random	194050	1407	0
chr14_GL000194v1_random	191469	5690	0
chr14_KI270723v1_random	38115	1164	1
chr14_KI270724v1_random	39555	1642	1
chr14_KI270725v1_random	172810	1249	0
chr14_KI270726v1_random	43739	25	1
chr15	101991189	3730724	52
chr15_KI270727v1_random	448248	24284	0
chr16	90338345	3411536	58
chr16_KI270728v1_random	1872759	31812	0
chr17	83257441	5150770	95
chr17_GL000205v2_random	185591	14966	0
chr17_KI270729v1_random	280839	1622	4
chr17_KI270730v1_random	112551	577	4
chr18	80373285	2060739	58
chr19	58617616	4113236	134
chr1_KI270706v1_random	175055	10405	0
chr1_KI270707v1_random	32032	124	0
chr1_KI270708v1_random	127682	847	0
chr1_KI270709v1_random	66860	900	0
chr1_KI270710v1_random	40176	167	0
chr1_KI270711v1_random	42210	25979	0
chr1_KI270712v1_random	176043	3101	0
chr1_KI270713v1_random	40745	3509	0
chr1_KI270714v1_random	41717	3367	0
chr2	242193529	8258924	192
chr20	64444167	2746589	63
chr21	46709983	1286813	33
chr22	50818468	1845656	37
chr22_KI270731v1_random	150754	6647	0
chr22_KI270732v1_random	41543	437	0
chr22_KI270733v1_random	179772	6197	0
chr22_KI270734v1_random	165050	7633	3
chr22_KI270735v1_random	42811	433	0
chr22_KI270736v1_random	181920	1636	10
chr22_KI270737v1_random	103838	202	0
chr22_KI270738v1_random	99375	170	0
chr22_KI270739v1_random	73985	27	0
chr2_KI270715v1_random	161471	103	0
chr2_KI270716v1_random	153799	62	0
chr3	198295559	6676832	110
chr3_GL000221v1_random	155397	15001	0
chr4	190214555	5021109	109
chr4_GL000008v2_random	209709	9342	2
chr5	181538259	5398127	239
chr5_GL000208v1_random	92689	96	0
chr6	170805979	6001678	83
chr7	159345973	5732717	142
chr8	145138636	4154688	68
chr9	138394717	5103761	78
chr9_KI270717v1_random	40062	229	0
chr9_KI270718v1_random	38054	2758	0
chr9_KI270719v1_random	176845	2506	0
chr9_KI270720v1_random	39050	4109	0
chr1_KI270762v1_alt	354444	5767	0
chr1_KI270766v1_alt	256271	22255	0
chr1_KI270760v1_alt	109528	646	0
chr1_KI270765v1_alt	185285	2458	0
chr1_GL383518v1_alt	182439	15377	0
chr1_GL383519v1_alt	110268	13543	0
chr1_GL383520v2_alt	366580	7745	1
chr1_KI270764v1_alt	50258	166	0
chr1_KI270763v1_alt	911658	13557	0
chr1_KI270759v1_alt	425601	1832	0
chr1_KI270761v1_alt	165834	8067	0
chr2_KI270770v1_alt	136240	487	0
chr2_KI270773v1_alt	70887	292	0
chr2_KI270774v1_alt	223625	3904	0
chr2_KI270769v1_alt	120616	2933	0
chr2_GL383521v1_alt	143390	422	1
chr2_KI270772v1_alt	133041	723	0
chr2_KI270775v1_alt	138019	298	0
chr2_KI270771v1_alt	110395	240	0
chr2_KI270768v1_alt	110099	1736	0
chr2_GL582966v2_alt	96131	444	0
chr2_GL383522v1_alt	123821	4021	0
chr2_KI270776v1_alt	174166	1238	2
chr2_KI270767v1_alt	161578	978	0
chr3_JH636055v2_alt	173151	6674	0
chr3_KI270783v1_alt	109187	270	0
chr3_KI270780v1_alt	224108	1601	0
chr3_GL383526v1_alt	180671	2893	1
chr3_KI270777v1_alt	173649	1785	0
chr3_KI270778v1_alt	248252	403	0
chr3_KI270781v1_alt	113034	527	0
chr3_KI270779v1_alt	205312	3255	0
chr3_KI270782v1_alt	162429	2554	0
chr3_KI270784v1_alt	184404	2498	0
chr4_KI270790v1_alt	220246	491	0
chr4_GL383528v1_alt	376187	725	0
chr4_KI270787v1_alt	111943	335	0
chr4_GL000257v2_alt	586476	27539	0
chr4_KI270788v1_alt	158965	278	0
chr4_GL383527v1_alt	164536	8840	0
chr4_KI270785v1_alt	119912	321	0
chr4_KI270789v1_alt	205944	1521	0
chr4_KI270786v1_alt	244096	419	0
chr5_KI270793v1_alt	126136	1369	0
chr5_KI270792v1_alt	179043	4150	0
chr5_KI270791v1_alt	195710	8763	0
chr5_GL383532v1_alt	82728	99	0
chr5_GL949742v1_alt	226852	529	0
chr5_KI270794v1_alt	164558	2391	0
chr5_GL339449v2_alt	1612928	50450	2
chr5_GL383530v1_alt	101241	271	0
chr5_KI270796v1_alt	172708	411	0
chr5_GL383531v1_alt	173459	403	0
chr5_KI270795v1_alt	131892	1909	0
chr6_GL000250v2_alt	4672374	37595	0
chr6_KI270800v1_alt	175808	922	0
chr6_KI270799v1_alt	152148	252	0
chr6_GL383533v1_alt	124736	1447	0
chr6_KI270801v1_alt	870480	16100	1
chr6_KI270802v1_alt	75005	334	0
chr6_KB021644v2_alt	185823	687	0
chr6_KI270797v1_alt	197536	9354	0
chr6_KI270798v1_alt	271782	6688	0
chr7_KI270804v1_alt	157952	583	0
chr7_KI270809v1_alt	209586	10943	0
chr7_KI270806v1_alt	158166	7381	0
chr7_GL383534v2_alt	119183	4093	0
chr7_KI270803v1_alt	1111570	31453	0
chr7_KI270808v1_alt	271455	2988	0
chr7_KI270807v1_alt	126434	566	0
chr7_KI270805v1_alt	209988	1207	0
chr8_KI270818v1_alt	145606	794	0
chr8_KI270812v1_alt	282736	1565	0
chr8_KI270811v1_alt	292436	1109	0
chr8_KI270821v1_alt	985506	19974	1
chr8_KI270813v1_alt	300230	23003	0
chr8_KI270822v1_alt	624492	15998	0
chr8_KI270814v1_alt	141812	960	0
chr8_KI270810v1_alt	374415	987	0
chr8_KI270819v1_alt	133535	1513	0
chr8_KI270820v1_alt	36640	352	0
chr8_KI270817v1_alt	158983	2131	0
chr8_KI270816v1_alt	305841	8085	0
chr8_KI270815v1_alt	132244	659	0
chr9_GL383539v1_alt	162988	1626	0
chr9_GL383540v1_alt	71551	4307	0
chr9_GL383541v1_alt	171286	4129	0
chr9_GL383542v1_alt	60032	1586	0
chr9_KI270823v1_alt	439082	6273	0
chr10_GL383545v1_alt	179254	2591	0
chr10_KI270824v1_alt	181496	1691	0
chr10_GL383546v1_alt	309802	6145	0
chr10_KI270825v1_alt	188315	7769	0
chr11_KI270832v1_alt	210133	8850	0
chr11_KI270830v1_alt	177092	1440	0
chr11_KI270831v1_alt	296895	10201	0
chr11_KI270829v1_alt	204059	6908	0
chr11_GL383547v1_alt	154407	282	0
chr11_JH159136v1_alt	200998	12039	0
chr11_JH159137v1_alt	191409	3902	0
chr11_KI270827v1_alt	67707	369	0
chr11_KI270826v1_alt	186169	923	0
chr12_GL877875v1_alt	167313	3349	0
chr12_GL877876v1_alt	408271	8154	0
chr12_KI270837v1_alt	40090	2006	0
chr12_GL383549v1_alt	120804	317	0
chr12_KI270835v1_alt	238139	3211	0
chr12_GL383550v2_alt	169178	1556	0
chr12_GL383552v1_alt	138655	1272	0
chr12_GL383553v2_alt	152874	7172	1
chr12_KI270834v1_alt	119498	1864	0
chr12_GL383551v1_alt	184319	631	0
chr12_KI270833v1_alt	76061	6514	0
chr12_KI270836v1_alt	56134	184	0
chr13_KI270840v1_alt	191684	5395	0
chr13_KI270839v1_alt	180306	728	0
chr13_KI270843v1_alt	103832	202	0
chr13_KI270841v1_alt	169134	302	0
chr13_KI270838v1_alt	306913	5208	1
chr13_KI270842v1_alt	37287	194	0
chr14_KI270844v1_alt	322166	14331	0
chr14_KI270847v1_alt	1511111	59338	1
chr14_KI270845v1_alt	180703	1161	0
chr14_KI270846v1_alt	1351393	5218	0
chr15_KI270852v1_alt	478999	24507	0
chr15_KI270851v1_alt	263054	22029	0
chr15_KI270848v1_alt	327382	14417	0
chr15_GL383554v1_alt	296527	9065	1
chr15_KI270849v1_alt	244917	5431	0
chr15_GL383555v2_alt	388773	4749	0
chr15_KI270850v1_alt	430880	10704	0
chr16_KI270854v1_alt	134193	2681	0
chr16_KI270856v1_alt	63982	243	0
chr16_KI270855v1_alt	232857	8961	0
chr16_KI270853v1_alt	2659700	101545	1
chr16_GL383556v1_alt	192462	9652	0
chr16_GL383557v1_alt	89672	4615	0
chr17_GL383563v3_alt	375691	1865	0
chr17_KI270862v1_alt	391357	10586	0
chr17_KI270861v1_alt	196688	16068	0
chr17_KI270857v1_alt	2877074	127498	2
chr17_JH159146v1_alt	278131	17749	0
chr17_JH159147v1_alt	70345	3844	0
chr17_GL383564v2_alt	133151	12641	0
chr17_GL000258v2_alt	1821992	36133	0
chr17_GL383565v1_alt	223995	458	0
chr17_KI270858v1_alt	235827	747	0
chr17_KI270859v1_alt	108763	706	1
chr17_GL383566v1_alt	90219	326	0
chr17_KI270860v1_alt	178921	2352	0
chr18_KI270864v1_alt	111737	181	0
chr18_GL383567v1_alt	289831	2351	0
chr18_GL383570v1_alt	164789	515	0
chr18_GL383571v1_alt	198278	2742	0
chr18_GL383568v1_alt	104552	263	0
chr18_GL383569v1_alt	167950	609	0
chr18_GL383572v1_alt	159547	680	0
chr18_KI270863v1_alt	167999	2493	0
chr19_KI270868v1_alt	61734	1284	0
chr19_KI270865v1_alt	52969	174	0
chr19_GL383573v1_alt	385657	5760	1
chr19_GL383575v2_alt	170222	3182	0
chr19_GL383576v1_alt	188024	2709	0
chr19_GL383574v1_alt	155864	4717	0
chr19_KI270866v1_alt	43156	2539	0
chr19_KI270867v1_alt	233762	5821	0
chr19_GL949746v1_alt	987716	21072	0
chr20_GL383577v2_alt	128386	582	0
chr20_KI270869v1_alt	118774	4807	0
chr20_KI270871v1_alt	58661	1988	0
chr20_KI270870v1_alt	183433	7330	0
chr21_GL383578v2_alt	63917	193	0
chr21_KI270874v1_alt	166743	364	0
chr21_KI270873v1_alt	143900	1577	0
chr21_GL383579v2_alt	201197	369	0
chr21_GL383580v2_alt	74653	814	0
chr21_GL383581v2_alt	116689	8755	0
chr21_KI270872v1_alt	82692	3226	0
chr22_KI270875v1_alt	259914	5101	0
chr22_KI270878v1_alt	186262	3192	0
chr22_KI270879v1_alt	304135	14096	0
chr22_KI270876v1_alt	263666	6628	0
chr22_KI270877v1_alt	101331	3364	0
chr22_GL383583v2_alt	96924	2614	0
chr22_GL383582v2_alt	162811	6309	0
chrX_KI270880v1_alt	284869	690	1
chrX_KI270881v1_alt	144206	2851	0
chr19_KI270882v1_alt	248807	1177	0
chr19_KI270883v1_alt	170399	3582	0
chr19_KI270884v1_alt	157053	1432	0
chr19_KI270885v1_alt	171027	3659	0
chr19_KI270886v1_alt	204239	1443	0
chr19_KI270887v1_alt	209512	3038	0
chr19_KI270888v1_alt	155532	1884	0
chr19_KI270889v1_alt	170698	4377	0
chr19_KI270890v1_alt	184499	1036	0
chr19_KI270891v1_alt	170680	3409	0
chr1_KI270892v1_alt	162212	7916	0
chr2_KI270894v1_alt	214158	1292	0
chr2_KI270893v1_alt	161218	978	0
chr3_KI270895v1_alt	162896	2769	0
chr4_KI270896v1_alt	378547	5843	0
chr5_KI270897v1_alt	1144418	30013	0
chr5_KI270898v1_alt	130957	2262	0
chr6_GL000251v2_alt	4795265	92317	1
chr7_KI270899v1_alt	190869	631	0
chr8_KI270901v1_alt	136959	647	0
chr8_KI270900v1_alt	318687	1179	0
chr11_KI270902v1_alt	106711	725	0
chr11_KI270903v1_alt	214625	1946	0
chr12_KI270904v1_alt	572349	15751	0
chr15_KI270906v1_alt	196384	4853	0
chr15_KI270905v1_alt	5161414	108853	2
chr17_KI270907v1_alt	137721	776	0
chr17_KI270910v1_alt	157099	5614	1
chr17_KI270909v1_alt	325800	20567	0
chr17_JH159148v1_alt	88070	919	0
chr17_KI270908v1_alt	1423190	64558	0
chr18_KI270912v1_alt	174061	542	0
chr18_KI270911v1_alt	157710	662	0
chr19_GL949747v2_alt	729520	10255	0
chr22_KB663609v1_alt	74013	2376	0
chrX_KI270913v1_alt	274009	508	4
chr19_KI270914v1_alt	205194	2065	0
chr19_KI270915v1_alt	170665	3740	0
chr19_KI270916v1_alt	184516	1197	0
chr19_KI270917v1_alt	190932	4075	0
chr19_KI270918v1_alt	123111	2449	0
chr19_KI270919v1_alt	170701	3402	0
chr19_KI270920v1_alt	198005	2957	0
chr19_KI270921v1_alt	282224	1691	0
chr19_KI270922v1_alt	187935	4049	0
chr19_KI270923v1_alt	189352	2041	0
chr3_KI270924v1_alt	166540	3528	0
chr4_KI270925v1_alt	555799	2745	0
chr6_GL000252v2_alt	4604811	95939	1
chr8_KI270926v1_alt	229282	1740	0
chr11_KI270927v1_alt	218612	1061	0
chr19_GL949748v2_alt	1064304	5521	0
chr22_KI270928v1_alt	176103	6202	1
chr19_KI270929v1_alt	186203	3064	0
chr19_KI270930v1_alt	200773	3173	0
chr19_KI270931v1_alt	170148	3837	0
chr19_KI270932v1_alt	215732	1888	0
chr19_KI270933v1_alt	170537	4554	0
chr19_GL000209v2_alt	177381	923	0
chr3_KI270934v1_alt	163458	2887	0
chr6_GL000253v2_alt	4677643	63008	2
chr19_GL949749v2_alt	1091841	5906	0
chr3_KI270935v1_alt	197351	3047	0
chr6_GL000254v2_alt	4827813	86990	1
chr19_GL949750v2_alt	1066390	5402	0
chr3_KI270936v1_alt	164170	2935	0
chr6_GL000255v2_alt	4606388	80701	0
chr19_GL949751v2_alt	1002683	6822	0
chr3_KI270937v1_alt	165607	2820	0
chr6_GL000256v2_alt	4929269	86944	1
chr19_GL949752v1_alt	987100	25966	0
chr6_KI270758v1_alt	76752	557	0
chr19_GL949753v2_alt	796479	16185	0
chr19_KI270938v1_alt	1066800	27871	0
chrM	16569	14791	4
chrUn_KI270302v1	2274	0	0
chrUn_KI270304v1	2165	2	0
chrUn_KI270303v1	1942	0	0
chrUn_KI270305v1	1472	0	0
chrUn_KI270322v1	21476	6	0
chrUn_KI270320v1	4416	3	0
chrUn_KI270310v1	1201	8	0
chrUn_KI270316v1	1444	0	0
chrUn_KI270315v1	2276	4	0
chrUn_KI270312v1	998	0	0
chrUn_KI270311v1	12399	10	0
chrUn_KI270317v1	37690	0	0
chrUn_KI270412v1	1179	2	0
chrUn_KI270411v1	2646	11	0
chrUn_KI270414v1	2489	2	0
chrUn_KI270419v1	1029	0	0
chrUn_KI270418v1	2145	0	0
chrUn_KI270420v1	2321	2	0
chrUn_KI270424v1	2140	0	0
chrUn_KI270417v1	2043	0	0
chrUn_KI270422v1	1445	4	0
chrUn_KI270423v1	981	2	0
chrUn_KI270425v1	1884	0	0
chrUn_KI270429v1	1361	5	0
chrUn_KI270442v1	392061	7883	1
chrUn_KI270466v1	1233	186	0
chrUn_KI270465v1	1774	2	0
chrUn_KI270467v1	3920	608	0
chrUn_KI270435v1	92983	226	2
chrUn_KI270438v1	112505	2317	1
chrUn_KI270468v1	4055	6	0
chrUn_KI270510v1	2415	8	0
chrUn_KI270509v1	2318	8	0
chrUn_KI270518v1	2186	9	0
chrUn_KI270508v1	1951	9	0
chrUn_KI270516v1	1300	12	0
chrUn_KI270512v1	22689	55	0
chrUn_KI270519v1	138126	312	0
chrUn_KI270522v1	5674	2	0
chrUn_KI270511v1	8127	18	0
chrUn_KI270515v1	6361	33	0
chrUn_KI270507v1	5353	4	0
chrUn_KI270517v1	3253	3	0
chrUn_KI270529v1	1899	4	0
chrUn_KI270528v1	2983	4	0
chrUn_KI270530v1	2168	3	0
chrUn_KI270539v1	993	0	0
chrUn_KI270538v1	91309	123	0
chrUn_KI270544v1	1202	0	0
chrUn_KI270548v1	1599	0	0
chrUn_KI270583v1	1400	12	0
chrUn_KI270587v1	2969	0	0
chrUn_KI270580v1	1553	6	0
chrUn_KI270581v1	7046	27	0
chrUn_KI270579v1	31033	42	0
chrUn_KI270589v1	44474	132	0
chrUn_KI270590v1	4685	34	0
chrUn_KI270584v1	4513	18	0
chrUn_KI270582v1	6504	22	0
chrUn_KI270588v1	6158	30	0
chrUn_KI270593v1	3041	9	0
chrUn_KI270591v1	5796	43	0
chrUn_KI270330v1	1652	32	0
chrUn_KI270329v1	1040	3	0
chrUn_KI270334v1	1368	2	0
chrUn_KI270333v1	2699	115	0
chrUn_KI270335v1	1048	0	0
chrUn_KI270338v1	1428	0	0
chrUn_KI270340v1	1428	2	0
chrUn_KI270336v1	1026	33	0
chrUn_KI270337v1	1121	154	0
chrUn_KI270363v1	1803	3	0
chrUn_KI270364v1	2855	2	0
chrUn_KI270362v1	3530	8	0
chrUn_KI270366v1	8320	0	0
chrUn_KI270378v1	1048	0	0
chrUn_KI270379v1	1045	0	0
chrUn_KI270389v1	1298	0	0
chrUn_KI270390v1	2387	0	0
chrUn_KI270387v1	1537	0	0
chrUn_KI270395v1	1143	0	0
chrUn_KI270396v1	1880	0	0
chrUn_KI270388v1	1216	0	0
chrUn_KI270394v1	970	2	0
chrUn_KI270386v1	1788	0	0
chrUn_KI270391v1	1484	0	0
chrUn_KI270383v1	1750	2	0
chrUn_KI270393v1	1308	0	0
chrUn_KI270384v1	1658	3	0
chrUn_KI270392v1	971	0	0
chrUn_KI270381v1	1930	0	0
chrUn_KI270385v1	990	0	0
chrUn_KI270382v1	4215	0	0
chrUn_KI270376v1	1136	1	0
chrUn_KI270374v1	2656	0	0
chrUn_KI270372v1	1650	0	0
chrUn_KI270373v1	1451	0	0
chrUn_KI270375v1	2378	0	0
chrUn_KI270371v1	2805	0	0
chrUn_KI270448v1	7992	21	0
chrUn_KI270521v1	7642	13	0
chrUn_GL000195v1	182896	2154	0
chrUn_GL000219v1	179198	5107	1
chrUn_GL000220v1	161802	4046	0
chrUn_GL000224v1	179693	1842	0
chrUn_KI270741v1	157432	325	0
chrUn_GL000226v1	15008	132	0
chrUn_GL000213v1	164239	6859	0
chrUn_KI270743v1	210658	2032	0
chrUn_KI270744v1	168472	22147	0
chrUn_KI270745v1	41891	514	0
chrUn_KI270746v1	66486	7487	0
chrUn_KI270747v1	198735	191	0
chrUn_KI270748v1	93321	335	0
chrUn_KI270749v1	158759	1622	0
chrUn_KI270750v1	148850	10025	1
chrUn_KI270751v1	150742	6659	0
chrUn_KI270752v1	27745	1	0
chrUn_KI270753v1	62944	746	0
chrUn_KI270754v1	40191	554	0
chrUn_KI270755v1	36723	56	0
chrUn_KI270756v1	79590	180	1
chrUn_KI270757v1	71251	277	0
chrUn_GL000214v1	137718	7057	1
chrUn_KI270742v1	186739	17935	0
chrUn_GL000216v2	176608	3452	8
chrUn_GL000218v1	161147	3079	0
chrX	156040895	5460727	97
chrY	57227415	65153	55
chrY_KI270740v1_random	37240	0	0
*	0	0	25216
