chr1	248956422	7076585	100
chr10	133797422	3025521	30
chr11	135086622	3459100	98
chr11_KI270721v1_random	100316	310	0
chr12	133275309	3652027	48
chr13	114364328	1458362	31
chr14	107043718	2145167	22
chr14_GL000009v2_random	201709	4289	0
chr14_GL000225v1_random	211173	2172	0
chr14_KI270722v1_random	194050	1632	0
chr14_GL000194v1_random	191469	5159	1
chr14_KI270723v1_random	38115	1117	0
chr14_KI270724v1_random	39555	1482	0
chr14_KI270725v1_random	172810	3490	0
chr14_KI270726v1_random	43739	4140	0
chr15	101991189	2513847	36
chr15_KI270727v1_random	448248	19036	1
chr16	90338345	2516288	41
chr16_KI270728v1_random	1872759	42155	3
chr17	83257441	3415019	39
chr17_GL000205v2_random	185591	4838	0
chr17_KI270729v1_random	280839	1456	0
chr17_KI270730v1_random	112551	435	1
chr18	80373285	1177455	22
chr19	58617616	3072005	644
chr1_KI270706v1_random	175055	4087	0
chr1_KI270707v1_random	32032	50	0
chr1_KI270708v1_random	127682	2751	0
chr1_KI270709v1_random	66860	904	0
chr1_KI270710v1_random	40176	45	0
chr1_KI270711v1_random	42210	29917	0
chr1_KI270712v1_random	176043	3229	0
chr1_KI270713v1_random	40745	3296	0
chr1_KI270714v1_random	41717	1227	0
chr2	242193529	5784856	89
chr20	64444167	1454056	17
chr21	46709983	734769	20
chr22	50818468	1207955	9
chr22_KI270731v1_random	150754	5307	0
chr22_KI270732v1_random	41543	598	0
chr22_KI270733v1_random	179772	5572	0
chr22_KI270734v1_random	165050	6454	1
chr22_KI270735v1_random	42811	377	0
chr22_KI270736v1_random	181920	568	5
chr22_KI270737v1_random	103838	260	1
chr22_KI270738v1_random	99375	85	0
chr22_KI270739v1_random	73985	26	0
chr2_KI270715v1_random	161471	67	0
chr2_KI270716v1_random	153799	63	0
chr3	198295559	4055398	54
chr3_GL000221v1_random	155397	4629	0
chr4	190214555	2994216	50
chr4_GL000008v2_random	209709	3291	1
chr5	181538259	3175672	104
chr5_GL000208v1_random	92689	66	0
chr6	170805979	3173352	31
chr7	159345973	3633042	38
chr8	145138636	2310784	21
chr9	138394717	2865460	42
chr9_KI270717v1_random	40062	809	0
chr9_KI270718v1_random	38054	1254	0
chr9_KI270719v1_random	176845	3517	0
chr9_KI270720v1_random	39050	2035	0
chr1_KI270762v1_alt	354444	6354	1
chr1_KI270766v1_alt	256271	23893	0
chr1_KI270760v1_alt	109528	73	0
chr1_KI270765v1_alt	185285	1966	0
chr1_GL383518v1_alt	182439	7413	0
chr1_GL383519v1_alt	110268	8779	0
chr1_GL383520v2_alt	366580	3167	0
chr1_KI270764v1_alt	50258	33	0
chr1_KI270763v1_alt	911658	11182	0
chr1_KI270759v1_alt	425601	2260	0
chr1_KI270761v1_alt	165834	4433	0
chr2_KI270770v1_alt	136240	66	0
chr2_KI270773v1_alt	70887	852	0
chr2_KI270774v1_alt	223625	3427	0
chr2_KI270769v1_alt	120616	1434	0
chr2_GL383521v1_alt	143390	131	0
chr2_KI270772v1_alt	133041	1024	0
chr2_KI270775v1_alt	138019	64	0
chr2_KI270771v1_alt	110395	45	0
chr2_KI270768v1_alt	110099	1872	0
chr2_GL582966v2_alt	96131	2933	0
chr2_GL383522v1_alt	123821	5548	0
chr2_KI270776v1_alt	174166	1142	0
chr2_KI270767v1_alt	161578	354	0
chr3_JH636055v2_alt	173151	3292	0
chr3_KI270783v1_alt	109187	50	0
chr3_KI270780v1_alt	224108	2932	0
chr3_GL383526v1_alt	180671	1437	0
chr3_KI270777v1_alt	173649	3440	1
chr3_KI270778v1_alt	248252	104	0
chr3_KI270781v1_alt	113034	84	0
chr3_KI270779v1_alt	205312	8137	0
chr3_KI270782v1_alt	162429	827	0
chr3_KI270784v1_alt	184404	4568	0
chr4_KI270790v1_alt	220246	194	0
chr4_GL383528v1_alt	376187	146	0
chr4_KI270787v1_alt	111943	64	0
chr4_GL000257v2_alt	586476	15930	0
chr4_KI270788v1_alt	158965	62	0
chr4_GL383527v1_alt	164536	4378	0
chr4_KI270785v1_alt	119912	27	0
chr4_KI270789v1_alt	205944	776	0
chr4_KI270786v1_alt	244096	46	0
chr5_KI270793v1_alt	126136	534	0
chr5_KI270792v1_alt	179043	1687	0
chr5_KI270791v1_alt	195710	3981	0
chr5_GL383532v1_alt	82728	21	0
chr5_GL949742v1_alt	226852	108	0
chr5_KI270794v1_alt	164558	1111	0
chr5_GL339449v2_alt	1612928	41015	0
chr5_GL383530v1_alt	101241	49	0
chr5_KI270796v1_alt	172708	87	0
chr5_GL383531v1_alt	173459	55	0
chr5_KI270795v1_alt	131892	1472	0
chr6_GL000250v2_alt	4672374	9195	0
chr6_KI270800v1_alt	175808	901	0
chr6_KI270799v1_alt	152148	51	0
chr6_GL383533v1_alt	124736	783	0
chr6_KI270801v1_alt	870480	7515	0
chr6_KI270802v1_alt	75005	75	0
chr6_KB021644v2_alt	185823	89	0
chr6_KI270797v1_alt	197536	4634	0
chr6_KI270798v1_alt	271782	3880	0
chr7_KI270804v1_alt	157952	110	0
chr7_KI270809v1_alt	209586	9058	0
chr7_KI270806v1_alt	158166	2982	0
chr7_GL383534v2_alt	119183	4644	0
chr7_KI270803v1_alt	1111570	39165	0
chr7_KI270808v1_alt	271455	691	0
chr7_KI270807v1_alt	126434	79	0
chr7_KI270805v1_alt	209988	193	0
chr8_KI270818v1_alt	145606	101	0
chr8_KI270812v1_alt	282736	164	0
chr8_KI270811v1_alt	292436	215	0
chr8_KI270821v1_alt	985506	9359	0
chr8_KI270813v1_alt	300230	11504	0
chr8_KI270822v1_alt	624492	13098	0
chr8_KI270814v1_alt	141812	297	0
chr8_KI270810v1_alt	374415	151	0
chr8_KI270819v1_alt	133535	1659	0
chr8_KI270820v1_alt	36640	222	0
chr8_KI270817v1_alt	158983	1111	0
chr8_KI270816v1_alt	305841	8910	0
chr8_KI270815v1_alt	132244	1129	0
chr9_GL383539v1_alt	162988	826	0
chr9_GL383540v1_alt	71551	1539	0
chr9_GL383541v1_alt	171286	1886	0
chr9_GL383542v1_alt	60032	965	0
chr9_KI270823v1_alt	439082	2558	0
chr10_GL383545v1_alt	179254	2621	0
chr10_KI270824v1_alt	181496	1251	0
chr10_GL383546v1_alt	309802	3388	0
chr10_KI270825v1_alt	188315	3526	0
chr11_KI270832v1_alt	210133	9577	0
chr11_KI270830v1_alt	177092	1532	0
chr11_KI270831v1_alt	296895	6967	0
chr11_KI270829v1_alt	204059	2577	0
chr11_GL383547v1_alt	154407	38	0
chr11_JH159136v1_alt	200998	6115	0
chr11_JH159137v1_alt	191409	2585	0
chr11_KI270827v1_alt	67707	62	0
chr11_KI270826v1_alt	186169	103	0
chr12_GL877875v1_alt	167313	2826	0
chr12_GL877876v1_alt	408271	9077	0
chr12_KI270837v1_alt	40090	5928	0
chr12_GL383549v1_alt	120804	51	0
chr12_KI270835v1_alt	238139	8206	0
chr12_GL383550v2_alt	169178	2007	0
chr12_GL383552v1_alt	138655	675	0
chr12_GL383553v2_alt	152874	2489	0
chr12_KI270834v1_alt	119498	8830	0
chr12_GL383551v1_alt	184319	62	0
chr12_KI270833v1_alt	76061	3790	0
chr12_KI270836v1_alt	56134	131	0
chr13_KI270840v1_alt	191684	4054	0
chr13_KI270839v1_alt	180306	812	0
chr13_KI270843v1_alt	103832	34	0
chr13_KI270841v1_alt	169134	49	0
chr13_KI270838v1_alt	306913	1969	0
chr13_KI270842v1_alt	37287	300	0
chr14_KI270844v1_alt	322166	7453	0
chr14_KI270847v1_alt	1511111	29892	1
chr14_KI270845v1_alt	180703	764	0
chr14_KI270846v1_alt	1351393	43972	17
chr15_KI270852v1_alt	478999	20317	2
chr15_KI270851v1_alt	263054	20888	0
chr15_KI270848v1_alt	327382	12234	1
chr15_GL383554v1_alt	296527	10747	0
chr15_KI270849v1_alt	244917	4183	0
chr15_GL383555v2_alt	388773	1677	0
chr15_KI270850v1_alt	430880	17618	0
chr16_KI270854v1_alt	134193	2072	0
chr16_KI270856v1_alt	63982	264	0
chr16_KI270855v1_alt	232857	5354	0
chr16_KI270853v1_alt	2659700	96273	2
chr16_GL383556v1_alt	192462	4213	0
chr16_GL383557v1_alt	89672	2368	0
chr17_GL383563v3_alt	375691	2016	0
chr17_KI270862v1_alt	391357	4456	0
chr17_KI270861v1_alt	196688	10523	0
chr17_KI270857v1_alt	2877074	129477	1
chr17_JH159146v1_alt	278131	10824	1
chr17_JH159147v1_alt	70345	3447	0
chr17_GL383564v2_alt	133151	8642	0
chr17_GL000258v2_alt	1821992	17021	0
chr17_GL383565v1_alt	223995	66	0
chr17_KI270858v1_alt	235827	195	0
chr17_KI270859v1_alt	108763	131	0
chr17_GL383566v1_alt	90219	91	0
chr17_KI270860v1_alt	178921	2785	0
chr18_KI270864v1_alt	111737	62	0
chr18_GL383567v1_alt	289831	1438	0
chr18_GL383570v1_alt	164789	66	0
chr18_GL383571v1_alt	198278	1339	0
chr18_GL383568v1_alt	104552	38	0
chr18_GL383569v1_alt	167950	64	0
chr18_GL383572v1_alt	159547	294	0
chr18_KI270863v1_alt	167999	1218	0
chr19_KI270868v1_alt	61734	1100	0
chr19_KI270865v1_alt	52969	1540	0
chr19_GL383573v1_alt	385657	5175	0
chr19_GL383575v2_alt	170222	3282	0
chr19_GL383576v1_alt	188024	3017	0
chr19_GL383574v1_alt	155864	1941	0
chr19_KI270866v1_alt	43156	1794	0
chr19_KI270867v1_alt	233762	4352	0
chr19_GL949746v1_alt	987716	18958	0
chr20_GL383577v2_alt	128386	78	0
chr20_KI270869v1_alt	118774	2367	0
chr20_KI270871v1_alt	58661	1069	0
chr20_KI270870v1_alt	183433	3829	1
chr21_GL383578v2_alt	63917	37	0
chr21_KI270874v1_alt	166743	79	0
chr21_KI270873v1_alt	143900	435	0
chr21_GL383579v2_alt	201197	102	0
chr21_GL383580v2_alt	74653	724	0
chr21_GL383581v2_alt	116689	4279	0
chr21_KI270872v1_alt	82692	2204	0
chr22_KI270875v1_alt	259914	5279	0
chr22_KI270878v1_alt	186262	1105	0
chr22_KI270879v1_alt	304135	9092	0
chr22_KI270876v1_alt	263666	3406	0
chr22_KI270877v1_alt	101331	1151	0
chr22_GL383583v2_alt	96924	1265	0
chr22_GL383582v2_alt	162811	3750	0
chrX_KI270880v1_alt	284869	857	0
chrX_KI270881v1_alt	144206	804	0
chr19_KI270882v1_alt	248807	3804	0
chr19_KI270883v1_alt	170399	3100	0
chr19_KI270884v1_alt	157053	1997	0
chr19_KI270885v1_alt	171027	2579	0
chr19_KI270886v1_alt	204239	3062	0
chr19_KI270887v1_alt	209512	3075	0
chr19_KI270888v1_alt	155532	2166	0
chr19_KI270889v1_alt	170698	2549	0
chr19_KI270890v1_alt	184499	3734	0
chr19_KI270891v1_alt	170680	2439	0
chr1_KI270892v1_alt	162212	4459	0
chr2_KI270894v1_alt	214158	6858	0
chr2_KI270893v1_alt	161218	326	0
chr3_KI270895v1_alt	162896	3099	1
chr4_KI270896v1_alt	378547	5452	0
chr5_KI270897v1_alt	1144418	24098	1
chr5_KI270898v1_alt	130957	1481	0
chr6_GL000251v2_alt	4795265	34859	0
chr7_KI270899v1_alt	190869	2382	0
chr8_KI270901v1_alt	136959	58	0
chr8_KI270900v1_alt	318687	662	0
chr11_KI270902v1_alt	106711	25013	2
chr11_KI270903v1_alt	214625	2421	0
chr12_KI270904v1_alt	572349	11948	0
chr15_KI270906v1_alt	196384	6389	0
chr15_KI270905v1_alt	5161414	92776	2
chr17_KI270907v1_alt	137721	221	0
chr17_KI270910v1_alt	157099	2588	0
chr17_KI270909v1_alt	325800	32180	0
chr17_JH159148v1_alt	88070	1969	0
chr17_KI270908v1_alt	1423190	27933	1
chr18_KI270912v1_alt	174061	72	0
chr18_KI270911v1_alt	157710	283	0
chr19_GL949747v2_alt	729520	9166	0
chr22_KB663609v1_alt	74013	1450	0
chrX_KI270913v1_alt	274009	1954	0
chr19_KI270914v1_alt	205194	4151	0
chr19_KI270915v1_alt	170665	2687	0
chr19_KI270916v1_alt	184516	2485	0
chr19_KI270917v1_alt	190932	2712	0
chr19_KI270918v1_alt	123111	1831	0
chr19_KI270919v1_alt	170701	3728	0
chr19_KI270920v1_alt	198005	2645	0
chr19_KI270921v1_alt	282224	4046	0
chr19_KI270922v1_alt	187935	2994	0
chr19_KI270923v1_alt	189352	3884	0
chr3_KI270924v1_alt	166540	3726	0
chr4_KI270925v1_alt	555799	998	0
chr6_GL000252v2_alt	4604811	27528	0
chr8_KI270926v1_alt	229282	1100	0
chr11_KI270927v1_alt	218612	18951	0
chr19_GL949748v2_alt	1064304	4738	0
chr22_KI270928v1_alt	176103	4391	0
chr19_KI270929v1_alt	186203	2433	0
chr19_KI270930v1_alt	200773	9362	0
chr19_KI270931v1_alt	170148	2826	0
chr19_KI270932v1_alt	215732	5142	0
chr19_KI270933v1_alt	170537	3341	0
chr19_GL000209v2_alt	177381	3142	0
chr3_KI270934v1_alt	163458	3021	0
chr6_GL000253v2_alt	4677643	14495	0
chr19_GL949749v2_alt	1091841	4159	0
chr3_KI270935v1_alt	197351	10121	0
chr6_GL000254v2_alt	4827813	25161	0
chr19_GL949750v2_alt	1066390	3665	0
chr3_KI270936v1_alt	164170	3156	0
chr6_GL000255v2_alt	4606388	28077	0
chr19_GL949751v2_alt	1002683	4476	0
chr3_KI270937v1_alt	165607	3083	0
chr6_GL000256v2_alt	4929269	25891	0
chr19_GL949752v1_alt	987100	18415	1
chr6_KI270758v1_alt	76752	41	0
chr19_GL949753v2_alt	796479	13456	0
chr19_KI270938v1_alt	1066800	23627	0
chrM	16569	21180	0
chrUn_KI270302v1	2274	0	0
chrUn_KI270304v1	2165	3	0
chrUn_KI270303v1	1942	0	0
chrUn_KI270305v1	1472	0	0
chrUn_KI270322v1	21476	1	0
chrUn_KI270320v1	4416	8	0
chrUn_KI270310v1	1201	10	0
chrUn_KI270316v1	1444	0	0
chrUn_KI270315v1	2276	0	0
chrUn_KI270312v1	998	0	0
chrUn_KI270311v1	12399	0	0
chrUn_KI270317v1	37690	2	0
chrUn_KI270412v1	1179	0	0
chrUn_KI270411v1	2646	2	0
chrUn_KI270414v1	2489	2	0
chrUn_KI270419v1	1029	2	0
chrUn_KI270418v1	2145	2	0
chrUn_KI270420v1	2321	4	0
chrUn_KI270424v1	2140	0	0
chrUn_KI270417v1	2043	0	0
chrUn_KI270422v1	1445	0	0
chrUn_KI270423v1	981	0	0
chrUn_KI270425v1	1884	0	0
chrUn_KI270429v1	1361	6	0
chrUn_KI270442v1	392061	5786	4
chrUn_KI270466v1	1233	459	0
chrUn_KI270465v1	1774	12	0
chrUn_KI270467v1	3920	1709	0
chrUn_KI270435v1	92983	107	0
chrUn_KI270438v1	112505	3724	1
chrUn_KI270468v1	4055	0	0
chrUn_KI270510v1	2415	7	0
chrUn_KI270509v1	2318	4	0
chrUn_KI270518v1	2186	2	0
chrUn_KI270508v1	1951	20	0
chrUn_KI270516v1	1300	1	0
chrUn_KI270512v1	22689	37	0
chrUn_KI270519v1	138126	173	0
chrUn_KI270522v1	5674	6	0
chrUn_KI270511v1	8127	8	0
chrUn_KI270515v1	6361	18	0
chrUn_KI270507v1	5353	16	0
chrUn_KI270517v1	3253	6	0
chrUn_KI270529v1	1899	11	0
chrUn_KI270528v1	2983	0	0
chrUn_KI270530v1	2168	2	0
chrUn_KI270539v1	993	0	0
chrUn_KI270538v1	91309	112	0
chrUn_KI270544v1	1202	6	0
chrUn_KI270548v1	1599	2	0
chrUn_KI270583v1	1400	7	0
chrUn_KI270587v1	2969	0	0
chrUn_KI270580v1	1553	2	0
chrUn_KI270581v1	7046	15	0
chrUn_KI270579v1	31033	18	0
chrUn_KI270589v1	44474	68	1
chrUn_KI270590v1	4685	18	0
chrUn_KI270584v1	4513	2	0
chrUn_KI270582v1	6504	6	0
chrUn_KI270588v1	6158	9	0
chrUn_KI270593v1	3041	0	0
chrUn_KI270591v1	5796	29	0
chrUn_KI270330v1	1652	30	0
chrUn_KI270329v1	1040	0	0
chrUn_KI270334v1	1368	2	0
chrUn_KI270333v1	2699	38	0
chrUn_KI270335v1	1048	3	0
chrUn_KI270338v1	1428	4	0
chrUn_KI270340v1	1428	10	0
chrUn_KI270336v1	1026	10	0
chrUn_KI270337v1	1121	36	0
chrUn_KI270363v1	1803	3	0
chrUn_KI270364v1	2855	0	0
chrUn_KI270362v1	3530	8	0
chrUn_KI270366v1	8320	3	0
chrUn_KI270378v1	1048	0	0
chrUn_KI270379v1	1045	2	0
chrUn_KI270389v1	1298	2	0
chrUn_KI270390v1	2387	0	0
chrUn_KI270387v1	1537	4	0
chrUn_KI270395v1	1143	7	0
chrUn_KI270396v1	1880	2	0
chrUn_KI270388v1	1216	0	0
chrUn_KI270394v1	970	2	0
chrUn_KI270386v1	1788	0	0
chrUn_KI270391v1	1484	1	0
chrUn_KI270383v1	1750	2	0
chrUn_KI270393v1	1308	0	0
chrUn_KI270384v1	1658	2	0
chrUn_KI270392v1	971	0	0
chrUn_KI270381v1	1930	0	0
chrUn_KI270385v1	990	0	0
chrUn_KI270382v1	4215	0	0
chrUn_KI270376v1	1136	1	0
chrUn_KI270374v1	2656	0	0
chrUn_KI270372v1	1650	0	0
chrUn_KI270373v1	1451	0	0
chrUn_KI270375v1	2378	0	0
chrUn_KI270371v1	2805	0	0
chrUn_KI270448v1	7992	16	0
chrUn_KI270521v1	7642	6	0
chrUn_GL000195v1	182896	834	0
chrUn_GL000219v1	179198	2158	0
chrUn_GL000220v1	161802	3932	0
chrUn_GL000224v1	179693	3138	0
chrUn_KI270741v1	157432	127	0
chrUn_GL000226v1	15008	95	0
chrUn_GL000213v1	164239	9114	0
chrUn_KI270743v1	210658	999	0
chrUn_KI270744v1	168472	9191	0
chrUn_KI270745v1	41891	83	0
chrUn_KI270746v1	66486	17817	4
chrUn_KI270747v1	198735	1064	0
chrUn_KI270748v1	93321	102	0
chrUn_KI270749v1	158759	1507	0
chrUn_KI270750v1	148850	2956	0
chrUn_KI270751v1	150742	2270	0
chrUn_KI270752v1	27745	1	0
chrUn_KI270753v1	62944	63	0
chrUn_KI270754v1	40191	88	0
chrUn_KI270755v1	36723	18	0
chrUn_KI270756v1	79590	79	0
chrUn_KI270757v1	71251	123	0
chrUn_GL000214v1	137718	2965	0
chrUn_KI270742v1	186739	5431	0
chrUn_GL000216v2	176608	1452	3
chrUn_GL000218v1	161147	5877	0
chrX	156040895	1768560	20
chrY	57227415	382578	22
chrY_KI270740v1_random	37240	17	0
*	0	0	4758
