chr1	248956422	4998594	210
chr10	133797422	2132943	89
chr11	135086622	2471608	129
chr11_KI270721v1_random	100316	216	0
chr12	133275309	2640827	112
chr13	114364328	1004452	38
chr14	107043718	1524526	59
chr14_GL000009v2_random	201709	1825	0
chr14_GL000225v1_random	211173	1933	3
chr14_KI270722v1_random	194050	153	0
chr14_GL000194v1_random	191469	2004	3
chr14_KI270723v1_random	38115	614	0
chr14_KI270724v1_random	39555	520	0
chr14_KI270725v1_random	172810	2689	0
chr14_KI270726v1_random	43739	1484	0
chr15	101991189	1767737	84
chr15_KI270727v1_random	448248	9380	0
chr16	90338345	1771191	90
chr16_KI270728v1_random	1872759	31837	1
chr17	83257441	2420849	113
chr17_GL000205v2_random	185591	3557	0
chr17_KI270729v1_random	280839	1421	2
chr17_KI270730v1_random	112551	428	0
chr18	80373285	799560	30
chr19	58617616	2254406	544
chr1_KI270706v1_random	175055	2406	0
chr1_KI270707v1_random	32032	20	0
chr1_KI270708v1_random	127682	1086	0
chr1_KI270709v1_random	66860	471	0
chr1_KI270710v1_random	40176	20	0
chr1_KI270711v1_random	42210	18814	0
chr1_KI270712v1_random	176043	2458	1
chr1_KI270713v1_random	40745	2351	0
chr1_KI270714v1_random	41717	1280	0
chr2	242193529	4002643	160
chr20	64444167	1040220	51
chr21	46709983	513722	25
chr22	50818468	859956	45
chr22_KI270731v1_random	150754	1316	0
chr22_KI270732v1_random	41543	536	0
chr22_KI270733v1_random	179772	3791	2
chr22_KI270734v1_random	165050	2955	0
chr22_KI270735v1_random	42811	314	0
chr22_KI270736v1_random	181920	616	5
chr22_KI270737v1_random	103838	242	0
chr22_KI270738v1_random	99375	56	0
chr22_KI270739v1_random	73985	24	0
chr2_KI270715v1_random	161471	76	0
chr2_KI270716v1_random	153799	72	0
chr3	198295559	2856083	116
chr3_GL000221v1_random	155397	3024	0
chr4	190214555	2057751	108
chr4_GL000008v2_random	209709	1998	1
chr5	181538259	2208342	122
chr5_GL000208v1_random	92689	45	0
chr6	170805979	2229218	91
chr7	159345973	2533470	91
chr8	145138636	1631397	78
chr9	138394717	2030129	81
chr9_KI270717v1_random	40062	606	0
chr9_KI270718v1_random	38054	841	0
chr9_KI270719v1_random	176845	3216	0
chr9_KI270720v1_random	39050	1590	0
chr1_KI270762v1_alt	354444	4427	1
chr1_KI270766v1_alt	256271	15472	1
chr1_KI270760v1_alt	109528	35	0
chr1_KI270765v1_alt	185285	1564	0
chr1_GL383518v1_alt	182439	5597	0
chr1_GL383519v1_alt	110268	6812	0
chr1_GL383520v2_alt	366580	1978	0
chr1_KI270764v1_alt	50258	15	0
chr1_KI270763v1_alt	911658	7857	0
chr1_KI270759v1_alt	425601	1446	1
chr1_KI270761v1_alt	165834	3462	0
chr2_KI270770v1_alt	136240	39	0
chr2_KI270773v1_alt	70887	623	0
chr2_KI270774v1_alt	223625	2516	0
chr2_KI270769v1_alt	120616	1045	0
chr2_GL383521v1_alt	143390	70	0
chr2_KI270772v1_alt	133041	659	0
chr2_KI270775v1_alt	138019	39	0
chr2_KI270771v1_alt	110395	30	0
chr2_KI270768v1_alt	110099	1165	0
chr2_GL582966v2_alt	96131	2485	0
chr2_GL383522v1_alt	123821	4110	1
chr2_KI270776v1_alt	174166	666	0
chr2_KI270767v1_alt	161578	173	0
chr3_JH636055v2_alt	173151	2633	0
chr3_KI270783v1_alt	109187	28	0
chr3_KI270780v1_alt	224108	2242	0
chr3_GL383526v1_alt	180671	988	0
chr3_KI270777v1_alt	173649	2549	1
chr3_KI270778v1_alt	248252	28	0
chr3_KI270781v1_alt	113034	31	0
chr3_KI270779v1_alt	205312	4097	0
chr3_KI270782v1_alt	162429	658	0
chr3_KI270784v1_alt	184404	3568	0
chr4_KI270790v1_alt	220246	93	0
chr4_GL383528v1_alt	376187	56	0
chr4_KI270787v1_alt	111943	23	0
chr4_GL000257v2_alt	586476	11705	1
chr4_KI270788v1_alt	158965	31	0
chr4_GL383527v1_alt	164536	3004	0
chr4_KI270785v1_alt	119912	23	0
chr4_KI270789v1_alt	205944	484	0
chr4_KI270786v1_alt	244096	28	0
chr5_KI270793v1_alt	126136	345	0
chr5_KI270792v1_alt	179043	1486	0
chr5_KI270791v1_alt	195710	2976	0
chr5_GL383532v1_alt	82728	4	0
chr5_GL949742v1_alt	226852	85	0
chr5_KI270794v1_alt	164558	863	0
chr5_GL339449v2_alt	1612928	24410	1
chr5_GL383530v1_alt	101241	26	0
chr5_KI270796v1_alt	172708	35	0
chr5_GL383531v1_alt	173459	28	0
chr5_KI270795v1_alt	131892	1296	0
chr6_GL000250v2_alt	4672374	5582	1
chr6_KI270800v1_alt	175808	913	0
chr6_KI270799v1_alt	152148	36	0
chr6_GL383533v1_alt	124736	610	0
chr6_KI270801v1_alt	870480	5192	0
chr6_KI270802v1_alt	75005	69	0
chr6_KB021644v2_alt	185823	45	0
chr6_KI270797v1_alt	197536	3185	0
chr6_KI270798v1_alt	271782	2828	0
chr7_KI270804v1_alt	157952	75	0
chr7_KI270809v1_alt	209586	5371	1
chr7_KI270806v1_alt	158166	1931	0
chr7_GL383534v2_alt	119183	3365	0
chr7_KI270803v1_alt	1111570	28191	1
chr7_KI270808v1_alt	271455	579	0
chr7_KI270807v1_alt	126434	43	0
chr7_KI270805v1_alt	209988	117	0
chr8_KI270818v1_alt	145606	78	0
chr8_KI270812v1_alt	282736	69	0
chr8_KI270811v1_alt	292436	189	0
chr8_KI270821v1_alt	985506	6401	0
chr8_KI270813v1_alt	300230	18597	2
chr8_KI270822v1_alt	624492	8497	0
chr8_KI270814v1_alt	141812	156	0
chr8_KI270810v1_alt	374415	90	0
chr8_KI270819v1_alt	133535	1092	1
chr8_KI270820v1_alt	36640	146	0
chr8_KI270817v1_alt	158983	803	0
chr8_KI270816v1_alt	305841	6076	0
chr8_KI270815v1_alt	132244	796	0
chr9_GL383539v1_alt	162988	603	0
chr9_GL383540v1_alt	71551	1035	0
chr9_GL383541v1_alt	171286	1411	1
chr9_GL383542v1_alt	60032	758	0
chr9_KI270823v1_alt	439082	1722	0
chr10_GL383545v1_alt	179254	1494	0
chr10_KI270824v1_alt	181496	950	0
chr10_GL383546v1_alt	309802	2594	0
chr10_KI270825v1_alt	188315	2529	1
chr11_KI270832v1_alt	210133	7348	1
chr11_KI270830v1_alt	177092	1202	0
chr11_KI270831v1_alt	296895	5121	0
chr11_KI270829v1_alt	204059	2063	0
chr11_GL383547v1_alt	154407	22	0
chr11_JH159136v1_alt	200998	4165	1
chr11_JH159137v1_alt	191409	2006	0
chr11_KI270827v1_alt	67707	28	0
chr11_KI270826v1_alt	186169	45	0
chr12_GL877875v1_alt	167313	1972	0
chr12_GL877876v1_alt	408271	8001	0
chr12_KI270837v1_alt	40090	2221	0
chr12_GL383549v1_alt	120804	13	0
chr12_KI270835v1_alt	238139	5536	0
chr12_GL383550v2_alt	169178	1324	0
chr12_GL383552v1_alt	138655	567	0
chr12_GL383553v2_alt	152874	1894	0
chr12_KI270834v1_alt	119498	6467	0
chr12_GL383551v1_alt	184319	39	0
chr12_KI270833v1_alt	76061	2676	0
chr12_KI270836v1_alt	56134	102	0
chr13_KI270840v1_alt	191684	2525	0
chr13_KI270839v1_alt	180306	576	0
chr13_KI270843v1_alt	103832	9	0
chr13_KI270841v1_alt	169134	34	0
chr13_KI270838v1_alt	306913	1467	0
chr13_KI270842v1_alt	37287	165	0
chr14_KI270844v1_alt	322166	4972	0
chr14_KI270847v1_alt	1511111	21564	0
chr14_KI270845v1_alt	180703	447	0
chr14_KI270846v1_alt	1351393	30423	6
chr15_KI270852v1_alt	478999	9831	0
chr15_KI270851v1_alt	263054	12182	0
chr15_KI270848v1_alt	327382	9311	0
chr15_GL383554v1_alt	296527	9528	0
chr15_KI270849v1_alt	244917	2167	0
chr15_GL383555v2_alt	388773	1139	0
chr15_KI270850v1_alt	430880	17214	0
chr16_KI270854v1_alt	134193	1511	0
chr16_KI270856v1_alt	63982	162	0
chr16_KI270855v1_alt	232857	3914	0
chr16_KI270853v1_alt	2659700	72560	4
chr16_GL383556v1_alt	192462	3542	0
chr16_GL383557v1_alt	89672	1453	0
chr17_GL383563v3_alt	375691	1392	0
chr17_KI270862v1_alt	391357	3138	0
chr17_KI270861v1_alt	196688	7677	0
chr17_KI270857v1_alt	2877074	78168	3
chr17_JH159146v1_alt	278131	6952	0
chr17_JH159147v1_alt	70345	2331	1
chr17_GL383564v2_alt	133151	5503	0
chr17_GL000258v2_alt	1821992	14011	0
chr17_GL383565v1_alt	223995	40	0
chr17_KI270858v1_alt	235827	117	0
chr17_KI270859v1_alt	108763	77	0
chr17_GL383566v1_alt	90219	59	0
chr17_KI270860v1_alt	178921	1860	0
chr18_KI270864v1_alt	111737	39	0
chr18_GL383567v1_alt	289831	844	0
chr18_GL383570v1_alt	164789	49	0
chr18_GL383571v1_alt	198278	1084	0
chr18_GL383568v1_alt	104552	26	0
chr18_GL383569v1_alt	167950	24	0
chr18_GL383572v1_alt	159547	234	0
chr18_KI270863v1_alt	167999	835	0
chr19_KI270868v1_alt	61734	935	0
chr19_KI270865v1_alt	52969	1053	0
chr19_GL383573v1_alt	385657	3535	0
chr19_GL383575v2_alt	170222	2504	0
chr19_GL383576v1_alt	188024	2341	0
chr19_GL383574v1_alt	155864	1291	0
chr19_KI270866v1_alt	43156	1280	0
chr19_KI270867v1_alt	233762	3203	0
chr19_GL949746v1_alt	987716	12892	2
chr20_GL383577v2_alt	128386	46	0
chr20_KI270869v1_alt	118774	1644	0
chr20_KI270871v1_alt	58661	784	0
chr20_KI270870v1_alt	183433	2825	0
chr21_GL383578v2_alt	63917	28	0
chr21_KI270874v1_alt	166743	42	0
chr21_KI270873v1_alt	143900	301	0
chr21_GL383579v2_alt	201197	86	0
chr21_GL383580v2_alt	74653	491	0
chr21_GL383581v2_alt	116689	3169	0
chr21_KI270872v1_alt	82692	1637	0
chr22_KI270875v1_alt	259914	3581	0
chr22_KI270878v1_alt	186262	846	0
chr22_KI270879v1_alt	304135	6781	2
chr22_KI270876v1_alt	263666	2155	0
chr22_KI270877v1_alt	101331	703	0
chr22_GL383583v2_alt	96924	1072	0
chr22_GL383582v2_alt	162811	2849	0
chrX_KI270880v1_alt	284869	594	0
chrX_KI270881v1_alt	144206	921	0
chr19_KI270882v1_alt	248807	5662	1
chr19_KI270883v1_alt	170399	3329	1
chr19_KI270884v1_alt	157053	2096	0
chr19_KI270885v1_alt	171027	2589	0
chr19_KI270886v1_alt	204239	4684	0
chr19_KI270887v1_alt	209512	2862	0
chr19_KI270888v1_alt	155532	2591	0
chr19_KI270889v1_alt	170698	2633	0
chr19_KI270890v1_alt	184499	1985	0
chr19_KI270891v1_alt	170680	2504	0
chr1_KI270892v1_alt	162212	3428	0
chr2_KI270894v1_alt	214158	2540	1
chr2_KI270893v1_alt	161218	157	0
chr3_KI270895v1_alt	162896	4541	0
chr4_KI270896v1_alt	378547	4047	1
chr5_KI270897v1_alt	1144418	16419	0
chr5_KI270898v1_alt	130957	1403	0
chr6_GL000251v2_alt	4795265	23017	2
chr7_KI270899v1_alt	190869	1496	0
chr8_KI270901v1_alt	136959	37	0
chr8_KI270900v1_alt	318687	557	0
chr11_KI270902v1_alt	106711	21542	1
chr11_KI270903v1_alt	214625	1513	0
chr12_KI270904v1_alt	572349	10633	1
chr15_KI270906v1_alt	196384	5468	0
chr15_KI270905v1_alt	5161414	66795	0
chr17_KI270907v1_alt	137721	161	0
chr17_KI270910v1_alt	157099	1867	0
chr17_KI270909v1_alt	325800	12859	0
chr17_JH159148v1_alt	88070	1661	0
chr17_KI270908v1_alt	1423190	23234	0
chr18_KI270912v1_alt	174061	43	0
chr18_KI270911v1_alt	157710	256	0
chr19_GL949747v2_alt	729520	5982	1
chr22_KB663609v1_alt	74013	993	0
chrX_KI270913v1_alt	274009	1427	0
chr19_KI270914v1_alt	205194	3553	1
chr19_KI270915v1_alt	170665	2590	0
chr19_KI270916v1_alt	184516	2740	0
chr19_KI270917v1_alt	190932	2742	0
chr19_KI270918v1_alt	123111	1395	0
chr19_KI270919v1_alt	170701	2260	0
chr19_KI270920v1_alt	198005	2198	0
chr19_KI270921v1_alt	282224	5692	0
chr19_KI270922v1_alt	187935	2484	0
chr19_KI270923v1_alt	189352	2539	0
chr3_KI270924v1_alt	166540	3432	0
chr4_KI270925v1_alt	555799	408	0
chr6_GL000252v2_alt	4604811	20598	0
chr8_KI270926v1_alt	229282	836	0
chr11_KI270927v1_alt	218612	12852	2
chr19_GL949748v2_alt	1064304	3836	1
chr22_KI270928v1_alt	176103	2802	0
chr19_KI270929v1_alt	186203	2384	0
chr19_KI270930v1_alt	200773	2397	0
chr19_KI270931v1_alt	170148	2577	0
chr19_KI270932v1_alt	215732	4131	1
chr19_KI270933v1_alt	170537	1942	1
chr19_GL000209v2_alt	177381	2078	0
chr3_KI270934v1_alt	163458	4556	0
chr6_GL000253v2_alt	4677643	11871	0
chr19_GL949749v2_alt	1091841	3231	0
chr3_KI270935v1_alt	197351	2477	0
chr6_GL000254v2_alt	4827813	18317	1
chr19_GL949750v2_alt	1066390	3032	0
chr3_KI270936v1_alt	164170	4672	1
chr6_GL000255v2_alt	4606388	16990	1
chr19_GL949751v2_alt	1002683	3878	1
chr3_KI270937v1_alt	165607	4524	0
chr6_GL000256v2_alt	4929269	22411	0
chr19_GL949752v1_alt	987100	15699	0
chr6_KI270758v1_alt	76752	39	0
chr19_GL949753v2_alt	796479	9330	0
chr19_KI270938v1_alt	1066800	15828	1
chrM	16569	15156	0
chrUn_KI270302v1	2274	4	0
chrUn_KI270304v1	2165	0	0
chrUn_KI270303v1	1942	0	0
chrUn_KI270305v1	1472	0	0
chrUn_KI270322v1	21476	10	0
chrUn_KI270320v1	4416	16	0
chrUn_KI270310v1	1201	0	0
chrUn_KI270316v1	1444	0	0
chrUn_KI270315v1	2276	0	0
chrUn_KI270312v1	998	0	0
chrUn_KI270311v1	12399	6	0
chrUn_KI270317v1	37690	0	0
chrUn_KI270412v1	1179	0	0
chrUn_KI270411v1	2646	1	0
chrUn_KI270414v1	2489	0	0
chrUn_KI270419v1	1029	2	0
chrUn_KI270418v1	2145	0	0
chrUn_KI270420v1	2321	0	0
chrUn_KI270424v1	2140	2	0
chrUn_KI270417v1	2043	0	0
chrUn_KI270422v1	1445	2	0
chrUn_KI270423v1	981	0	0
chrUn_KI270425v1	1884	0	0
chrUn_KI270429v1	1361	2	0
chrUn_KI270442v1	392061	5439	2
chrUn_KI270466v1	1233	65	0
chrUn_KI270465v1	1774	3	0
chrUn_KI270467v1	3920	245	0
chrUn_KI270435v1	92983	90	0
chrUn_KI270438v1	112505	1202	1
chrUn_KI270468v1	4055	2	0
chrUn_KI270510v1	2415	2	0
chrUn_KI270509v1	2318	3	0
chrUn_KI270518v1	2186	3	0
chrUn_KI270508v1	1951	7	0
chrUn_KI270516v1	1300	2	0
chrUn_KI270512v1	22689	37	0
chrUn_KI270519v1	138126	201	0
chrUn_KI270522v1	5674	2	0
chrUn_KI270511v1	8127	6	0
chrUn_KI270515v1	6361	17	0
chrUn_KI270507v1	5353	1	0
chrUn_KI270517v1	3253	20	0
chrUn_KI270529v1	1899	0	0
chrUn_KI270528v1	2983	0	0
chrUn_KI270530v1	2168	0	0
chrUn_KI270539v1	993	0	0
chrUn_KI270538v1	91309	82	0
chrUn_KI270544v1	1202	2	0
chrUn_KI270548v1	1599	0	0
chrUn_KI270583v1	1400	2	0
chrUn_KI270587v1	2969	1	0
chrUn_KI270580v1	1553	8	0
chrUn_KI270581v1	7046	6	0
chrUn_KI270579v1	31033	24	0
chrUn_KI270589v1	44474	67	1
chrUn_KI270590v1	4685	22	0
chrUn_KI270584v1	4513	6	0
chrUn_KI270582v1	6504	2	0
chrUn_KI270588v1	6158	6	0
chrUn_KI270593v1	3041	9	0
chrUn_KI270591v1	5796	14	0
chrUn_KI270330v1	1652	25	0
chrUn_KI270329v1	1040	0	0
chrUn_KI270334v1	1368	0	0
chrUn_KI270333v1	2699	39	0
chrUn_KI270335v1	1048	2	0
chrUn_KI270338v1	1428	2	0
chrUn_KI270340v1	1428	2	0
chrUn_KI270336v1	1026	11	0
chrUn_KI270337v1	1121	33	0
chrUn_KI270363v1	1803	0	0
chrUn_KI270364v1	2855	0	0
chrUn_KI270362v1	3530	1	0
chrUn_KI270366v1	8320	0	0
chrUn_KI270378v1	1048	0	0
chrUn_KI270379v1	1045	0	0
chrUn_KI270389v1	1298	0	0
chrUn_KI270390v1	2387	0	0
chrUn_KI270387v1	1537	2	0
chrUn_KI270395v1	1143	2	0
chrUn_KI270396v1	1880	0	0
chrUn_KI270388v1	1216	1	0
chrUn_KI270394v1	970	0	0
chrUn_KI270386v1	1788	0	0
chrUn_KI270391v1	1484	0	0
chrUn_KI270383v1	1750	0	0
chrUn_KI270393v1	1308	0	0
chrUn_KI270384v1	1658	0	0
chrUn_KI270392v1	971	0	0
chrUn_KI270381v1	1930	1	0
chrUn_KI270385v1	990	4	0
chrUn_KI270382v1	4215	0	0
chrUn_KI270376v1	1136	0	0
chrUn_KI270374v1	2656	0	0
chrUn_KI270372v1	1650	0	0
chrUn_KI270373v1	1451	0	0
chrUn_KI270375v1	2378	0	0
chrUn_KI270371v1	2805	2	0
chrUn_KI270448v1	7992	12	0
chrUn_KI270521v1	7642	6	0
chrUn_GL000195v1	182896	743	0
chrUn_GL000219v1	179198	1809	0
chrUn_GL000220v1	161802	3422	0
chrUn_GL000224v1	179693	2988	0
chrUn_KI270741v1	157432	66	0
chrUn_GL000226v1	15008	28	0
chrUn_GL000213v1	164239	6210	0
chrUn_KI270743v1	210658	744	0
chrUn_KI270744v1	168472	7669	1
chrUn_KI270745v1	41891	109	0
chrUn_KI270746v1	66486	7409	0
chrUn_KI270747v1	198735	723	0
chrUn_KI270748v1	93321	92	0
chrUn_KI270749v1	158759	1124	0
chrUn_KI270750v1	148850	2547	0
chrUn_KI270751v1	150742	1515	0
chrUn_KI270752v1	27745	0	0
chrUn_KI270753v1	62944	30	0
chrUn_KI270754v1	40191	143	0
chrUn_KI270755v1	36723	2	0
chrUn_KI270756v1	79590	120	0
chrUn_KI270757v1	71251	107	0
chrUn_GL000214v1	137718	1587	0
chrUn_KI270742v1	186739	3204	0
chrUn_GL000216v2	176608	1329	0
chrUn_GL000218v1	161147	5380	1
chrX	156040895	2382833	87
chrY	57227415	39825	14
chrY_KI270740v1_random	37240	0	0
*	0	0	5650
