# This file was produced by samtools stats (1.23+htslib-1.23) and can be plotted using plot-bamstats
# This file contains statistics for all reads.
# The command line was:  stats data/AFR/MSL/HG03436/aligned/HG03436.bam
# CHK, Checksum	[2]Read Names	[3]Sequences	[4]Qualities
# CHK, CRC32 of reads which passed filtering followed by addition (32bit overflow)
CHK	fa7fd93c	bbaccb9c	77dd6899
# Summary Numbers. Use `grep ^SN | cut -f 2-` to extract this part.
SN	raw total sequences:	3888156	# excluding supplementary and secondary reads
SN	filtered sequences:	0
SN	sequences:	3888156
SN	is sorted:	1	# sorted by coordinate
SN	1st fragments:	1944078
SN	last fragments:	1944078
SN	reads mapped:	3887774
SN	reads mapped and paired:	3887624	# paired-end technology bit set + both mates mapped
SN	reads unmapped:	382
SN	reads properly paired:	3844260	# proper-pair bit set
SN	reads paired:	3888156	# paired-end technology bit set
SN	reads duplicated:	0	# PCR or optical duplicate bit set
SN	reads MQ0:	403270	# mapped and MQ=0
SN	reads QC failed:	0
SN	non-primary alignments:	0
SN	supplementary alignments:	1417
SN	total length:	295241722	# ignores clipping
SN	total first fragment length:	147620861	# ignores clipping
SN	total last fragment length:	147620861	# ignores clipping
SN	bases mapped:	295212734	# ignores clipping
SN	bases mapped (cigar):	295046259	# more accurate
SN	bases trimmed:	0
SN	bases duplicated:	0
SN	mismatches:	470658	# from NM fields
SN	error rate:	1.595201e-03	# mismatches / bases mapped (cigar)
SN	average length:	76
SN	average first fragment length:	76
SN	average last fragment length:	76
SN	maximum length:	76
SN	maximum first fragment length:	76
SN	maximum last fragment length:	76
SN	average quality:	38.0
SN	insert size average:	160.5
SN	insert size standard deviation:	53.6
SN	inward oriented pairs:	1933107
SN	outward oriented pairs:	540
SN	pairs with other orientation:	747
SN	pairs on different chromosomes:	9418
SN	percentage of properly paired reads (%):	98.9
# First Fragment Qualities. Use `grep ^FFQ | cut -f 2-` to extract this part.
# Columns correspond to qualities and rows to cycles. First column is the cycle number.
FFQ	1	0	0	4290	0	0	0	0	45	0	0	1165	0	34	0	0	21	3074	0	50	74	77	0	844	2629	96	4262	8909	11597	13459	1059	51333	336578	0	165727	1338755	0	0	0	0	0	0	0	0
FFQ	2	0	0	44	0	0	0	0	49	0	0	1110	0	38	0	0	73	6421	0	45	721	77	0	1166	2397	107	3729	8479	13462	11923	1061	44699	294202	0	90625	1463650	0	0	0	0	0	0	0	0
FFQ	3	0	0	0	0	0	0	0	59	0	0	1066	0	47	0	0	25	3182	0	35	22	81	0	1418	2290	82	4393	8400	14421	15563	991	44337	283929	0	84110	1479627	0	0	0	0	0	0	0	0
FFQ	4	0	0	11	0	0	0	0	65	0	0	1444	0	23	0	0	0	1195	378	41	1599	82	0	1213	77	95	2294	3813	1573	6212	178	10508	468	19765	27038	0	234704	0	1631302	0	0	0	0	0
FFQ	5	0	0	12	0	0	0	0	119	0	0	1783	0	33	0	0	0	1644	491	56	1908	100	0	1515	85	96	3026	4785	1652	7111	174	12219	373	20639	29044	0	244458	0	1612755	0	0	0	0	0
FFQ	6	0	0	5	0	0	0	1	35	326	0	1359	371	9	44	5	295	359	2191	728	593	24	157	594	1295	56	3383	4041	1434	4846	2563	11955	2944	22060	26272	6	221324	26050	1608753	0	0	0	0	0
FFQ	7	0	0	0	0	0	1	4	33	352	0	1490	411	13	55	6	300	330	2417	705	600	17	188	629	1256	48	3414	4054	1655	4974	2689	12058	2963	22028	26247	1	219668	25788	1609684	0	0	0	0	0
FFQ	8	0	0	0	0	0	1	8	34	467	0	1976	559	5	50	4	419	360	2816	792	596	23	209	661	1281	65	3669	4300	2080	4897	2529	12533	2994	22033	26728	5	220516	26012	1605456	0	0	0	0	0
FFQ	9	0	0	0	0	0	2	3	41	394	0	1567	411	12	59	6	369	360	2585	785	656	18	205	613	1303	52	3868	1731	5406	4326	2605	12418	2427	18613	17297	14675	64203	36	127642	77335	1582055	0	0	0
FFQ	10	0	0	0	0	0	2	1	52	399	1	1553	431	9	52	3	346	364	2593	813	636	37	197	679	1290	77	3747	1664	6313	3319	2713	12572	2461	18645	17473	14587	64820	55	128536	78309	1579329	0	0	0
FFQ	11	0	0	0	0	0	3	1	42	386	1	1543	406	16	47	2	369	373	2626	761	589	36	246	659	1301	77	3871	1688	7563	1940	2616	12661	2301	18612	17773	14330	64820	51	128009	80172	1578187	0	0	0
FFQ	12	0	0	0	0	0	2	4	50	371	1	1581	390	16	61	7	366	350	2604	765	676	29	244	672	1345	89	3918	1699	8377	1193	2638	13118	2348	18548	17848	14368	66159	61	128547	82036	1573597	0	0	0
FFQ	13	0	0	0	0	0	8	7	40	405	6	1645	417	18	58	4	360	399	2759	819	674	38	246	685	1381	95	4002	1770	8537	1056	2754	13063	2272	18920	18079	14393	66482	79	129730	84991	1567886	0	0	0
FFQ	14	0	0	0	0	0	6	3	60	438	10	1687	504	18	50	6	88	568	2774	814	676	46	238	711	594	932	3741	1852	8741	1043	2736	6789	8421	14944	18348	15537	13132	41511	36392	106896	94522	270659	1288591	0
FFQ	15	0	0	0	0	0	5	8	65	410	16	1651	439	23	48	16	87	611	2852	855	728	46	256	714	677	893	4119	1814	8773	1073	2733	7056	8392	14667	18586	15786	13657	42085	36422	108605	94882	272528	1282500	0
FFQ	16	0	0	0	0	0	8	8	65	446	26	1745	430	28	50	11	99	651	2675	854	728	53	244	702	706	1021	4110	1930	8827	1078	2882	7096	8610	14744	18774	15835	14224	42468	36805	109840	95207	276752	1274346	0
FFQ	17	0	0	0	0	0	8	14	64	444	43	1754	471	24	75	12	124	637	2771	904	763	63	287	679	739	1106	3971	1973	8726	1029	2802	7238	8652	14739	18884	16060	14743	42357	37108	109850	95640	280690	1268634	0
FFQ	18	0	0	0	0	0	9	12	73	594	55	2119	583	35	73	10	153	770	2994	942	773	57	355	723	849	1224	4167	1929	9249	1087	2836	7723	8857	14776	19285	15895	15564	42890	37913	112335	95962	281211	1259996	0
FFQ	19	0	0	0	0	0	10	16	62	512	66	1809	467	32	78	28	205	691	319	3723	854	78	359	725	878	1315	4096	1911	9107	1159	3025	7915	9092	15193	13052	23297	16209	34858	40051	91782	107027	292322	1261755	0
FFQ	20	0	0	0	0	0	12	14	69	609	106	1884	483	22	84	21	191	722	417	3482	777	81	375	754	937	1478	4170	2142	8914	1192	3055	8310	9151	15010	13182	23735	17228	35312	40972	93445	109529	295163	1251050	0
FFQ	21	0	0	0	0	0	5	33	90	584	130	1818	424	31	67	21	205	780	524	3249	777	86	404	732	1014	1514	4098	2050	8771	1251	3086	8730	9061	14748	13563	23595	17861	35380	41100	95496	114284	296644	1241872	0
FFQ	22	0	0	0	0	0	12	32	99	731	163	1809	448	40	81	39	264	847	647	2985	844	113	449	757	1131	1818	4216	2213	8744	1265	3041	9120	9548	14628	13848	23693	18885	36404	42135	97399	116276	301878	1227476	0
FFQ	23	0	0	0	0	0	12	34	109	735	216	1675	415	50	81	31	331	918	768	3013	817	107	480	758	1227	2162	4147	2235	8489	1325	3167	9840	9600	14197	13998	23890	20157	36669	42113	99208	119792	304275	1217037	0
FFQ	24	0	0	0	0	0	22	43	84	787	273	1659	377	69	74	45	391	1068	862	2641	795	155	498	799	1357	2418	4092	2346	8465	1393	3278	10317	9647	14349	14741	24031	21602	36988	42750	102280	115173	290874	1227335	0
FFQ	25	0	0	0	0	0	17	57	122	813	367	1630	359	46	86	50	413	1064	1049	2431	852	161	561	843	1439	2728	3953	2386	8227	1392	3418	11062	9851	13914	15038	24196	22567	37645	43366	105437	116707	298982	1210849	0
FFQ	26	0	0	0	0	0	19	55	124	960	504	1731	319	57	111	57	514	1298	1197	2172	941	175	646	830	1562	3166	3935	2483	7940	1560	3476	11782	10070	13737	15599	24274	24364	37960	44034	108759	117338	309491	1190838	0
FFQ	27	0	0	0	0	0	27	61	145	1068	631	1553	259	73	89	70	542	1457	1310	1917	896	188	696	888	1647	3547	3975	2605	7824	1713	3667	12542	10066	13570	16253	24202	26468	38205	44999	111364	116672	321225	1171664	0
FFQ	28	0	0	0	0	0	34	68	143	1158	789	1541	197	85	129	83	752	1652	1402	1626	961	220	835	968	1725	3951	4154	2716	7418	1832	3701	13642	10583	12971	16979	24778	28126	39222	45377	115317	117181	331073	1150689	0
FFQ	29	0	0	1	0	0	30	91	166	1315	924	1431	138	110	144	90	858	1802	1334	1578	983	304	949	890	1776	4311	4324	2838	6982	1823	3778	14465	10917	12602	17546	24838	30600	39194	45901	118556	116055	340598	1133836	0
FFQ	30	0	0	1	0	0	27	131	206	1491	1222	1299	94	107	143	102	938	1999	1301	1401	1029	304	882	973	1977	4544	4363	2979	6916	2051	3945	15734	10961	12047	18652	24710	33212	39366	47108	121860	115088	347233	1117682	0
FFQ	31	0	0	2	0	0	42	130	280	1525	1416	1045	61	106	173	141	1115	2175	1129	1319	1071	338	974	1037	2032	4576	4794	3220	6358	2187	4077	16638	11355	11679	19497	24906	35498	39584	48222	126261	113975	353802	1101338	0
FFQ	32	0	0	2	0	0	44	172	281	1618	1610	800	45	131	214	144	1249	2278	952	1434	1078	397	1017	1117	2070	4820	5055	3354	6274	2349	4163	17492	11726	11306	20420	25059	38424	39609	49413	131604	112959	362552	1080786	0
FFQ	33	0	0	2	0	0	59	192	398	2032	2393	810	51	177	232	206	1502	2789	849	1531	1162	425	1176	1193	2296	5189	5467	3493	5951	2642	4283	18254	12247	11140	21848	25528	41194	40000	50299	135550	112332	368387	1060676	0
FFQ	34	0	0	1	0	0	67	201	393	1937	2256	477	71	218	270	255	1659	2706	615	1535	1188	528	1316	1234	2332	5221	5927	3689	5835	2692	4398	19499	12776	10726	23217	25610	44377	39807	52096	139376	111530	374942	1042921	0
FFQ	35	0	0	3	0	0	67	233	445	1728	2168	255	92	231	294	257	1724	2531	438	1542	1181	574	1377	1413	2420	5507	5780	4024	5540	3067	4775	19809	13005	10644	24202	25467	47890	39549	53880	144337	111420	380913	1025067	0
FFQ	36	0	0	3	0	0	77	254	512	1779	2417	185	86	277	322	333	1877	2368	362	1563	1161	637	1477	1455	2444	5463	5745	4278	5519	3462	4794	19941	13155	10797	25343	25650	51515	39116	55207	147493	112818	385459	1008457	0
FFQ	37	0	0	4	0	0	79	266	623	1849	2457	90	82	265	357	377	2029	2228	331	1609	1236	720	1611	1570	2660	5714	5679	4383	5598	3610	4986	20209	13974	11112	26903	25744	54944	38860	56801	151372	113019	391221	989186	0
FFQ	38	0	0	3	0	0	80	350	722	2093	2852	78	97	336	467	384	2223	2271	369	1703	1360	793	1798	1648	2850	6029	5395	4576	5774	3955	5319	20611	14200	11505	28924	25945	58105	39551	58733	154528	114416	396747	966932	0
FFQ	39	0	0	3	0	0	101	400	748	1903	2488	64	128	349	471	482	2325	2034	402	1807	1261	903	1710	1818	3219	6005	5257	5016	5783	4411	5537	20827	14857	11938	30306	26362	61017	39621	61035	151884	121530	400930	948744	0
FFQ	40	0	0	4	0	0	113	408	877	1917	2433	75	123	384	485	523	2395	1696	373	1778	1382	1002	1753	1942	3452	6209	4989	5372	5959	4825	5691	20440	15064	12482	31818	26923	64757	40390	62559	154898	122917	406419	928812	0
FFQ	41	0	0	8	0	0	130	451	970	1819	2456	71	143	407	563	552	2520	1488	441	1942	1353	1126	1785	2072	3728	6384	4608	5674	5975	5341	6006	20267	15778	13196	33580	27250	67853	41656	64630	157806	125206	410457	907890	0
FFQ	42	0	0	8	0	0	139	530	1076	1884	2574	72	176	455	671	634	2687	1267	532	2021	1476	1191	1967	2131	4030	6572	4365	6053	6232	5797	6337	20424	16473	13937	35189	28361	71367	42699	67327	162038	127168	413673	884010	0
FFQ	43	0	0	9	0	0	154	591	1196	1968	2513	101	194	527	731	682	2770	1095	562	2142	1487	1371	2105	2485	4476	6741	4069	6563	6408	6357	6894	20121	17641	14459	36895	29689	74422	44886	69755	165262	129241	417555	859377	0
FFQ	44	0	0	7	0	0	118	464	1020	1655	2224	95	159	485	758	671	2670	935	437	1708	1163	1201	1781	2262	3851	5948	3539	5751	5455	6262	5882	18056	15382	13237	34398	26787	77863	39781	70818	140430	149057	402393	898732	0
FFQ	45	0	0	8	0	0	106	419	974	1490	1835	91	190	482	834	650	2497	719	484	1512	1164	1607	1340	2228	4319	5813	3302	5970	5524	6467	6140	17173	15153	13521	34161	26776	82515	41469	70032	135872	137326	391427	921787	0
FFQ	46	0	0	12	0	0	88	339	790	1243	1550	78	170	423	776	649	2164	467	418	1284	944	1612	1173	2031	3963	5156	2693	5255	4562	6510	5269	15557	13757	12627	31683	24547	88399	38418	70691	111790	148194	340504	997554	0
FFQ	47	0	0	106	0	0	95	357	846	1264	1380	101	152	434	829	666	2010	402	470	1310	915	1603	1129	2127	4185	5046	2439	5362	4614	6729	5492	14712	13936	12750	30759	24790	94362	40231	71508	105886	139850	306728	1037719	0
FFQ	48	0	0	367	0	0	99	375	869	1158	1316	78	178	429	850	722	1823	355	464	1402	988	1731	1228	2278	4486	4891	2091	5666	4673	6958	5658	14326	14115	12784	31214	25805	100796	42399	74158	102118	138194	290183	1046034	0
FFQ	49	0	0	472	0	0	105	402	986	1207	1279	95	203	450	977	751	1765	325	495	1381	997	1858	1187	2380	4018	5302	1845	6043	4952	7552	6002	13963	14754	13360	30985	27300	107567	45013	77899	91763	148399	281191	1037993	0
FFQ	50	0	0	725	0	0	126	437	1121	1294	1193	112	212	513	1039	778	1636	282	540	1460	1014	1895	1305	2574	4190	5485	1700	6462	5076	8090	6383	13730	15349	14281	31493	28919	114601	47906	82183	89910	153299	275952	1019926	0
FFQ	51	0	0	1110	0	0	101	397	1074	1219	1086	130	233	525	1160	843	1515	296	570	1516	990	2108	1273	2679	4470	5264	1550	6865	5184	8736	6490	13587	15978	14751	32463	31207	123049	50803	86797	89076	157144	270922	999989	0
FFQ	52	0	0	1545	0	0	113	455	1151	1416	1008	132	230	554	1170	906	1352	303	591	1543	990	2225	1315	2732	4671	5336	1481	7041	5071	9384	6958	13581	16635	15298	33080	33266	132403	53880	92114	87804	162086	265947	977344	0
FFQ	53	0	0	2090	0	0	139	426	1157	1357	917	132	277	581	1249	858	1192	326	577	1552	1017	2443	1306	2937	4826	5139	1368	7208	5182	9684	7254	13210	17252	15715	33983	35367	142532	56680	96960	86124	167450	261377	955236	0
FFQ	54	0	0	2649	0	0	128	438	1215	1449	782	149	289	564	1328	893	1087	284	607	1658	1116	2560	1318	3000	5046	4929	1297	7739	5315	10319	7485	13306	17982	16695	34322	37881	152996	61077	101881	84911	172198	256051	930086	0
FFQ	55	0	0	3218	0	0	137	432	1146	1421	710	148	343	517	1424	950	960	266	676	1764	999	2505	1479	3151	5133	3594	2574	8053	5148	10771	7922	13136	18521	17491	34596	40822	164767	65224	105789	85863	178116	250505	902715	0
FFQ	56	0	0	3846	0	0	164	528	1470	1757	781	178	327	518	1535	985	978	276	701	1774	987	2671	1505	3370	5293	3521	2658	8297	5245	11270	8397	12972	19166	17779	35525	43286	177342	69333	111216	84071	184319	244140	874763	0
FFQ	57	0	0	4586	0	0	166	467	1323	1562	521	191	379	547	1676	1004	887	318	696	1866	1007	2848	1581	3461	5547	3336	2693	8811	5274	11650	8834	13012	20006	18999	35962	45869	190959	73929	116558	82734	190634	238634	844359	0
FFQ	58	0	0	5348	0	0	171	430	1349	1579	434	196	342	550	1608	867	763	288	794	1963	917	3033	1611	3570	5416	3080	2806	8997	5365	12103	9161	13403	20868	19590	37092	49052	205457	78594	122601	81370	196636	231818	813594	0
FFQ	59	0	0	6183	0	0	190	436	1323	1575	348	204	361	532	1619	813	721	271	676	2104	879	2716	1483	4258	4609	2705	2591	10790	5483	12376	9554	13215	21700	20265	37904	52231	220854	83828	128820	79374	201992	224358	783402	0
FFQ	60	0	0	7103	0	0	192	454	1411	1768	314	228	410	507	1599	693	712	296	715	2222	878	2907	1382	4464	4573	2554	2791	11158	5454	12405	9905	13368	22316	20909	38721	55296	237802	89042	135546	76893	207836	215729	752095	0
FFQ	61	0	0	8136	0	0	170	428	1361	1670	246	233	442	498	1685	740	670	260	741	2264	912	3028	1496	4653	4450	2569	2846	11525	5547	12366	10461	13762	22751	22011	39422	58029	255913	94362	142256	75648	214224	207918	716807	0
FFQ	62	0	0	9165	0	0	209	474	1494	1763	160	255	433	542	1692	671	647	259	828	2391	810	3143	1521	4778	4573	2355	3105	12008	5665	12515	11201	14340	23612	22760	41102	61007	274085	100621	148976	73183	219568	200085	680315	0
FFQ	63	0	0	10228	0	0	212	403	1452	1667	126	251	448	475	1694	562	633	240	876	2407	768	3298	1574	4985	4451	2388	3170	12450	5631	12699	11480	14808	24817	23608	42306	64842	293882	106322	155737	70403	226257	190072	644463	0
FFQ	64	0	0	11327	0	0	224	360	1444	1565	83	253	425	439	1571	495	688	271	838	2513	756	3369	1551	5203	4315	2340	3373	12627	5813	12526	11906	15458	25363	24172	43954	68658	314540	113038	162667	68459	232440	180551	606240	0
FFQ	65	0	0	12709	0	0	243	392	1513	1636	56	261	438	446	1611	477	598	318	818	2095	1261	3461	1483	4672	4844	2368	3510	12741	4507	12163	14512	15789	26388	25153	44906	71952	336846	119293	169717	65137	238175	170482	568451	0
FFQ	66	0	0	14107	0	0	227	330	1448	1524	27	301	452	490	1525	419	642	300	902	2229	1247	3547	1551	4638	4838	2337	3715	13146	4545	12013	14881	16543	26988	26002	46419	75634	359307	126410	176579	62476	243575	159788	529874	0
FFQ	67	0	0	15692	0	0	258	294	1415	1417	15	260	452	440	1403	372	713	306	879	2131	1117	3630	1550	4757	4699	2423	3842	13359	4676	11786	15306	17631	27625	27064	48165	79095	383007	133170	184195	59676	248033	150479	489050	0
FFQ	68	0	0	17512	0	0	237	295	1443	1351	7	309	467	435	1322	328	653	325	976	2195	1210	3767	1563	4729	4530	2451	3949	13495	4832	11404	16201	18316	28004	27904	50014	83289	408284	139931	190746	56180	253476	138951	448615	0
FFQ	69	0	0	19620	0	0	254	266	1408	1125	3	307	427	429	1170	293	739	331	950	2373	1210	3840	1569	4713	4564	2546	4293	13850	4992	10916	16711	19165	28796	28817	52044	87109	432964	147407	198008	53258	256736	127420	408217	0
FFQ	70	0	0	22081	0	0	218	245	1317	1115	2	287	388	388	1098	270	732	321	1005	2324	1138	3835	1494	3489	3496	4466	4468	14009	5119	10522	17511	20018	29504	29587	54162	91548	459123	154317	205341	49786	258587	117505	366906	0
FFQ	71	0	0	24980	0	0	215	257	1419	1142	1	274	402	351	1012	232	690	321	975	2336	1179	3970	1516	3434	3568	4724	4543	14115	5104	10146	17832	21061	29916	30305	56105	95351	485910	161770	212271	46194	258775	105068	328848	0
FFQ	72	0	0	28405	0	0	151	150	1030	829	0	271	347	288	848	207	647	284	938	2194	1111	3837	1460	3388	3403	4671	4684	14245	5166	9507	18446	21608	30285	31204	58474	99856	514217	168588	218472	42938	258535	93345	290766	0
FFQ	73	0	0	32665	0	0	112	80	715	579	0	165	204	193	627	131	635	325	931	2213	1045	3784	1314	3075	3244	4794	4842	14100	5429	8765	19022	22127	31124	31838	61083	104626	542313	175795	224756	39183	255740	82485	252889	0
FFQ	74	0	0	37493	0	0	23	34	271	283	0	74	77	81	316	60	680	268	961	2254	937	3627	1234	2783	3297	4849	4979	13919	5499	8409	19469	22811	31437	33010	62946	109779	571053	182706	230141	36373	249793	72075	216885	0
FFQ	75	0	0	42755	0	0	0	0	0	10	0	0	1	2	5	4	680	331	946	2339	923	3655	1239	2508	3235	4854	5010	11052	8556	7660	19915	23276	32067	33750	65473	114931	598789	189658	234259	32828	242602	61788	183370	0
FFQ	76	0	0	47102	0	0	0	0	0	0	0	0	0	0	0	0	1039	579	1499	4049	1529	5734	1812	3472	5160	8639	8754	17525	15768	11753	34684	40810	58922	63517	124919	239153	461500	189405	186021	63723	196003	78765	54005	0
# Last Fragment Qualities. Use `grep ^LFQ | cut -f 2-` to extract this part.
# Columns correspond to qualities and rows to cycles. First column is the cycle number.
LFQ	1	0	0	101	0	0	0	0	185	0	0	3215	0	93	0	0	43	5933	0	67	48	88	0	1314	4616	100	7003	12130	13511	17003	848	61698	380794	0	147821	1287467	0	0	0	0	0	0	0	0
LFQ	2	0	0	9	0	0	0	0	169	0	0	2941	0	89	0	0	86	6306	0	95	80	111	0	1680	4414	105	6652	12271	15903	15837	856	54802	338057	0	81796	1401819	0	0	0	0	0	0	0	0
LFQ	3	0	0	20	0	0	0	0	186	0	0	3019	0	78	0	0	57	6241	0	74	11	109	0	1957	4194	93	6684	12200	17311	16015	814	54084	326845	0	75590	1418496	0	0	0	0	0	0	0	0
LFQ	4	0	0	153	0	0	0	0	201	0	0	3041	0	72	0	0	0	2048	1218	78	2901	93	0	1782	107	96	4117	5449	2226	9348	179	14179	532	23286	33042	0	251160	0	1588770	0	0	0	0	0
LFQ	5	0	0	0	0	0	0	0	196	0	0	2850	0	82	0	0	0	2004	1283	57	2925	118	0	1707	93	108	4017	5528	2194	9030	197	14369	518	23660	33240	0	256115	0	1583787	0	0	0	0	0
LFQ	6	0	0	0	0	0	0	3	59	527	0	1973	505	17	78	6	475	445	3319	880	743	16	197	835	1490	88	4259	4870	1927	6219	2881	13679	3462	24808	29038	7	229028	25831	1586413	0	0	0	0	0
LFQ	7	0	0	0	0	0	2	7	46	505	0	1960	498	11	51	2	435	479	3129	953	672	32	230	881	1529	66	4223	4812	2106	5949	3052	14107	3460	24928	28651	6	228630	25474	1587192	0	0	0	0	0
LFQ	8	0	0	0	0	0	2	3	58	479	0	1913	530	17	66	6	438	450	3070	949	755	27	261	865	1601	65	4223	4866	2593	5586	2904	13742	3506	24792	28727	4	227808	25382	1588390	0	0	0	0	0
LFQ	9	0	0	0	0	0	2	3	54	484	0	2027	556	15	63	7	428	463	3126	940	787	30	240	915	1606	91	4292	1983	6354	4654	3020	14259	2678	20385	18844	15393	68269	37	130492	82683	1558898	0	0	0
LFQ	10	0	0	0	0	0	3	5	69	533	0	2145	596	9	76	6	459	485	3301	1003	765	36	241	863	1579	83	4401	1992	7462	3750	3076	14209	2803	20707	19400	15433	68794	31	131488	84657	1553618	0	0	0
LFQ	11	0	0	32	0	0	4	1	55	482	1	2030	521	22	81	7	499	502	3142	1025	778	32	282	854	1501	83	4385	2033	8885	2407	3133	14146	2758	20646	19211	15507	69096	41	132138	86663	1551095	0	0	0
LFQ	12	0	0	93	0	0	4	1	57	489	5	1999	535	16	57	4	474	455	3138	1042	787	50	253	901	1622	123	4515	2113	9716	1464	3185	14376	2738	20719	19400	15529	69968	74	132470	88461	1547245	0	0	0
LFQ	13	0	0	0	0	0	4	3	55	504	8	1978	557	16	83	5	499	490	3166	1036	803	39	297	934	1616	133	4521	2126	9947	1282	3117	14702	2569	20789	19787	15332	70807	84	133889	90163	1542737	0	0	0
LFQ	14	0	0	3	0	0	2	5	60	532	14	2102	544	16	67	5	115	748	3312	1041	822	45	283	946	748	1109	4569	2121	9913	1287	3138	7754	9402	16088	19953	16856	13990	44823	37381	110298	94146	276831	1263009	0
LFQ	15	0	0	1	0	0	6	9	78	780	22	3195	900	27	67	8	105	828	3797	1175	944	47	357	888	778	1180	4722	2184	10319	1287	3217	7783	9632	16221	20228	17046	14475	44836	37994	111768	94180	279347	1253647	0
LFQ	16	0	0	0	0	0	6	7	66	522	20	2161	530	45	89	9	122	804	3434	1158	906	43	325	945	811	1135	4475	2231	10253	1290	3310	8018	9556	17150	20433	17331	14661	45004	38315	111914	95156	280854	1250989	0
LFQ	17	0	0	0	0	0	8	6	70	615	39	2102	535	27	74	10	135	792	3281	1055	837	68	324	944	875	1347	4506	2276	10085	1338	3443	8340	9567	16630	20638	17300	15432	45733	38883	113997	95043	283845	1243878	0
LFQ	18	0	0	0	0	0	7	23	87	621	71	2104	564	34	71	26	180	860	3267	1067	858	59	357	829	907	1376	4564	2224	10059	1339	3308	8436	9785	16457	20983	16899	16050	45164	38778	114937	96072	287848	1237807	0
LFQ	19	0	0	0	0	0	5	23	87	615	70	2092	550	31	90	21	184	748	353	4025	875	76	375	946	956	1484	4543	2357	9739	1326	3415	8806	9810	16113	14073	24405	16710	37266	41623	94317	106367	297808	1241794	0
LFQ	20	0	0	5	0	0	5	22	79	630	105	2196	573	28	71	23	231	807	434	3969	894	81	428	948	1108	1701	4521	2310	9640	1448	3410	9215	10164	15994	14100	24453	17397	37965	41813	96224	109078	298997	1233011	0
LFQ	21	0	0	5	0	0	13	19	90	703	146	2178	553	54	88	22	284	874	592	3639	922	115	484	945	1202	1845	4561	2443	9830	1535	3410	9592	10330	16100	14592	24759	18338	37886	42355	97553	112348	301073	1222600	0
LFQ	22	0	0	0	0	0	16	25	71	760	205	2146	526	38	92	32	307	1023	753	3585	1051	113	518	960	1315	2126	4425	2463	9675	1473	3665	10069	10387	15983	14780	24736	19557	38050	43412	99451	114945	305031	1210314	0
LFQ	23	0	0	93	0	0	13	32	94	876	256	2081	483	43	103	46	386	1109	818	3317	983	116	602	1018	1407	2428	4477	2563	9511	1632	3739	10723	10339	16142	15295	25291	20707	38611	43776	102001	118508	308249	1196210	0
LFQ	24	0	0	1	0	0	13	38	104	924	322	2158	455	62	106	49	404	1203	1098	2949	1012	147	587	1017	1505	2776	4470	2639	9377	1683	3660	11307	10641	15666	15608	25429	21791	39421	44159	105560	114491	294811	1206435	0
LFQ	25	0	0	2	0	0	19	45	132	1042	481	2021	381	59	121	57	521	1395	1233	2716	1020	167	618	983	1626	3196	4483	2754	9215	1757	3765	12324	10768	15255	16037	25244	23505	39670	44762	107587	115777	303005	1190335	0
LFQ	26	0	0	20	0	0	17	73	138	1202	618	2036	337	72	109	84	572	1497	1321	2409	1084	204	725	1086	1891	3539	4391	2741	8664	1752	3958	12779	11015	15057	16667	25638	25007	39604	45430	109843	116162	312084	1174252	0
LFQ	27	0	0	4	0	0	26	64	146	1347	823	2026	289	85	129	70	710	1768	1539	2188	1097	189	800	1073	1893	3902	4472	2954	8363	1935	4103	13770	11189	14410	17516	25788	26997	40478	45996	113515	115072	322272	1155080	0
LFQ	28	0	0	21	0	0	33	84	190	1395	995	1820	183	76	175	89	825	1954	1515	1862	1100	261	895	1142	1946	4366	4483	3006	8148	2032	4108	14713	11639	14229	18190	25781	29041	40936	46509	115477	114787	331090	1138982	0
LFQ	29	0	0	5	0	0	35	97	214	1530	1214	1601	144	103	162	106	959	2159	1432	1794	1118	299	971	1130	1999	4647	4758	3224	7829	2197	4318	15938	11870	13730	18656	25689	31097	40736	47430	119760	114158	338098	1122871	0
LFQ	30	0	0	5	0	0	39	133	251	1660	1469	1373	84	116	175	133	1056	2436	1318	1624	1126	389	951	1166	2129	5040	4913	3253	7504	2293	4315	16879	11860	12967	19455	25963	33678	40544	47840	123662	112270	345566	1108443	0
LFQ	31	0	0	5	0	0	43	147	274	1763	1597	1195	54	111	179	143	1213	2555	1230	1510	1196	411	1117	1220	2102	5258	5240	3498	7009	2549	4521	18107	12296	12638	20404	25943	36211	41227	48785	127367	111617	352012	1091331	0
LFQ	32	0	0	6	0	0	40	161	286	1882	2010	881	66	160	187	164	1382	2547	932	1568	1240	430	1266	1312	2324	5186	5549	3748	6518	2705	4512	19056	12477	12014	21653	25777	38837	41190	49756	131936	111346	358674	1074240	0
LFQ	33	0	0	4	0	0	52	176	396	1963	2212	648	52	162	246	221	1438	2732	713	1610	1291	508	1275	1402	2453	5498	5839	3795	6402	2752	4750	19656	12936	11858	22743	25664	41983	40826	50502	135765	109818	364543	1059071	0
LFQ	34	0	0	8	0	0	60	202	433	2050	2407	451	59	191	300	228	1668	2813	554	1728	1254	554	1389	1442	2486	5698	5973	4046	6336	3085	5069	20226	13239	11785	23908	25675	45372	40448	51899	138796	109180	369731	1043155	0
LFQ	35	0	0	280	0	0	61	251	541	2137	2647	287	67	224	337	299	1971	2642	416	1736	1274	611	1554	1502	2665	5937	6038	4273	6259	3457	5033	21276	13634	11592	25317	26149	48495	40157	53934	144302	108489	374447	1023558	0
LFQ	36	0	0	21	0	0	72	266	538	2146	2811	146	86	288	328	337	2111	2778	380	1785	1342	686	1627	1618	2817	5962	6220	4714	6074	3801	5173	21653	14136	11610	26745	26120	52385	39637	55706	147010	110095	378499	1006078	0
LFQ	37	0	0	10	0	0	94	345	651	2165	2777	94	77	286	412	403	2276	2491	371	1786	1437	787	1738	1776	2966	6175	6084	4736	6233	4110	5583	21896	14800	11897	28326	26119	55333	39650	57162	150294	111236	383854	987328	0
LFQ	38	0	0	10	0	0	84	379	771	2303	3008	69	92	311	474	437	2438	2239	372	1919	1521	841	1838	1847	3212	6411	5816	5138	6242	4437	5795	21781	15178	12448	29809	26582	58678	39861	58997	153123	112300	391280	965681	0
LFQ	39	0	0	9	0	0	90	407	877	2119	2879	53	106	350	529	496	2544	2056	409	2028	1469	932	1725	2044	3619	6527	5601	5539	6346	5007	5996	21897	15392	12811	31393	27200	62225	39953	60802	150663	119653	394294	947636	0
LFQ	40	0	0	9	0	0	123	434	997	2260	2941	55	119	400	612	573	2708	1878	481	2005	1531	1036	1849	2079	3954	7026	5360	5944	6580	5391	6167	21742	16014	13594	32658	27338	65196	40983	62246	153582	120805	399119	927850	0
LFQ	41	0	0	38	0	0	116	497	1097	2231	3023	83	133	432	708	668	2874	1662	547	2112	1664	1125	2006	2347	4160	6887	5048	6274	6670	5919	6564	22012	16685	13994	34777	28203	68396	42208	64980	156433	122793	401116	907100	0
LFQ	42	0	0	58	0	0	124	431	914	1844	2390	75	136	413	643	586	2777	1316	469	1786	1333	1062	1759	2297	3980	6292	4309	5811	5840	6135	5782	19923	15228	13453	33008	25206	69956	37063	64698	136046	137342	364202	968856	0
LFQ	43	0	0	26	0	0	106	483	1080	1840	2363	61	156	468	728	694	2761	1126	520	1805	1373	1225	1848	2410	4284	6285	4047	6202	5771	6352	6170	19540	15839	13664	33888	25937	73874	37794	64783	132965	132207	349596	983223	0
LFQ	44	0	0	237	0	0	132	508	1106	1856	2369	98	146	501	882	750	2840	900	597	2002	1400	1307	1911	2584	4529	6550	3655	6485	5909	6926	6346	19357	16094	14535	34973	26492	77669	39394	67175	132335	129937	340727	982221	0
LFQ	45	0	0	15	0	0	130	629	1456	2209	2581	102	254	608	1027	905	3079	783	668	1817	1458	2015	1489	2644	5050	6592	3577	6927	6053	7807	6722	19244	16730	15265	36161	28013	81395	41640	69739	132228	128732	338684	968949	0
LFQ	46	0	0	12	0	0	145	565	1416	1886	2264	120	256	604	1185	879	2875	664	680	1869	1518	2181	1621	2993	5456	6858	3332	7480	6085	8520	7050	19073	17571	15564	37313	29465	85457	43534	73208	131550	131924	336482	953685	0
LFQ	47	0	0	173	0	0	186	651	1501	2028	2197	114	249	633	1195	983	2673	531	747	2031	1552	2459	1630	3018	5923	6785	2963	7887	6187	9108	7385	19156	18418	16501	38889	31252	90627	46094	75468	132185	135604	334502	933809	0
LFQ	48	0	0	466	0	0	182	707	1694	2092	2022	149	274	646	1330	1074	2628	499	767	2036	1545	2585	1685	3393	6492	6930	2708	8272	6385	9860	7894	18686	19277	17236	39221	33624	94912	48799	79608	132773	139321	332428	913059	0
LFQ	49	0	0	870	0	0	196	787	1758	2125	1953	167	285	716	1443	1139	2383	457	811	2153	1563	2794	1773	3531	5756	7308	2359	8719	6797	10728	8344	18428	19998	18146	40068	36248	99614	51949	83608	119423	155989	330020	892810	0
LFQ	50	0	0	1259	0	0	224	806	1884	2229	1896	152	316	756	1540	1122	2207	455	877	2274	1665	3114	1826	3721	6231	7202	2084	9172	6973	11610	9050	18297	21122	19041	41353	38578	105255	55088	86857	120980	159599	326198	870178	0
LFQ	51	0	0	1811	0	0	128	551	1435	1753	1424	292	601	1113	2877	1677	3771	268	744	2127	974	5124	2438	6382	9396	12320	4367	14557	8306	26869	11981	43450	39620	33785	98695	81421	101146	84574	234338	257685	472042	257614	115494	0
LFQ	52	0	0	2134	0	0	144	579	1427	1706	1270	219	411	867	2204	1298	2141	281	696	1909	1092	3565	1820	4579	7170	7761	2243	10616	6406	16751	8795	24020	27218	24254	62105	62981	106303	65987	127516	165757	498039	535834	155013	0
LFQ	53	0	0	2548	0	0	158	578	1378	1702	1073	145	362	680	1796	1109	1649	311	693	1760	1124	3169	1626	3851	6242	6349	1708	9494	5881	13756	8313	17533	21981	20662	44397	46315	129848	61582	104161	114626	260128	485366	559026	0
LFQ	54	0	0	3098	0	0	147	486	1323	1582	917	156	310	661	1687	1009	1267	308	686	1900	1026	3006	1571	3634	5742	5562	1608	8923	5847	12443	8649	15341	20099	19273	38626	42629	145546	63284	103686	95744	200665	308499	816090	0
LFQ	55	0	0	3786	0	0	143	491	1324	1673	772	145	334	546	1611	997	1064	290	687	1929	1047	2883	1739	3795	5643	3847	2695	9039	5637	12384	8833	14344	20084	19232	36794	42693	158876	66089	105336	88030	187435	255757	874982	0
LFQ	56	0	0	4534	0	0	186	475	1394	1572	594	165	350	550	1632	978	924	265	696	1975	1065	2974	1750	3817	5652	3605	2707	9313	5369	12516	8974	13759	20149	19606	36608	44293	172188	69649	109987	82139	186340	234464	879730	0
LFQ	57	0	0	5385	0	0	169	487	1304	1744	556	158	369	538	1635	937	832	276	752	2016	1063	3098	1692	3957	5639	3419	2834	9310	5378	12644	9451	13599	20583	20212	36671	46138	186608	73585	115048	79483	190004	222354	862958	0
LFQ	58	0	0	6316	0	0	169	516	1414	1696	443	196	357	503	1629	891	775	287	773	2068	1063	3215	1722	3951	5632	3260	3008	9799	5544	12971	9900	13879	21374	20869	36722	49017	200803	78511	121076	76645	194599	214274	836949	0
LFQ	59	0	0	7380	0	0	193	516	1559	1945	442	199	444	620	1752	811	762	309	764	2266	992	3011	1609	4705	5096	2801	2889	11531	5696	13210	10342	13941	22448	21724	37799	51796	216034	83291	127109	74255	199184	206260	807058	0
LFQ	60	0	0	8470	0	0	192	504	1503	1772	296	218	428	587	1830	748	732	267	818	2361	939	3339	1646	4947	4958	2813	2791	11967	5525	13479	10828	14208	23120	22178	38629	54606	232924	88027	134078	71951	205847	197606	775516	0
LFQ	61	0	0	9688	0	0	202	446	1515	1844	226	243	450	525	1776	678	735	279	791	2447	898	3458	1683	5102	4852	2643	2999	12383	5739	13551	11309	14669	24053	22986	39648	57464	249949	93704	141309	70393	211657	189657	740549	0
LFQ	62	0	0	10989	0	0	242	546	1683	2018	187	254	492	544	1900	704	679	283	878	2556	881	3494	1632	5274	4779	2552	3156	12775	5834	13569	11718	15187	24615	23856	41241	60616	268498	99383	148281	67779	218971	181082	703183	0
LFQ	63	0	0	12780	0	0	253	521	1870	2163	154	301	557	639	2079	677	738	290	927	2659	814	3634	1752	5616	4830	2596	3431	13265	5966	13422	12263	15696	25157	24557	41877	64226	287321	105878	154858	65352	225915	172089	664962	0
LFQ	64	0	0	13785	0	0	243	394	1618	1648	71	361	720	849	2037	738	825	283	958	2762	769	3906	1719	5747	4640	2596	3500	13498	6015	13470	12616	16290	26192	25390	43116	67305	308033	112336	162920	62044	231952	163303	627166	0
LFQ	65	0	0	15341	0	0	285	393	1581	1704	48	373	522	590	1837	529	679	379	945	2290	1262	4030	1833	5010	5291	2513	3687	14024	4645	13050	15097	16739	27174	26588	44685	71332	329323	119124	169731	59730	238778	153690	586590	0
LFQ	66	0	0	17162	0	0	248	428	1778	1699	39	322	537	541	1742	490	670	382	983	2405	1350	4011	1802	5021	5273	2542	3921	14255	4769	12922	15761	18013	27746	27404	46340	74861	351766	126191	176443	57670	244825	143908	544756	0
LFQ	67	0	0	19051	0	0	264	350	1623	1538	22	316	533	483	1627	412	686	380	1053	2313	1328	4226	1744	5136	5028	2701	4032	14516	4896	12590	16387	18737	28176	27903	48059	78495	375520	133198	183750	53931	250951	133115	505312	0
LFQ	68	0	0	21018	0	0	251	331	1544	1360	13	328	526	478	1468	384	702	349	1012	2345	1261	4128	1684	5083	4987	2638	4215	14577	5014	11999	17079	19470	28984	28883	49829	81337	400490	140276	191682	50541	255155	122893	465382	0
LFQ	69	0	0	23554	0	0	264	298	1544	1346	8	322	501	461	1314	326	744	366	1053	2437	1285	4222	1663	5032	4907	2692	4505	14759	5236	11464	17540	20089	29162	29342	51506	85555	426349	147020	199284	46758	258762	112940	424230	0
LFQ	70	0	0	26039	0	0	254	293	1434	1190	4	338	530	483	1233	309	768	338	1097	2384	1239	4357	1698	3935	3700	4863	4542	14812	5283	10880	18351	20969	29267	30666	53645	89836	452083	154395	207254	44050	260897	101707	382599	0
LFQ	71	0	0	29123	0	0	218	203	1351	1061	1	347	458	383	1081	248	767	334	1061	2478	1194	4332	1589	3692	3702	5039	4874	15290	5447	10305	18531	21520	30189	31031	55312	93123	480266	162057	214023	40686	261944	91941	341111	0
LFQ	72	0	0	32622	0	0	201	196	1147	843	0	304	366	343	924	191	801	311	1086	2426	1099	4306	1494	3538	3578	5082	4863	14977	5558	9756	19312	22476	30971	32127	57473	97529	507585	169077	220358	36998	261878	82286	300713	0
LFQ	73	0	0	36901	0	0	145	135	917	718	0	241	290	244	668	191	770	363	1028	2466	1168	4188	1505	3279	3586	5208	5048	14909	5740	9340	20001	22848	31371	32761	59681	102158	535951	176772	226682	34052	258145	71719	261759	0
LFQ	74	0	0	42482	0	0	62	76	498	486	0	141	144	156	445	114	788	333	1036	2410	1112	4230	1373	2948	3483	5215	5392	15053	5900	8745	20553	23869	31555	33266	62365	106825	564137	183252	231581	30771	253556	61803	224731	0
LFQ	75	0	0	47689	0	0	0	3	17	79	0	0	1	14	121	27	784	323	1126	2492	1103	4169	1372	2672	3423	5231	5429	12162	8722	8069	20979	24233	32387	33996	64157	111137	593086	191083	236129	27905	245846	52368	190137	0
LFQ	76	0	0	54422	0	0	0	0	0	0	0	0	0	0	0	0	1616	733	2077	5417	2305	7722	2303	4360	5786	8313	9676	19857	13088	11424	32110	34470	48087	48959	88690	171834	538653	185859	215895	53519	191913	65674	101079	0
# GC Content of first fragments. Use `grep ^GCF | cut -f 2-` to extract this part.
GCF	1.26	0
GCF	3.02	1
GCF	4.27	0
GCF	5.78	1
GCF	7.04	2
GCF	8.29	1
GCF	9.55	2
GCF	10.80	6
GCF	12.31	16
GCF	13.57	48
GCF	14.82	103
GCF	16.08	250
GCF	16.83	251
GCF	17.34	542
GCF	17.84	543
GCF	18.59	964
GCF	19.35	963
GCF	19.85	1638
GCF	20.35	1639
GCF	20.85	2697
GCF	21.36	2698
GCF	21.86	2699
GCF	22.36	4331
GCF	22.86	4332
GCF	23.37	4331
GCF	23.87	6195
GCF	24.37	6196
GCF	24.87	8704
GCF	25.38	8705
GCF	25.88	8715
GCF	26.38	11906
GCF	26.88	11912
GCF	27.39	15205
GCF	27.89	15219
GCF	28.39	15224
GCF	28.89	19708
GCF	29.40	19721
GCF	29.90	19730
GCF	30.40	24639
GCF	30.90	24679
GCF	31.41	30578
GCF	31.91	30596
GCF	32.41	30603
GCF	32.91	36831
GCF	33.42	36882
GCF	33.92	36935
GCF	34.42	44444
GCF	34.92	44465
GCF	35.43	51520
GCF	35.93	51561
GCF	36.43	51599
GCF	36.93	57947
GCF	37.44	58027
GCF	37.94	64986
GCF	38.44	65032
GCF	38.94	65098
GCF	39.45	70966
GCF	39.95	71004
GCF	40.45	71020
GCF	40.95	75466
GCF	41.46	75473
GCF	41.96	78349
GCF	42.46	78391
GCF	42.96	78394
GCF	43.47	80129
GCF	43.97	80125
GCF	44.47	80105
GCF	44.97	79808
GCF	45.48	79846
GCF	45.98	79678
GCF	46.48	79639
GCF	46.98	79654
GCF	47.49	79042
GCF	47.99	79057
GCF	48.49	77476
GCF	48.99	77483
GCF	49.50	77497
GCF	50.00	76811
GCF	50.50	76786
GCF	51.01	76773
GCF	51.51	75774
GCF	52.01	75780
GCF	52.51	75669
GCF	53.02	75663
GCF	53.52	75674
GCF	54.02	74031
GCF	54.52	74011
GCF	55.03	72891
GCF	55.53	72925
GCF	56.03	72893
GCF	56.53	71334
GCF	57.04	71326
GCF	57.54	71342
GCF	58.04	69533
GCF	58.54	69512
GCF	59.05	67375
GCF	59.55	67364
GCF	60.05	67337
GCF	60.55	63256
GCF	61.06	63241
GCF	61.56	63210
GCF	62.06	58291
GCF	62.56	58273
GCF	63.07	51714
GCF	63.57	51695
GCF	64.07	51645
GCF	64.57	44984
GCF	65.08	44946
GCF	65.58	37870
GCF	66.08	37819
GCF	66.58	37766
GCF	67.09	30155
GCF	67.59	30150
GCF	68.09	30120
GCF	68.59	22934
GCF	69.10	22896
GCF	69.60	16891
GCF	70.10	16856
GCF	70.60	16802
GCF	71.11	11567
GCF	71.61	11544
GCF	72.11	11531
GCF	72.61	7768
GCF	73.12	7762
GCF	73.62	5098
GCF	74.12	5095
GCF	74.62	5088
GCF	75.13	3202
GCF	75.63	3187
GCF	76.13	1947
GCF	76.88	1945
GCF	77.64	1265
GCF	78.14	1263
GCF	78.64	1259
GCF	79.40	751
GCF	80.40	471
GCF	81.16	470
GCF	81.66	291
GCF	82.16	289
GCF	82.66	158
GCF	83.42	159
GCF	84.17	66
GCF	84.92	65
GCF	85.93	25
GCF	87.94	4
GCF	90.70	0
GCF	92.46	1
# GC Content of last fragments. Use `grep ^GCL | cut -f 2-` to extract this part.
GCL	0.50	2
GCL	1.76	1
GCL	3.02	2
GCL	5.03	0
GCL	7.04	4
GCL	8.29	1
GCL	9.55	2
GCL	10.80	4
GCL	12.31	13
GCL	13.57	39
GCL	14.82	85
GCL	16.08	192
GCL	16.83	193
GCL	17.34	463
GCL	17.84	464
GCL	18.59	885
GCL	19.35	884
GCL	19.85	1441
GCL	20.35	1442
GCL	20.85	2335
GCL	21.36	2336
GCL	21.86	2337
GCL	22.36	3817
GCL	22.86	3818
GCL	23.37	3817
GCL	23.87	5464
GCL	24.37	5465
GCL	24.87	7707
GCL	25.38	7708
GCL	25.88	7718
GCL	26.38	10739
GCL	26.88	10745
GCL	27.39	14147
GCL	27.89	14162
GCL	28.39	14167
GCL	28.89	18175
GCL	29.40	18186
GCL	29.90	18202
GCL	30.40	22859
GCL	30.90	22900
GCL	31.41	29042
GCL	31.91	29059
GCL	32.41	29056
GCL	32.91	35162
GCL	33.42	35209
GCL	33.92	35271
GCL	34.42	42448
GCL	34.92	42478
GCL	35.43	49615
GCL	35.93	49654
GCL	36.43	49688
GCL	36.93	57631
GCL	37.44	57715
GCL	37.94	65031
GCL	38.44	65056
GCL	38.94	65124
GCL	39.45	70939
GCL	39.95	70971
GCL	40.45	70973
GCL	40.95	75981
GCL	41.46	75995
GCL	41.96	79344
GCL	42.46	79377
GCL	42.96	79367
GCL	43.47	81815
GCL	43.97	81816
GCL	44.47	81822
GCL	44.97	81220
GCL	45.48	81248
GCL	45.98	80796
GCL	46.48	80767
GCL	46.98	80804
GCL	47.49	79998
GCL	47.99	80015
GCL	48.49	79022
GCL	48.99	79040
GCL	49.50	79045
GCL	50.00	78467
GCL	50.50	78443
GCL	51.01	78423
GCL	51.51	76630
GCL	52.01	76639
GCL	52.51	76467
GCL	53.02	76438
GCL	53.52	76452
GCL	54.02	75006
GCL	54.52	74996
GCL	55.03	74381
GCL	55.53	74402
GCL	56.03	74372
GCL	56.53	72303
GCL	57.04	72285
GCL	57.54	72329
GCL	58.04	70138
GCL	58.54	70104
GCL	59.05	67324
GCL	59.55	67329
GCL	60.05	67298
GCL	60.55	63470
GCL	61.06	63453
GCL	61.56	63432
GCL	62.06	58411
GCL	62.56	58397
GCL	63.07	52323
GCL	63.57	52304
GCL	64.07	52247
GCL	64.57	44871
GCL	65.08	44835
GCL	65.58	37621
GCL	66.08	37572
GCL	66.58	37536
GCL	67.09	30254
GCL	67.59	30229
GCL	68.09	30190
GCL	68.59	23137
GCL	69.10	23103
GCL	69.60	16695
GCL	70.10	16664
GCL	70.60	16618
GCL	71.11	11339
GCL	71.61	11316
GCL	72.11	11308
GCL	72.61	7810
GCL	73.12	7811
GCL	73.62	5065
GCL	74.12	5057
GCL	74.62	5039
GCL	75.13	3165
GCL	75.63	3153
GCL	76.38	1983
GCL	77.14	1981
GCL	77.89	1293
GCL	78.64	1288
GCL	79.15	754
GCL	79.65	753
GCL	80.15	466
GCL	80.90	463
GCL	81.66	274
GCL	82.16	273
GCL	83.17	165
GCL	84.17	78
GCL	84.67	77
GCL	85.18	78
GCL	85.93	24
GCL	86.93	9
GCL	87.69	10
GCL	88.69	3
GCL	89.70	1
GCL	90.20	0
GCL	91.21	1
GCL	93.97	0
GCL	96.48	1
# ACGT content per cycle. Use `grep ^GCC | cut -f 2-` to extract this part. The columns are: cycle; A,C,G,T base counts as a percentage of all A/C/G/T bases [%]; and N and O counts as a percentage of all A/C/G/T bases [%]
GCC	1	25.79	23.97	23.46	26.77	0.11	0.00
GCC	2	25.64	24.17	23.59	26.60	0.00	0.00
GCC	3	25.10	24.69	24.10	26.11	0.00	0.00
GCC	4	25.14	24.67	24.12	26.07	0.00	0.00
GCC	5	25.55	24.26	23.78	26.42	0.00	0.00
GCC	6	25.04	24.79	24.25	25.92	0.00	0.00
GCC	7	25.35	24.46	23.93	26.26	0.00	0.00
GCC	8	25.46	24.32	23.86	26.37	0.00	0.00
GCC	9	25.44	24.37	23.84	26.34	0.00	0.00
GCC	10	25.39	24.46	23.86	26.29	0.00	0.00
GCC	11	25.50	24.33	23.76	26.42	0.00	0.00
GCC	12	25.36	24.46	23.89	26.30	0.00	0.00
GCC	13	25.48	24.37	23.76	26.40	0.00	0.00
GCC	14	25.44	24.37	23.83	26.36	0.00	0.00
GCC	15	25.31	24.53	23.93	26.22	0.00	0.00
GCC	16	25.30	24.54	23.90	26.26	0.00	0.00
GCC	17	25.31	24.53	23.91	26.25	0.00	0.00
GCC	18	25.14	24.69	24.10	26.07	0.00	0.00
GCC	19	25.20	24.65	24.00	26.15	0.00	0.00
GCC	20	25.19	24.67	24.00	26.14	0.00	0.00
GCC	21	25.05	24.77	24.12	26.06	0.00	0.00
GCC	22	25.12	24.72	24.01	26.15	0.00	0.00
GCC	23	25.09	24.77	24.01	26.13	0.00	0.00
GCC	24	25.00	24.79	24.12	26.09	0.00	0.00
GCC	25	25.05	24.80	24.04	26.11	0.00	0.00
GCC	26	25.04	24.78	24.04	26.15	0.00	0.00
GCC	27	24.98	24.86	24.13	26.03	0.00	0.00
GCC	28	24.95	24.83	24.13	26.09	0.00	0.00
GCC	29	25.02	24.84	24.07	26.07	0.00	0.00
GCC	30	24.87	24.96	24.18	25.99	0.00	0.00
GCC	31	24.90	24.87	24.13	26.09	0.00	0.00
GCC	32	24.95	24.89	24.08	26.09	0.00	0.00
GCC	33	24.80	25.00	24.23	25.97	0.00	0.00
GCC	34	24.86	24.96	24.15	26.03	0.00	0.00
GCC	35	24.81	24.98	24.11	26.10	0.01	0.00
GCC	36	24.69	25.06	24.23	26.02	0.00	0.00
GCC	37	24.78	25.03	24.16	26.03	0.00	0.00
GCC	38	24.79	25.01	24.12	26.08	0.00	0.00
GCC	39	24.68	25.09	24.20	26.03	0.00	0.00
GCC	40	24.73	25.06	24.16	26.06	0.00	0.00
GCC	41	24.71	25.04	24.13	26.12	0.00	0.00
GCC	42	24.65	25.14	24.18	26.02	0.00	0.00
GCC	43	24.69	25.06	24.19	26.06	0.00	0.00
GCC	44	24.72	25.05	24.18	26.05	0.01	0.00
GCC	45	24.62	25.17	24.20	26.01	0.00	0.00
GCC	46	24.62	25.17	24.17	26.05	0.00	0.00
GCC	47	24.68	25.10	24.12	26.10	0.00	0.00
GCC	48	24.59	25.17	24.23	26.02	0.00	0.00
GCC	49	24.62	25.19	24.13	26.06	0.00	0.00
GCC	50	24.64	25.12	24.16	26.09	0.00	0.00
GCC	51	24.60	25.22	24.18	25.99	0.00	0.00
GCC	52	24.61	25.15	24.16	26.08	0.00	0.00
GCC	53	24.59	25.18	24.13	26.10	0.00	0.00
GCC	54	24.56	25.20	24.19	26.05	0.00	0.00
GCC	55	24.57	25.19	24.17	26.07	0.00	0.00
GCC	56	24.58	25.18	24.14	26.10	0.00	0.00
GCC	57	24.50	25.27	24.19	26.04	0.00	0.00
GCC	58	24.55	25.22	24.12	26.12	0.00	0.00
GCC	59	24.56	25.21	24.12	26.12	0.00	0.00
GCC	60	24.53	25.27	24.15	26.04	0.00	0.00
GCC	61	24.56	25.24	24.11	26.09	0.00	0.00
GCC	62	24.60	25.19	24.10	26.11	0.00	0.00
GCC	63	24.52	25.25	24.18	26.05	0.01	0.00
GCC	64	24.54	25.21	24.15	26.10	0.00	0.00
GCC	65	24.58	25.19	24.11	26.12	0.00	0.00
GCC	66	24.51	25.26	24.19	26.04	0.00	0.00
GCC	67	24.51	25.24	24.17	26.09	0.00	0.00
GCC	68	24.61	25.17	24.09	26.13	0.00	0.00
GCC	69	24.51	25.25	24.16	26.08	0.00	0.00
GCC	70	24.54	25.21	24.13	26.12	0.00	0.00
GCC	71	24.55	25.15	24.15	26.15	0.00	0.00
GCC	72	24.50	25.24	24.18	26.08	0.00	0.00
GCC	73	24.58	25.18	24.15	26.09	0.00	0.00
GCC	74	24.60	25.14	24.09	26.17	0.01	0.00
GCC	75	24.52	25.22	24.18	26.09	0.01	0.00
GCC	76	24.58	25.19	24.12	26.11	0.00	0.00
# ACGT content per cycle, read oriented. Use `grep ^GCT | cut -f 2-` to extract this part. The columns are: cycle; A,C,G,T base counts as a percentage of all A/C/G/T bases [%]
GCT	1	27.50	24.90	22.54	25.07
GCT	2	27.21	22.81	24.95	25.02
GCT	3	25.49	24.38	24.42	25.72
GCT	4	25.11	24.73	24.06	26.09
GCT	5	25.44	24.02	24.01	26.53
GCT	6	25.22	25.02	24.02	25.74
GCT	7	25.40	24.25	24.14	26.21
GCT	8	25.44	24.60	23.57	26.38
GCT	9	25.15	24.73	23.48	26.63
GCT	10	25.47	24.59	23.73	26.22
GCT	11	25.45	24.56	23.52	26.47
GCT	12	25.26	24.73	23.62	26.39
GCT	13	25.45	24.52	23.60	26.42
GCT	14	25.37	24.53	23.68	26.43
GCT	15	25.18	24.78	23.68	26.35
GCT	16	25.24	24.69	23.75	26.31
GCT	17	25.22	24.71	23.73	26.34
GCT	18	25.01	25.00	23.79	26.20
GCT	19	25.13	24.90	23.75	26.22
GCT	20	25.09	24.87	23.80	26.24
GCT	21	24.99	25.00	23.88	26.12
GCT	22	25.16	24.87	23.86	26.11
GCT	23	25.14	24.83	23.95	26.09
GCT	24	25.05	24.96	23.95	26.05
GCT	25	25.14	24.88	23.97	26.01
GCT	26	25.18	24.83	23.99	26.01
GCT	27	25.08	24.97	24.02	25.94
GCT	28	25.16	24.90	24.06	25.88
GCT	29	25.18	24.85	24.07	25.90
GCT	30	25.04	25.01	24.13	25.82
GCT	31	25.17	24.87	24.13	25.83
GCT	32	25.19	24.80	24.17	25.85
GCT	33	25.03	25.02	24.22	25.73
GCT	34	25.18	24.91	24.19	25.71
GCT	35	25.19	24.88	24.20	25.72
GCT	36	25.06	25.04	24.25	25.65
GCT	37	25.16	24.91	24.28	25.65
GCT	38	25.16	24.88	24.25	25.72
GCT	39	25.09	25.02	24.27	25.62
GCT	40	25.16	24.94	24.27	25.63
GCT	41	25.16	24.87	24.30	25.67
GCT	42	25.00	25.02	24.30	25.67
GCT	43	25.11	24.89	24.36	25.64
GCT	44	25.14	24.83	24.39	25.63
GCT	45	25.08	24.97	24.40	25.55
GCT	46	25.14	24.94	24.40	25.52
GCT	47	25.18	24.84	24.38	25.60
GCT	48	25.07	24.98	24.42	25.53
GCT	49	25.17	24.85	24.47	25.51
GCT	50	25.15	24.81	24.46	25.58
GCT	51	25.11	24.92	24.48	25.48
GCT	52	25.18	24.84	24.47	25.51
GCT	53	25.19	24.84	24.47	25.50
GCT	54	25.12	24.90	24.49	25.49
GCT	55	25.21	24.83	24.52	25.44
GCT	56	25.17	24.76	24.55	25.51
GCT	57	25.14	24.92	24.54	25.40
GCT	58	25.22	24.79	24.54	25.44
GCT	59	25.28	24.74	24.59	25.39
GCT	60	25.14	24.82	24.60	25.44
GCT	61	25.24	24.77	24.58	25.41
GCT	62	25.28	24.69	24.60	25.43
GCT	63	25.16	24.80	24.64	25.40
GCT	64	25.25	24.72	24.65	25.38
GCT	65	25.29	24.64	24.66	25.41
GCT	66	25.21	24.76	24.69	25.34
GCT	67	25.29	24.75	24.65	25.31
GCT	68	25.32	24.63	24.62	25.42
GCT	69	25.27	24.74	24.66	25.33
GCT	70	25.35	24.67	24.67	25.31
GCT	71	25.36	24.58	24.71	25.35
GCT	72	25.30	24.70	24.73	25.27
GCT	73	25.38	24.58	24.75	25.29
GCT	74	25.41	24.52	24.72	25.36
GCT	75	25.35	24.63	24.77	25.25
GCT	76	25.41	24.55	24.76	25.28
# ACGT content per cycle for first fragments. Use `grep ^FBC | cut -f 2-` to extract this part. The columns are: cycle; A,C,G,T base counts as a percentage of all A/C/G/T bases [%]; and N and O counts as a percentage of all A/C/G/T bases [%]
FBC	1	25.80	24.00	23.48	26.73	0.22	0.00
FBC	2	25.78	24.02	23.48	26.71	0.00	0.00
FBC	3	25.33	24.42	23.90	26.35	0.00	0.00
FBC	4	25.43	24.36	23.86	26.35	0.00	0.00
FBC	5	25.62	24.17	23.72	26.49	0.00	0.00
FBC	6	25.22	24.65	24.09	26.05	0.00	0.00
FBC	7	25.44	24.37	23.78	26.41	0.00	0.00
FBC	8	25.49	24.28	23.82	26.41	0.00	0.00
FBC	9	25.50	24.28	23.79	26.42	0.00	0.00
FBC	10	25.48	24.35	23.81	26.37	0.00	0.00
FBC	11	25.58	24.26	23.68	26.48	0.00	0.00
FBC	12	25.41	24.41	23.82	26.36	0.00	0.00
FBC	13	25.56	24.31	23.68	26.45	0.00	0.00
FBC	14	25.47	24.31	23.81	26.41	0.00	0.00
FBC	15	25.41	24.45	23.83	26.31	0.00	0.00
FBC	16	25.35	24.51	23.84	26.30	0.00	0.00
FBC	17	25.35	24.47	23.86	26.32	0.00	0.00
FBC	18	25.19	24.60	24.09	26.11	0.00	0.00
FBC	19	25.29	24.60	23.96	26.15	0.00	0.00
FBC	20	25.22	24.63	23.96	26.19	0.00	0.00
FBC	21	25.14	24.69	24.07	26.10	0.00	0.00
FBC	22	25.17	24.65	23.95	26.24	0.00	0.00
FBC	23	25.12	24.74	23.97	26.17	0.00	0.00
FBC	24	25.03	24.75	24.06	26.16	0.00	0.00
FBC	25	25.09	24.76	23.99	26.16	0.00	0.00
FBC	26	25.07	24.77	23.96	26.20	0.00	0.00
FBC	27	25.07	24.81	24.05	26.08	0.00	0.00
FBC	28	24.96	24.79	24.12	26.13	0.00	0.00
FBC	29	25.05	24.75	24.10	26.10	0.00	0.00
FBC	30	24.93	24.90	24.15	26.03	0.00	0.00
FBC	31	24.98	24.81	24.08	26.13	0.00	0.00
FBC	32	24.99	24.86	24.05	26.10	0.00	0.00
FBC	33	24.88	24.94	24.19	25.99	0.00	0.00
FBC	34	24.90	24.91	24.14	26.06	0.00	0.00
FBC	35	24.84	24.97	24.08	26.11	0.00	0.00
FBC	36	24.73	25.03	24.18	26.06	0.00	0.00
FBC	37	24.83	25.01	24.15	26.01	0.00	0.00
FBC	38	24.87	24.97	24.09	26.07	0.00	0.00
FBC	39	24.74	25.06	24.16	26.04	0.00	0.00
FBC	40	24.80	24.99	24.14	26.07	0.00	0.00
FBC	41	24.74	25.02	24.10	26.14	0.00	0.00
FBC	42	24.69	25.11	24.18	26.02	0.00	0.00
FBC	43	24.72	25.02	24.19	26.07	0.00	0.00
FBC	44	24.77	25.01	24.14	26.09	0.00	0.00
FBC	45	24.64	25.13	24.17	26.06	0.00	0.00
FBC	46	24.64	25.17	24.14	26.05	0.00	0.00
FBC	47	24.73	25.06	24.12	26.09	0.00	0.00
FBC	48	24.64	25.13	24.15	26.08	0.01	0.00
FBC	49	24.62	25.15	24.12	26.12	0.00	0.00
FBC	50	24.67	25.08	24.18	26.07	0.00	0.00
FBC	51	24.67	25.18	24.15	26.00	0.00	0.00
FBC	52	24.65	25.11	24.14	26.10	0.00	0.00
FBC	53	24.60	25.16	24.10	26.13	0.00	0.00
FBC	54	24.59	25.17	24.17	26.08	0.00	0.00
FBC	55	24.58	25.17	24.18	26.07	0.00	0.00
FBC	56	24.58	25.19	24.14	26.09	0.00	0.00
FBC	57	24.52	25.25	24.20	26.03	0.00	0.00
FBC	58	24.60	25.17	24.11	26.13	0.00	0.00
FBC	59	24.57	25.20	24.12	26.11	0.00	0.00
FBC	60	24.54	25.24	24.16	26.06	0.00	0.00
FBC	61	24.56	25.23	24.11	26.09	0.00	0.00
FBC	62	24.59	25.19	24.11	26.10	0.00	0.00
FBC	63	24.52	25.21	24.20	26.07	0.00	0.00
FBC	64	24.58	25.18	24.13	26.11	0.00	0.00
FBC	65	24.59	25.21	24.08	26.13	0.01	0.00
FBC	66	24.56	25.22	24.16	26.05	0.00	0.00
FBC	67	24.53	25.23	24.18	26.05	0.00	0.00
FBC	68	24.65	25.16	24.07	26.12	0.00	0.00
FBC	69	24.51	25.24	24.18	26.07	0.00	0.00
FBC	70	24.54	25.22	24.14	26.10	0.00	0.00
FBC	71	24.53	25.17	24.15	26.16	0.00	0.00
FBC	72	24.53	25.20	24.22	26.06	0.00	0.00
FBC	73	24.59	25.18	24.16	26.08	0.01	0.00
FBC	74	24.61	25.12	24.10	26.17	0.00	0.00
FBC	75	24.47	25.23	24.19	26.10	0.02	0.00
FBC	76	24.59	25.20	24.10	26.11	0.00	0.00
# ACGT raw counters for first fragments. Use `grep ^FTC | cut -f 2-` to extract this part. The columns are: A,C,G,T,N base counters
FTC	36784231	36719468	35489306	38622605	5251
# ACGT content per cycle for last fragments. Use `grep ^LBC | cut -f 2-` to extract this part. The columns are: cycle; A,C,G,T base counts as a percentage of all A/C/G/T bases [%]; and N and O counts as a percentage of all A/C/G/T bases [%]
LBC	1	25.79	23.95	23.44	26.82	0.01	0.00
LBC	2	25.49	24.32	23.70	26.49	0.00	0.00
LBC	3	24.87	24.95	24.31	25.86	0.00	0.00
LBC	4	24.84	24.99	24.38	25.79	0.01	0.00
LBC	5	25.47	24.34	23.83	26.35	0.00	0.00
LBC	6	24.87	24.93	24.41	25.79	0.00	0.00
LBC	7	25.25	24.55	24.08	26.11	0.00	0.00
LBC	8	25.43	24.36	23.89	26.32	0.00	0.00
LBC	9	25.38	24.46	23.90	26.26	0.00	0.00
LBC	10	25.30	24.57	23.91	26.22	0.00	0.00
LBC	11	25.42	24.39	23.83	26.36	0.00	0.00
LBC	12	25.31	24.50	23.96	26.23	0.00	0.00
LBC	13	25.39	24.42	23.84	26.35	0.00	0.00
LBC	14	25.40	24.42	23.86	26.31	0.00	0.00
LBC	15	25.22	24.61	24.03	26.13	0.00	0.00
LBC	16	25.25	24.57	23.97	26.21	0.00	0.00
LBC	17	25.27	24.60	23.95	26.18	0.00	0.00
LBC	18	25.08	24.77	24.11	26.04	0.00	0.00
LBC	19	25.11	24.70	24.04	26.15	0.00	0.00
LBC	20	25.16	24.70	24.05	26.09	0.00	0.00
LBC	21	24.97	24.85	24.16	26.03	0.00	0.00
LBC	22	25.08	24.79	24.07	26.06	0.00	0.00
LBC	23	25.06	24.80	24.04	26.10	0.00	0.00
LBC	24	24.98	24.84	24.17	26.02	0.00	0.00
LBC	25	25.00	24.85	24.09	26.06	0.00	0.00
LBC	26	25.01	24.79	24.12	26.09	0.00	0.00
LBC	27	24.90	24.91	24.20	25.99	0.00	0.00
LBC	28	24.93	24.87	24.14	26.06	0.00	0.00
LBC	29	24.98	24.93	24.04	26.05	0.00	0.00
LBC	30	24.80	25.02	24.22	25.96	0.00	0.00
LBC	31	24.82	24.94	24.18	26.05	0.00	0.00
LBC	32	24.91	24.91	24.11	26.07	0.00	0.00
LBC	33	24.71	25.06	24.28	25.95	0.00	0.00
LBC	34	24.83	25.01	24.16	26.00	0.00	0.00
LBC	35	24.78	25.00	24.13	26.09	0.01	0.00
LBC	36	24.65	25.09	24.27	25.99	0.00	0.00
LBC	37	24.72	25.06	24.17	26.05	0.00	0.00
LBC	38	24.71	25.05	24.15	26.09	0.00	0.00
LBC	39	24.62	25.12	24.25	26.01	0.00	0.00
LBC	40	24.67	25.12	24.17	26.04	0.00	0.00
LBC	41	24.69	25.07	24.15	26.09	0.00	0.00
LBC	42	24.62	25.17	24.19	26.02	0.00	0.00
LBC	43	24.67	25.09	24.20	26.04	0.00	0.00
LBC	44	24.68	25.09	24.22	26.02	0.01	0.00
LBC	45	24.60	25.21	24.23	25.96	0.00	0.00
LBC	46	24.59	25.17	24.20	26.05	0.00	0.00
LBC	47	24.62	25.14	24.13	26.11	0.00	0.00
LBC	48	24.53	25.21	24.30	25.95	0.00	0.00
LBC	49	24.61	25.23	24.15	26.01	0.00	0.00
LBC	50	24.61	25.15	24.13	26.11	0.00	0.00
LBC	51	24.53	25.26	24.22	25.99	0.00	0.00
LBC	52	24.56	25.18	24.19	26.07	0.00	0.00
LBC	53	24.58	25.20	24.15	26.07	0.00	0.00
LBC	54	24.53	25.24	24.22	26.01	0.00	0.00
LBC	55	24.57	25.20	24.16	26.07	0.00	0.00
LBC	56	24.58	25.16	24.15	26.11	0.00	0.00
LBC	57	24.48	25.29	24.18	26.04	0.00	0.00
LBC	58	24.50	25.26	24.13	26.11	0.00	0.00
LBC	59	24.55	25.21	24.12	26.12	0.00	0.00
LBC	60	24.52	25.30	24.15	26.03	0.00	0.00
LBC	61	24.56	25.24	24.11	26.09	0.00	0.00
LBC	62	24.61	25.18	24.08	26.13	0.00	0.00
LBC	63	24.51	25.30	24.16	26.02	0.03	0.00
LBC	64	24.50	25.24	24.18	26.08	0.00	0.00
LBC	65	24.58	25.17	24.14	26.11	0.00	0.00
LBC	66	24.45	25.29	24.22	26.03	0.00	0.00
LBC	67	24.49	25.24	24.15	26.12	0.00	0.00
LBC	68	24.58	25.18	24.10	26.14	0.00	0.00
LBC	69	24.52	25.26	24.13	26.09	0.01	0.00
LBC	70	24.55	25.21	24.11	26.14	0.00	0.00
LBC	71	24.58	25.13	24.15	26.14	0.00	0.00
LBC	72	24.47	25.28	24.15	26.10	0.00	0.00
LBC	73	24.57	25.19	24.13	26.11	0.00	0.00
LBC	74	24.58	25.16	24.09	26.17	0.02	0.00
LBC	75	24.56	25.20	24.16	26.07	0.00	0.00
LBC	76	24.57	25.17	24.15	26.11	0.00	0.00
# ACGT raw counters for last fragments. Use `grep ^LTC | cut -f 2-` to extract this part. The columns are: A,C,G,T,N base counters
LTC	36646910	36854013	35591356	38526159	2423
# Insert sizes. Use `grep ^IS | cut -f 2-` to extract this part. The columns are: insert size, pairs total, inward oriented pairs, outward oriented pairs, other pairs
IS	0	76	0	0	76
IS	1	0	0	0	0
IS	2	6	0	2	4
IS	3	3	0	3	0
IS	4	6	0	6	0
IS	5	2	0	2	0
IS	6	2	0	2	0
IS	7	2	0	2	0
IS	8	3	0	3	0
IS	9	4	0	4	0
IS	10	0	0	0	0
IS	11	0	0	0	0
IS	12	2	0	2	0
IS	13	4	0	4	0
IS	14	0	0	0	0
IS	15	3	0	3	0
IS	16	2	0	2	0
IS	17	3	0	3	0
IS	18	4	0	4	0
IS	19	12	9	3	0
IS	20	4	4	0	0
IS	21	2	2	0	0
IS	22	9	5	4	0
IS	23	5	4	1	0
IS	24	2	0	2	0
IS	25	5	1	4	0
IS	26	4	0	4	0
IS	27	5	3	2	0
IS	28	0	0	0	0
IS	29	3	1	2	0
IS	30	4	3	1	0
IS	31	3	1	2	0
IS	32	7	4	3	0
IS	33	7	6	1	0
IS	34	8	7	1	0
IS	35	6	4	2	0
IS	36	4	0	4	0
IS	37	9	3	6	0
IS	38	6	4	2	0
IS	39	6	3	2	1
IS	40	3	2	1	0
IS	41	6	5	1	0
IS	42	3	2	1	0
IS	43	8	7	1	0
IS	44	10	6	3	1
IS	45	6	4	2	0
IS	46	11	10	1	0
IS	47	8	4	4	0
IS	48	11	6	3	2
IS	49	11	10	1	0
IS	50	14	9	5	0
IS	51	14	9	5	0
IS	52	20	18	1	1
IS	53	24	22	2	0
IS	54	29	27	1	1
IS	55	21	16	4	1
IS	56	33	31	2	0
IS	57	43	42	1	0
IS	58	43	39	4	0
IS	59	75	70	4	1
IS	60	110	107	2	1
IS	61	169	164	3	2
IS	62	203	201	2	0
IS	63	244	238	4	2
IS	64	376	371	5	0
IS	65	428	420	7	1
IS	66	565	561	2	2
IS	67	666	663	3	0
IS	68	838	834	3	1
IS	69	1099	1091	5	3
IS	70	1392	1389	1	2
IS	71	1493	1489	3	1
IS	72	1814	1807	7	0
IS	73	2041	2036	4	1
IS	74	2397	2391	6	0
IS	75	2607	2588	18	1
IS	76	3022	3022	0	0
IS	77	3312	3312	0	0
IS	78	3746	3746	0	0
IS	79	4103	4101	0	2
IS	80	4547	4546	0	1
IS	81	4745	4744	0	1
IS	82	5337	5335	0	2
IS	83	5672	5672	0	0
IS	84	6119	6116	0	3
IS	85	6595	6593	0	2
IS	86	6868	6867	0	1
IS	87	7319	7319	0	0
IS	88	7639	7638	0	1
IS	89	8110	8107	0	3
IS	90	8464	8462	0	2
IS	91	8571	8571	0	0
IS	92	9173	9173	0	0
IS	93	9406	9403	0	3
IS	94	9769	9769	0	0
IS	95	10189	10188	0	1
IS	96	10623	10623	0	0
IS	97	10678	10678	0	0
IS	98	11077	11077	0	0
IS	99	11347	11345	0	2
IS	100	11701	11700	0	1
IS	101	11833	11832	0	1
IS	102	12324	12322	0	2
IS	103	12528	12525	1	2
IS	104	12780	12779	0	1
IS	105	13078	13076	0	2
IS	106	12981	12977	0	4
IS	107	13389	13389	0	0
IS	108	13461	13461	0	0
IS	109	13683	13683	0	0
IS	110	13917	13917	0	0
IS	111	13742	13740	1	1
IS	112	14275	14275	0	0
IS	113	14087	14087	0	0
IS	114	14463	14462	0	1
IS	115	14609	14609	0	0
IS	116	14799	14799	0	0
IS	117	14776	14775	0	1
IS	118	14828	14826	0	2
IS	119	15292	15292	0	0
IS	120	15098	15098	0	0
IS	121	15131	15128	1	2
IS	122	15126	15125	0	1
IS	123	15292	15290	0	2
IS	124	15409	15409	0	0
IS	125	15485	15485	0	0
IS	126	15520	15520	0	0
IS	127	15560	15560	0	0
IS	128	15609	15608	0	1
IS	129	15501	15501	0	0
IS	130	15627	15625	0	2
IS	131	15616	15616	0	0
IS	132	15839	15839	0	0
IS	133	15776	15774	1	1
IS	134	15664	15664	0	0
IS	135	15415	15415	0	0
IS	136	15417	15417	0	0
IS	137	15415	15415	0	0
IS	138	15376	15376	0	0
IS	139	15386	15386	0	0
IS	140	15583	15583	0	0
IS	141	15348	15348	0	0
IS	142	15119	15118	0	1
IS	143	15166	15166	0	0
IS	144	15259	15258	0	1
IS	145	15103	15103	0	0
IS	146	15075	15075	0	0
IS	147	14903	14902	0	1
IS	148	14740	14739	1	0
IS	149	14642	14640	0	2
IS	150	14852	14852	0	0
IS	151	14735	14735	0	0
IS	152	14581	14581	0	0
IS	153	14285	14285	0	0
IS	154	14251	14251	0	0
IS	155	14196	14196	0	0
IS	156	14109	14109	0	0
IS	157	13906	13905	1	0
IS	158	13746	13746	0	0
IS	159	13741	13741	0	0
IS	160	13606	13606	0	0
IS	161	13673	13673	0	0
IS	162	13155	13155	0	0
IS	163	13432	13432	0	0
IS	164	13353	13353	0	0
IS	165	12956	12955	0	1
IS	166	12828	12827	0	1
IS	167	12821	12819	1	1
IS	168	12821	12821	0	0
IS	169	12459	12459	0	0
IS	170	12386	12386	0	0
IS	171	12162	12161	1	0
IS	172	12130	12130	0	0
IS	173	12047	12047	0	0
IS	174	11632	11632	0	0
IS	175	11566	11566	0	0
IS	176	11620	11620	0	0
IS	177	11508	11508	0	0
IS	178	11135	11135	0	0
IS	179	11197	11197	0	0
IS	180	10949	10948	1	0
IS	181	10776	10776	0	0
IS	182	10693	10693	0	0
IS	183	10465	10464	0	1
IS	184	10480	10480	0	0
IS	185	10202	10202	0	0
IS	186	10211	10210	0	1
IS	187	10075	10075	0	0
IS	188	10045	10045	0	0
IS	189	9738	9737	0	1
IS	190	9587	9585	0	2
IS	191	9494	9494	0	0
IS	192	9345	9344	0	1
IS	193	9028	9027	0	1
IS	194	8891	8890	0	1
IS	195	8813	8813	0	0
IS	196	8715	8715	0	0
IS	197	8788	8788	0	0
IS	198	8541	8541	0	0
IS	199	8409	8409	0	0
IS	200	8172	8172	0	0
IS	201	7980	7980	0	0
IS	202	7922	7922	0	0
IS	203	7746	7746	0	0
IS	204	7790	7790	0	0
IS	205	7516	7516	0	0
IS	206	7413	7413	0	0
IS	207	7198	7198	0	0
IS	208	7273	7273	0	0
IS	209	6890	6890	0	0
IS	210	6775	6775	0	0
IS	211	6843	6843	0	0
IS	212	6625	6625	0	0
IS	213	6572	6571	0	1
IS	214	6436	6436	0	0
IS	215	6313	6313	0	0
IS	216	6232	6231	1	0
IS	217	6181	6181	0	0
IS	218	5976	5976	0	0
IS	219	5843	5843	0	0
IS	220	5940	5940	0	0
IS	221	5749	5749	0	0
IS	222	5488	5488	0	0
IS	223	5558	5557	0	1
IS	224	5283	5283	0	0
IS	225	5174	5174	0	0
IS	226	5082	5082	0	0
IS	227	4989	4989	0	0
IS	228	4896	4896	0	0
IS	229	5017	5017	0	0
IS	230	4772	4771	1	0
IS	231	4689	4689	0	0
IS	232	4546	4546	0	0
IS	233	4444	4444	0	0
IS	234	4354	4354	0	0
IS	235	4253	4253	0	0
IS	236	4155	4155	0	0
IS	237	4109	4109	0	0
IS	238	4125	4125	0	0
IS	239	4106	4106	0	0
IS	240	3949	3949	0	0
IS	241	3773	3773	0	0
IS	242	3585	3585	0	0
IS	243	3707	3707	0	0
IS	244	3475	3475	0	0
IS	245	3494	3494	0	0
IS	246	3398	3398	0	0
IS	247	3291	3291	0	0
IS	248	3289	3289	0	0
IS	249	3238	3238	0	0
IS	250	3160	3160	0	0
IS	251	3055	3054	1	0
IS	252	3036	3036	0	0
IS	253	2883	2883	0	0
IS	254	2886	2886	0	0
IS	255	2819	2819	0	0
IS	256	2786	2786	0	0
IS	257	2753	2753	0	0
IS	258	2596	2596	0	0
IS	259	2607	2607	0	0
IS	260	2506	2505	1	0
IS	261	2575	2575	0	0
IS	262	2495	2495	0	0
IS	263	2388	2388	0	0
IS	264	2289	2289	0	0
IS	265	2196	2196	0	0
IS	266	2170	2170	0	0
IS	267	2144	2144	0	0
IS	268	2143	2143	0	0
IS	269	2157	2157	0	0
IS	270	1999	1999	0	0
IS	271	1972	1972	0	0
IS	272	1936	1936	0	0
IS	273	1933	1932	1	0
IS	274	1828	1828	0	0
IS	275	1854	1854	0	0
IS	276	1748	1748	0	0
IS	277	1745	1745	0	0
IS	278	1673	1673	0	0
IS	279	1728	1728	0	0
IS	280	1609	1609	0	0
IS	281	1632	1632	0	0
IS	282	1524	1524	0	0
IS	283	1555	1555	0	0
IS	284	1462	1462	0	0
IS	285	1480	1480	0	0
IS	286	1440	1440	0	0
IS	287	1355	1355	0	0
IS	288	1339	1339	0	0
IS	289	1293	1293	0	0
IS	290	1299	1299	0	0
IS	291	1251	1251	0	0
IS	292	1197	1197	0	0
IS	293	1208	1208	0	0
IS	294	1195	1195	0	0
IS	295	1189	1189	0	0
IS	296	1162	1162	0	0
IS	297	1011	1011	0	0
IS	298	1075	1075	0	0
IS	299	997	997	0	0
IS	300	1021	1021	0	0
IS	301	954	954	0	0
IS	302	944	944	0	0
IS	303	967	967	0	0
IS	304	940	940	0	0
IS	305	867	867	0	0
IS	306	883	883	0	0
IS	307	915	915	0	0
IS	308	864	864	0	0
IS	309	784	784	0	0
IS	310	791	791	0	0
IS	311	779	779	0	0
IS	312	751	751	0	0
IS	313	776	776	0	0
IS	314	731	731	0	0
IS	315	734	734	0	0
IS	316	677	677	0	0
IS	317	725	725	0	0
IS	318	626	626	0	0
IS	319	633	633	0	0
IS	320	626	626	0	0
IS	321	618	618	0	0
IS	322	650	650	0	0
IS	323	582	582	0	0
IS	324	578	578	0	0
IS	325	589	589	0	0
IS	326	568	568	0	0
IS	327	538	538	0	0
IS	328	534	534	0	0
IS	329	468	468	0	0
IS	330	521	521	0	0
IS	331	533	533	0	0
IS	332	487	487	0	0
IS	333	528	528	0	0
IS	334	492	492	0	0
IS	335	468	468	0	0
IS	336	488	488	0	0
IS	337	416	416	0	0
IS	338	480	480	0	0
IS	339	384	384	0	0
IS	340	423	423	0	0
IS	341	449	449	0	0
IS	342	425	425	0	0
IS	343	433	433	0	0
IS	344	419	419	0	0
IS	345	378	378	0	0
IS	346	354	354	0	0
IS	347	349	349	0	0
IS	348	380	380	0	0
IS	349	350	350	0	0
IS	350	364	364	0	0
IS	351	322	322	0	0
IS	352	332	332	0	0
IS	353	317	317	0	0
IS	354	309	309	0	0
IS	355	274	274	0	0
IS	356	339	339	0	0
IS	357	309	309	0	0
IS	358	309	309	0	0
IS	359	308	308	0	0
IS	360	299	299	0	0
IS	361	296	296	0	0
IS	362	275	275	0	0
IS	363	278	278	0	0
IS	364	255	255	0	0
IS	365	293	293	0	0
IS	366	242	242	0	0
IS	367	238	238	0	0
IS	368	258	258	0	0
IS	369	258	258	0	0
# Read lengths. Use `grep ^RL | cut -f 2-` to extract this part. The columns are: read length, count
RL	31	120
RL	32	126
RL	33	114
RL	34	98
RL	35	96
RL	36	86
RL	37	72
RL	38	92
RL	39	74
RL	40	114
RL	41	78
RL	42	98
RL	43	118
RL	44	116
RL	45	74
RL	46	92
RL	47	70
RL	48	86
RL	49	50
RL	50	82
RL	51	78
RL	52	62
RL	53	100
RL	54	88
RL	55	84
RL	56	116
RL	57	140
RL	58	146
RL	59	190
RL	60	296
RL	61	378
RL	62	452
RL	63	540
RL	64	786
RL	65	892
RL	66	1188
RL	67	1372
RL	68	1712
RL	69	2236
RL	70	2820
RL	71	3034
RL	72	3694
RL	73	4124
RL	74	4830
RL	75	5260
RL	76	3851682
# Read lengths - first fragments. Use `grep ^FRL | cut -f 2-` to extract this part. The columns are: read length, count
FRL	31	60
FRL	32	63
FRL	33	57
FRL	34	49
FRL	35	48
FRL	36	43
FRL	37	36
FRL	38	46
FRL	39	37
FRL	40	57
FRL	41	39
FRL	42	49
FRL	43	59
FRL	44	58
FRL	45	37
FRL	46	46
FRL	47	35
FRL	48	43
FRL	49	25
FRL	50	41
FRL	51	39
FRL	52	31
FRL	53	50
FRL	54	44
FRL	55	42
FRL	56	58
FRL	57	70
FRL	58	73
FRL	59	95
FRL	60	148
FRL	61	189
FRL	62	226
FRL	63	270
FRL	64	393
FRL	65	446
FRL	66	594
FRL	67	686
FRL	68	856
FRL	69	1118
FRL	70	1410
FRL	71	1517
FRL	72	1847
FRL	73	2062
FRL	74	2415
FRL	75	2630
FRL	76	1925841
# Read lengths - last fragments. Use `grep ^LRL | cut -f 2-` to extract this part. The columns are: read length, count
LRL	31	60
LRL	32	63
LRL	33	57
LRL	34	49
LRL	35	48
LRL	36	43
LRL	37	36
LRL	38	46
LRL	39	37
LRL	40	57
LRL	41	39
LRL	42	49
LRL	43	59
LRL	44	58
LRL	45	37
LRL	46	46
LRL	47	35
LRL	48	43
LRL	49	25
LRL	50	41
LRL	51	39
LRL	52	31
LRL	53	50
LRL	54	44
LRL	55	42
LRL	56	58
LRL	57	70
LRL	58	73
LRL	59	95
LRL	60	148
LRL	61	189
LRL	62	226
LRL	63	270
LRL	64	393
LRL	65	446
LRL	66	594
LRL	67	686
LRL	68	856
LRL	69	1118
LRL	70	1410
LRL	71	1517
LRL	72	1847
LRL	73	2062
LRL	74	2415
LRL	75	2630
LRL	76	1925841
# Mapping qualities for reads !(UNMAP|SECOND|SUPPL|QCFAIL|DUP). Use `grep ^MAPQ | cut -f 2-` to extract this part. The columns are: mapq, count
MAPQ	0	403270
MAPQ	1	907
MAPQ	2	264
MAPQ	3	1659
MAPQ	4	626
MAPQ	5	372
MAPQ	6	605
MAPQ	7	988
MAPQ	8	456
MAPQ	9	1930
MAPQ	10	588
MAPQ	11	1418
MAPQ	12	786
MAPQ	13	1018
MAPQ	14	420
MAPQ	15	1581
MAPQ	16	1111
MAPQ	17	924
MAPQ	18	753
MAPQ	19	1554
MAPQ	20	2847
MAPQ	21	3268
MAPQ	22	4390
MAPQ	23	3869
MAPQ	24	5695
MAPQ	25	9514
MAPQ	26	298
MAPQ	27	24306
MAPQ	28	388
MAPQ	29	1056
MAPQ	30	479
MAPQ	31	745
MAPQ	32	224
MAPQ	33	1850
MAPQ	34	400
MAPQ	35	462
MAPQ	36	497
MAPQ	37	822
MAPQ	38	234
MAPQ	39	2255
MAPQ	40	32389
MAPQ	41	800
MAPQ	42	695
MAPQ	43	2333
MAPQ	44	1423
MAPQ	45	2515
MAPQ	46	3485
MAPQ	47	2612
MAPQ	48	4312
MAPQ	49	10049
MAPQ	50	917
MAPQ	51	32765
MAPQ	52	1534
MAPQ	53	929
MAPQ	54	3932
MAPQ	55	1831
MAPQ	56	447
MAPQ	57	6762
MAPQ	58	487
MAPQ	59	105
MAPQ	60	3292623
# Indel distribution. Use `grep ^ID | cut -f 2-` to extract this part. The columns are: length, number of insertions, number of deletions
ID	1	4075	6299
ID	2	777	1581
ID	3	558	881
ID	4	320	588
ID	5	119	187
ID	6	92	156
ID	7	33	47
ID	8	31	70
ID	9	22	34
ID	10	20	40
ID	11	10	26
ID	12	13	41
ID	13	0	7
ID	14	13	12
ID	15	2	17
ID	16	2	13
ID	17	0	14
ID	18	3	7
ID	19	0	4
ID	20	0	3
ID	21	0	3
ID	22	0	2
ID	23	0	1
ID	24	0	5
ID	25	0	1
ID	28	0	1
# Indels per cycle. Use `grep ^IC | cut -f 2-` to extract this part. The columns are: cycle, number of insertions (fwd), .. (rev) , number of deletions (fwd), .. (rev)
IC	3	0	0	47	44
IC	4	19	26	37	40
IC	5	30	38	48	54
IC	6	40	49	39	63
IC	7	40	33	57	77
IC	8	52	35	65	82
IC	9	29	37	70	79
IC	10	46	46	71	78
IC	11	58	37	68	66
IC	12	42	62	88	63
IC	13	60	51	67	88
IC	14	45	44	93	70
IC	15	67	59	81	96
IC	16	53	53	86	88
IC	17	64	41	82	83
IC	18	51	52	78	86
IC	19	58	57	99	76
IC	20	57	45	80	79
IC	21	45	60	88	82
IC	22	64	54	73	90
IC	23	60	58	84	100
IC	24	40	33	92	90
IC	25	55	50	86	88
IC	26	55	48	82	62
IC	27	49	33	92	81
IC	28	44	52	90	84
IC	29	58	35	80	64
IC	30	50	42	85	99
IC	31	51	47	85	84
IC	32	72	60	80	66
IC	33	50	43	70	94
IC	34	54	38	75	57
IC	35	44	40	79	74
IC	36	35	39	68	69
IC	37	51	50	90	82
IC	38	51	36	85	56
IC	39	57	56	71	64
IC	40	55	31	69	62
IC	41	41	46	73	84
IC	42	41	47	88	87
IC	43	45	53	66	84
IC	44	48	52	68	73
IC	45	58	45	75	72
IC	46	50	44	68	68
IC	47	49	39	84	72
IC	48	41	40	81	77
IC	49	48	49	72	62
IC	50	46	42	86	82
IC	51	43	48	47	75
IC	52	43	45	86	83
IC	53	35	46	60	81
IC	54	50	44	77	68
IC	55	54	29	77	75
IC	56	34	47	84	71
IC	57	40	43	69	77
IC	58	43	42	71	64
IC	59	54	48	77	74
IC	60	42	40	72	62
IC	61	35	32	58	73
IC	62	35	39	62	64
IC	63	31	23	52	54
IC	64	31	40	69	70
IC	65	29	50	78	56
IC	66	30	57	62	47
IC	67	29	40	47	57
IC	68	21	23	49	57
IC	69	20	27	51	53
IC	70	22	22	39	39
IC	71	27	36	27	47
IC	72	17	20	33	34
IC	73	17	22	21	29
# Coverage distribution. Use `grep ^COV | cut -f 2-` to extract this part.
COV	[1-1]	1	25091620
COV	[2-2]	2	13025652
COV	[3-3]	3	8647958
COV	[4-4]	4	6430085
COV	[5-5]	5	4874396
COV	[6-6]	6	3720463
COV	[7-7]	7	2846485
COV	[8-8]	8	2174731
COV	[9-9]	9	1658788
COV	[10-10]	10	1279119
COV	[11-11]	11	985760
COV	[12-12]	12	765919
COV	[13-13]	13	599632
COV	[14-14]	14	474164
COV	[15-15]	15	377653
COV	[16-16]	16	303815
COV	[17-17]	17	246724
COV	[18-18]	18	201588
COV	[19-19]	19	165557
COV	[20-20]	20	135874
COV	[21-21]	21	113096
COV	[22-22]	22	95125
COV	[23-23]	23	78871
COV	[24-24]	24	65771
COV	[25-25]	25	54977
COV	[26-26]	26	47563
COV	[27-27]	27	40083
COV	[28-28]	28	34184
COV	[29-29]	29	28716
COV	[30-30]	30	24250
COV	[31-31]	31	21530
COV	[32-32]	32	18215
COV	[33-33]	33	16085
COV	[34-34]	34	14172
COV	[35-35]	35	12269
COV	[36-36]	36	10870
COV	[37-37]	37	9286
COV	[38-38]	38	7824
COV	[39-39]	39	7162
COV	[40-40]	40	6437
COV	[41-41]	41	5600
COV	[42-42]	42	5001
COV	[43-43]	43	4252
COV	[44-44]	44	3913
COV	[45-45]	45	3536
COV	[46-46]	46	3061
COV	[47-47]	47	2856
COV	[48-48]	48	2476
COV	[49-49]	49	2231
COV	[50-50]	50	2150
COV	[51-51]	51	1989
COV	[52-52]	52	1736
COV	[53-53]	53	1533
COV	[54-54]	54	1391
COV	[55-55]	55	1244
COV	[56-56]	56	1247
COV	[57-57]	57	1050
COV	[58-58]	58	929
COV	[59-59]	59	841
COV	[60-60]	60	812
COV	[61-61]	61	717
COV	[62-62]	62	638
COV	[63-63]	63	610
COV	[64-64]	64	578
COV	[65-65]	65	544
COV	[66-66]	66	520
COV	[67-67]	67	422
COV	[68-68]	68	398
COV	[69-69]	69	407
COV	[70-70]	70	397
COV	[71-71]	71	349
COV	[72-72]	72	325
COV	[73-73]	73	316
COV	[74-74]	74	326
COV	[75-75]	75	290
COV	[76-76]	76	275
COV	[77-77]	77	250
COV	[78-78]	78	268
COV	[79-79]	79	226
COV	[80-80]	80	199
COV	[81-81]	81	194
COV	[82-82]	82	164
COV	[83-83]	83	166
COV	[84-84]	84	164
COV	[85-85]	85	155
COV	[86-86]	86	147
COV	[87-87]	87	152
COV	[88-88]	88	153
COV	[89-89]	89	122
COV	[90-90]	90	147
COV	[91-91]	91	115
COV	[92-92]	92	121
COV	[93-93]	93	98
COV	[94-94]	94	99
COV	[95-95]	95	90
COV	[96-96]	96	71
COV	[97-97]	97	79
COV	[98-98]	98	91
COV	[99-99]	99	76
COV	[100-100]	100	81
COV	[101-101]	101	59
COV	[102-102]	102	60
COV	[103-103]	103	58
COV	[104-104]	104	52
COV	[105-105]	105	69
COV	[106-106]	106	70
COV	[107-107]	107	63
COV	[108-108]	108	56
COV	[109-109]	109	50
COV	[110-110]	110	67
COV	[111-111]	111	56
COV	[112-112]	112	51
COV	[113-113]	113	42
COV	[114-114]	114	53
COV	[115-115]	115	26
COV	[116-116]	116	32
COV	[117-117]	117	32
COV	[118-118]	118	34
COV	[119-119]	119	25
COV	[120-120]	120	18
COV	[121-121]	121	18
COV	[122-122]	122	18
COV	[123-123]	123	13
COV	[124-124]	124	8
COV	[125-125]	125	18
COV	[126-126]	126	13
COV	[127-127]	127	11
COV	[128-128]	128	19
COV	[129-129]	129	15
COV	[130-130]	130	15
COV	[131-131]	131	18
COV	[132-132]	132	15
COV	[133-133]	133	9
COV	[134-134]	134	8
COV	[135-135]	135	9
COV	[136-136]	136	14
COV	[137-137]	137	15
COV	[138-138]	138	15
COV	[139-139]	139	10
COV	[140-140]	140	8
COV	[141-141]	141	11
COV	[142-142]	142	11
COV	[143-143]	143	10
COV	[144-144]	144	9
COV	[145-145]	145	9
COV	[146-146]	146	14
COV	[147-147]	147	11
COV	[148-148]	148	6
COV	[149-149]	149	14
COV	[150-150]	150	4
COV	[151-151]	151	10
COV	[152-152]	152	6
COV	[153-153]	153	14
COV	[154-154]	154	9
COV	[155-155]	155	34
COV	[156-156]	156	17
COV	[157-157]	157	14
COV	[158-158]	158	29
COV	[159-159]	159	29
COV	[160-160]	160	28
COV	[161-161]	161	31
COV	[162-162]	162	29
COV	[163-163]	163	28
COV	[164-164]	164	39
COV	[165-165]	165	20
COV	[166-166]	166	19
COV	[167-167]	167	23
COV	[168-168]	168	25
COV	[169-169]	169	17
COV	[170-170]	170	14
COV	[171-171]	171	16
COV	[172-172]	172	10
COV	[173-173]	173	31
COV	[174-174]	174	15
COV	[175-175]	175	18
COV	[176-176]	176	13
COV	[177-177]	177	12
COV	[178-178]	178	15
COV	[179-179]	179	13
COV	[180-180]	180	9
COV	[181-181]	181	5
COV	[182-182]	182	8
COV	[183-183]	183	8
COV	[184-184]	184	9
COV	[185-185]	185	8
COV	[186-186]	186	7
COV	[187-187]	187	18
COV	[188-188]	188	12
COV	[189-189]	189	12
COV	[190-190]	190	16
COV	[191-191]	191	12
COV	[192-192]	192	16
COV	[193-193]	193	19
COV	[194-194]	194	9
COV	[195-195]	195	14
COV	[196-196]	196	12
COV	[197-197]	197	9
COV	[198-198]	198	13
COV	[199-199]	199	6
COV	[200-200]	200	20
COV	[201-201]	201	9
COV	[202-202]	202	11
COV	[203-203]	203	14
COV	[204-204]	204	13
COV	[205-205]	205	8
COV	[206-206]	206	7
COV	[207-207]	207	17
COV	[208-208]	208	7
COV	[209-209]	209	6
COV	[210-210]	210	9
COV	[211-211]	211	6
COV	[212-212]	212	2
COV	[213-213]	213	6
COV	[214-214]	214	2
COV	[215-215]	215	2
COV	[216-216]	216	1
COV	[217-217]	217	1
COV	[218-218]	218	2
COV	[219-219]	219	1
COV	[220-220]	220	2
COV	[221-221]	221	4
COV	[222-222]	222	2
COV	[223-223]	223	1
COV	[224-224]	224	4
COV	[225-225]	225	2
COV	[226-226]	226	5
COV	[227-227]	227	3
COV	[228-228]	228	1
COV	[229-229]	229	1
COV	[231-231]	231	1
COV	[232-232]	232	1
COV	[234-234]	234	1
COV	[235-235]	235	1
COV	[237-237]	237	1
COV	[241-241]	241	1
COV	[245-245]	245	1
COV	[248-248]	248	1
COV	[253-253]	253	2
COV	[256-256]	256	1
COV	[258-258]	258	1
COV	[259-259]	259	1
COV	[260-260]	260	2
COV	[261-261]	261	1
COV	[262-262]	262	2
COV	[264-264]	264	1
COV	[266-266]	266	1
COV	[270-270]	270	2
COV	[272-272]	272	2
COV	[274-274]	274	1
COV	[276-276]	276	1
COV	[278-278]	278	1
COV	[282-282]	282	1
COV	[284-284]	284	1
COV	[285-285]	285	1
COV	[287-287]	287	1
COV	[289-289]	289	2
COV	[294-294]	294	2
COV	[300-300]	300	1
COV	[302-302]	302	1
COV	[305-305]	305	1
COV	[306-306]	306	2
COV	[308-308]	308	1
COV	[311-311]	311	2
COV	[313-313]	313	2
COV	[315-315]	315	1
COV	[316-316]	316	2
COV	[317-317]	317	3
COV	[318-318]	318	1
COV	[320-320]	320	2
COV	[322-322]	322	1
COV	[324-324]	324	1
COV	[328-328]	328	1
COV	[341-341]	341	2
COV	[342-342]	342	2
COV	[343-343]	343	1
COV	[346-346]	346	1
COV	[347-347]	347	1
COV	[348-348]	348	1
COV	[349-349]	349	1
COV	[350-350]	350	3
COV	[351-351]	351	1
COV	[355-355]	355	1
COV	[356-356]	356	1
COV	[360-360]	360	2
COV	[361-361]	361	3
COV	[363-363]	363	2
COV	[364-364]	364	5
COV	[365-365]	365	1
COV	[366-366]	366	1
COV	[367-367]	367	2
COV	[368-368]	368	1
COV	[370-370]	370	1
COV	[371-371]	371	1
COV	[372-372]	372	1
COV	[373-373]	373	2
COV	[374-374]	374	1
COV	[375-375]	375	2
COV	[377-377]	377	4
COV	[378-378]	378	1
COV	[379-379]	379	1
COV	[384-384]	384	2
COV	[385-385]	385	1
COV	[388-388]	388	1
COV	[389-389]	389	1
COV	[393-393]	393	2
COV	[406-406]	406	1
COV	[407-407]	407	1
COV	[412-412]	412	1
COV	[415-415]	415	1
COV	[418-418]	418	1
COV	[426-426]	426	2
COV	[434-434]	434	1
COV	[436-436]	436	1
COV	[440-440]	440	1
COV	[444-444]	444	1
COV	[456-456]	456	1
COV	[459-459]	459	1
COV	[463-463]	463	1
COV	[468-468]	468	2
COV	[478-478]	478	1
COV	[479-479]	479	1
COV	[482-482]	482	1
COV	[483-483]	483	1
COV	[486-486]	486	1
COV	[490-490]	490	1
COV	[495-495]	495	1
COV	[496-496]	496	1
COV	[503-503]	503	1
COV	[505-505]	505	1
COV	[512-512]	512	1
COV	[518-518]	518	1
COV	[521-521]	521	1
COV	[527-527]	527	1
COV	[532-532]	532	1
COV	[534-534]	534	1
COV	[541-541]	541	1
COV	[542-542]	542	1
COV	[554-554]	554	1
COV	[555-555]	555	1
COV	[559-559]	559	1
COV	[560-560]	560	1
COV	[563-563]	563	1
COV	[565-565]	565	1
COV	[572-572]	572	1
COV	[577-577]	577	1
COV	[580-580]	580	2
COV	[581-581]	581	1
COV	[595-595]	595	1
COV	[596-596]	596	1
COV	[600-600]	600	2
COV	[607-607]	607	1
COV	[609-609]	609	2
COV	[618-618]	618	1
COV	[622-622]	622	1
COV	[626-626]	626	2
COV	[628-628]	628	1
COV	[629-629]	629	1
COV	[634-634]	634	1
COV	[639-639]	639	1
COV	[640-640]	640	2
COV	[649-649]	649	1
COV	[656-656]	656	1
COV	[663-663]	663	1
COV	[665-665]	665	1
COV	[669-669]	669	1
COV	[671-671]	671	1
COV	[678-678]	678	1
COV	[682-682]	682	1
COV	[688-688]	688	1
COV	[695-695]	695	1
COV	[696-696]	696	2
COV	[703-703]	703	1
COV	[707-707]	707	1
COV	[711-711]	711	1
COV	[712-712]	712	1
COV	[716-716]	716	1
COV	[722-722]	722	1
COV	[724-724]	724	1
COV	[725-725]	725	2
COV	[727-727]	727	2
COV	[728-728]	728	1
COV	[735-735]	735	1
COV	[738-738]	738	1
COV	[745-745]	745	1
COV	[755-755]	755	1
COV	[756-756]	756	1
COV	[763-763]	763	1
COV	[767-767]	767	1
COV	[768-768]	768	1
COV	[771-771]	771	1
COV	[772-772]	772	1
COV	[774-774]	774	1
COV	[779-779]	779	1
COV	[781-781]	781	1
COV	[783-783]	783	1
COV	[786-786]	786	1
COV	[791-791]	791	1
COV	[792-792]	792	2
COV	[798-798]	798	1
COV	[799-799]	799	1
COV	[800-800]	800	1
COV	[804-804]	804	1
COV	[806-806]	806	2
COV	[807-807]	807	2
COV	[809-809]	809	1
COV	[810-810]	810	1
COV	[811-811]	811	3
COV	[812-812]	812	2
COV	[813-813]	813	2
COV	[814-814]	814	1
COV	[816-816]	816	1
# GC-depth. Use `grep ^GCD | cut -f 2-` to extract this part. The columns are: GC%, unique sequence percentiles, 10th, 25th, 50th, 75th and 90th depth percentile
GCD	0.0	0.269	0.004	0.004	0.004	0.004	0.004
GCD	0.9	0.271	0.008	0.008	0.008	0.008	0.008
GCD	3.0	0.272	0.004	0.004	0.004	0.004	0.004
GCD	6.0	0.274	0.008	0.008	0.008	0.008	0.008
GCD	7.0	0.279	0.004	0.004	0.008	0.008	0.008
GCD	9.0	0.281	0.008	0.008	0.008	0.008	0.008
GCD	10.0	0.283	0.011	0.011	0.011	0.011	0.011
GCD	11.0	0.284	0.008	0.008	0.008	0.008	0.008
GCD	12.0	0.288	0.008	0.008	0.013	0.019	0.019
GCD	13.0	0.289	0.004	0.004	0.004	0.004	0.004
GCD	14.0	0.291	0.004	0.004	0.004	0.004	0.004
GCD	15.0	0.293	0.008	0.008	0.008	0.008	0.008
GCD	16.0	0.296	0.008	0.008	0.008	0.008	0.008
GCD	17.0	0.301	0.008	0.008	0.008	0.008	0.008
GCD	18.0	0.326	0.004	0.004	0.004	0.008	0.009
GCD	19.0	0.333	0.008	0.008	0.008	0.008	0.008
GCD	20.0	0.353	0.004	0.004	0.008	0.008	0.010
GCD	21.0	0.383	0.004	0.004	0.004	0.008	0.011
GCD	22.0	0.443	0.004	0.005	0.008	0.008	0.008
GCD	23.0	0.466	0.008	0.008	0.008	0.008	0.009
GCD	24.0	0.575	0.004	0.004	0.008	0.008	0.008
GCD	25.0	0.655	0.004	0.004	0.004	0.008	0.011
GCD	26.0	0.831	0.004	0.004	0.008	0.008	0.008
GCD	27.0	0.918	0.008	0.008	0.008	0.021	0.043
GCD	28.0	1.174	0.004	0.004	0.008	0.008	0.015
GCD	29.0	1.469	0.004	0.004	0.008	0.015	0.047
GCD	30.0	1.973	0.004	0.004	0.008	0.019	0.075
GCD	31.0	2.360	0.008	0.008	0.023	0.076	0.167
GCD	32.0	3.206	0.004	0.008	0.011	0.087	0.205
GCD	33.0	4.241	0.004	0.008	0.046	0.159	0.311
GCD	34.0	5.916	0.004	0.008	0.061	0.182	0.325
GCD	35.0	7.628	0.008	0.046	0.144	0.295	0.448
GCD	36.0	10.358	0.008	0.011	0.106	0.277	0.463
GCD	37.0	13.457	0.008	0.023	0.129	0.301	0.478
GCD	38.0	17.105	0.008	0.019	0.121	0.308	0.494
GCD	39.0	21.156	0.008	0.015	0.144	0.342	0.532
GCD	40.0	24.829	0.011	0.053	0.175	0.383	0.607
GCD	41.0	29.346	0.008	0.023	0.140	0.334	0.561
GCD	42.0	33.465	0.008	0.038	0.159	0.353	0.600
GCD	43.0	37.830	0.008	0.019	0.129	0.327	0.562
GCD	44.0	41.740	0.015	0.053	0.167	0.372	0.653
GCD	45.0	46.031	0.008	0.019	0.121	0.319	0.611
GCD	46.0	49.691	0.008	0.030	0.144	0.372	0.638
GCD	47.0	53.534	0.008	0.015	0.114	0.311	0.585
GCD	48.0	56.747	0.009	0.038	0.144	0.361	0.638
GCD	49.0	60.281	0.008	0.011	0.099	0.304	0.607
GCD	50.0	63.449	0.008	0.023	0.144	0.380	0.725
GCD	51.0	66.834	0.008	0.013	0.110	0.334	0.632
GCD	52.0	69.561	0.008	0.030	0.137	0.380	0.698
GCD	53.0	72.754	0.008	0.015	0.099	0.327	0.660
GCD	54.0	75.544	0.008	0.023	0.140	0.404	0.718
GCD	55.0	78.426	0.008	0.015	0.121	0.387	0.759
GCD	56.0	80.803	0.008	0.030	0.167	0.433	0.805
GCD	57.0	83.545	0.008	0.015	0.144	0.462	0.858
GCD	58.0	85.820	0.008	0.038	0.228	0.570	0.960
GCD	59.0	88.346	0.008	0.019	0.152	0.444	0.911
GCD	60.0	90.471	0.015	0.061	0.228	0.528	0.939
GCD	61.0	92.648	0.008	0.023	0.159	0.440	0.866
GCD	62.0	94.642	0.008	0.015	0.144	0.425	0.870
GCD	63.0	95.981	0.011	0.042	0.190	0.461	0.786
GCD	64.0	97.113	0.008	0.015	0.099	0.313	0.661
GCD	65.0	97.848	0.008	0.023	0.093	0.273	0.550
GCD	66.0	98.472	0.008	0.015	0.042	0.218	0.428
GCD	67.0	98.833	0.008	0.011	0.030	0.109	0.268
GCD	68.0	99.194	0.008	0.008	0.015	0.046	0.121
GCD	69.0	99.368	0.008	0.008	0.023	0.053	0.095
GCD	70.0	99.539	0.008	0.008	0.008	0.023	0.038
GCD	71.0	99.671	0.008	0.008	0.015	0.030	0.038
GCD	72.0	99.789	0.008	0.008	0.008	0.023	0.038
GCD	73.0	99.840	0.008	0.008	0.013	0.015	0.030
GCD	74.0	99.895	0.008	0.008	0.008	0.015	0.020
GCD	75.0	99.918	0.004	0.008	0.008	0.009	0.015
GCD	76.0	99.948	0.008	0.008	0.008	0.008	0.018
GCD	77.0	99.962	0.008	0.008	0.008	0.013	0.015
GCD	78.0	99.977	0.008	0.008	0.008	0.008	0.023
GCD	79.0	99.985	0.004	0.004	0.008	0.011	0.015
GCD	80.0	99.992	0.008	0.008	0.008	0.008	0.008
GCD	81.0	99.993	0.008	0.008	0.008	0.008	0.008
GCD	82.0	99.997	0.004	0.004	0.004	0.004	0.004
GCD	83.0	99.998	0.008	0.008	0.008	0.008	0.008
GCD	84.0	100.000	0.008	0.008	0.008	0.008	0.008
