chr1	248956422	7321495	14
chr10	133797422	2777617	13
chr11	135086622	3414688	20
chr11_KI270721v1_random	100316	1178	0
chr12	133275309	3042289	12
chr13	114364328	1155831	1
chr14	107043718	1905667	10
chr14_GL000009v2_random	201709	1515	0
chr14_GL000225v1_random	211173	3384	5
chr14_KI270722v1_random	194050	832	0
chr14_GL000194v1_random	191469	3105	0
chr14_KI270723v1_random	38115	521	1
chr14_KI270724v1_random	39555	737	0
chr14_KI270725v1_random	172810	1567	0
chr14_KI270726v1_random	43739	1039	0
chr15	101991189	2222210	5
chr15_KI270727v1_random	448248	19214	0
chr16	90338345	2644870	5
chr16_KI270728v1_random	1872759	42057	0
chr17	83257441	3479854	10
chr17_GL000205v2_random	185591	2541	0
chr17_KI270729v1_random	280839	2667	1
chr17_KI270730v1_random	112551	479	1
chr18	80373285	942030	3
chr19	58617616	3089321	127
chr1_KI270706v1_random	175055	1304	0
chr1_KI270707v1_random	32032	42	0
chr1_KI270708v1_random	127682	1188	0
chr1_KI270709v1_random	66860	1135	0
chr1_KI270710v1_random	40176	34	0
chr1_KI270711v1_random	42210	7257	0
chr1_KI270712v1_random	176043	2635	0
chr1_KI270713v1_random	40745	6764	0
chr1_KI270714v1_random	41717	2169	0
chr2	242193529	5512699	21
chr20	64444167	1434931	9
chr21	46709983	693816	6
chr22	50818468	1455019	3
chr22_KI270731v1_random	150754	7712	0
chr22_KI270732v1_random	41543	88	0
chr22_KI270733v1_random	179772	2811	0
chr22_KI270734v1_random	165050	12519	0
chr22_KI270735v1_random	42811	220	0
chr22_KI270736v1_random	181920	977	3
chr22_KI270737v1_random	103838	303	0
chr22_KI270738v1_random	99375	255	0
chr22_KI270739v1_random	73985	22	0
chr2_KI270715v1_random	161471	37	0
chr2_KI270716v1_random	153799	58	0
chr3	198295559	3747952	9
chr3_GL000221v1_random	155397	854	0
chr4	190214555	2578979	11
chr4_GL000008v2_random	209709	1247	0
chr5	181538259	3067405	8
chr5_GL000208v1_random	92689	47	0
chr6	170805979	2627952	12
chr7	159345973	3354912	14
chr8	145138636	1910466	7
chr9	138394717	2745994	11
chr9_KI270717v1_random	40062	381	0
chr9_KI270718v1_random	38054	1973	0
chr9_KI270719v1_random	176845	2263	0
chr9_KI270720v1_random	39050	2121	0
chr1_KI270762v1_alt	354444	11664	0
chr1_KI270766v1_alt	256271	34161	0
chr1_KI270760v1_alt	109528	210	0
chr1_KI270765v1_alt	185285	2438	0
chr1_GL383518v1_alt	182439	7617	0
chr1_GL383519v1_alt	110268	15416	0
chr1_GL383520v2_alt	366580	2604	0
chr1_KI270764v1_alt	50258	56	0
chr1_KI270763v1_alt	911658	14022	0
chr1_KI270759v1_alt	425601	4025	0
chr1_KI270761v1_alt	165834	14885	0
chr2_KI270770v1_alt	136240	223	0
chr2_KI270773v1_alt	70887	713	0
chr2_KI270774v1_alt	223625	2111	0
chr2_KI270769v1_alt	120616	3031	0
chr2_GL383521v1_alt	143390	217	0
chr2_KI270772v1_alt	133041	985	0
chr2_KI270775v1_alt	138019	67	0
chr2_KI270771v1_alt	110395	43	0
chr2_KI270768v1_alt	110099	1500	0
chr2_GL582966v2_alt	96131	2937	0
chr2_GL383522v1_alt	123821	4282	0
chr2_KI270776v1_alt	174166	3834	2
chr2_KI270767v1_alt	161578	518	0
chr3_JH636055v2_alt	173151	2880	0
chr3_KI270783v1_alt	109187	55	0
chr3_KI270780v1_alt	224108	951	0
chr3_GL383526v1_alt	180671	923	0
chr3_KI270777v1_alt	173649	2530	0
chr3_KI270778v1_alt	248252	69	0
chr3_KI270781v1_alt	113034	146	0
chr3_KI270779v1_alt	205312	10000	0
chr3_KI270782v1_alt	162429	1077	0
chr3_KI270784v1_alt	184404	5839	0
chr4_KI270790v1_alt	220246	182	0
chr4_GL383528v1_alt	376187	115	0
chr4_KI270787v1_alt	111943	70	0
chr4_GL000257v2_alt	586476	15308	0
chr4_KI270788v1_alt	158965	69	0
chr4_GL383527v1_alt	164536	2560	0
chr4_KI270785v1_alt	119912	70	0
chr4_KI270789v1_alt	205944	458	0
chr4_KI270786v1_alt	244096	149	0
chr5_KI270793v1_alt	126136	810	0
chr5_KI270792v1_alt	179043	5036	0
chr5_KI270791v1_alt	195710	5888	0
chr5_GL383532v1_alt	82728	19	0
chr5_GL949742v1_alt	226852	87	0
chr5_KI270794v1_alt	164558	1831	0
chr5_GL339449v2_alt	1612928	51803	0
chr5_GL383530v1_alt	101241	55	0
chr5_KI270796v1_alt	172708	86	0
chr5_GL383531v1_alt	173459	78	0
chr5_KI270795v1_alt	131892	4350	0
chr6_GL000250v2_alt	4672374	25724	0
chr6_KI270800v1_alt	175808	1366	0
chr6_KI270799v1_alt	152148	57	0
chr6_GL383533v1_alt	124736	453	0
chr6_KI270801v1_alt	870480	5887	0
chr6_KI270802v1_alt	75005	169	0
chr6_KB021644v2_alt	185823	286	0
chr6_KI270797v1_alt	197536	2779	0
chr6_KI270798v1_alt	271782	3035	0
chr7_KI270804v1_alt	157952	500	0
chr7_KI270809v1_alt	209586	7422	0
chr7_KI270806v1_alt	158166	3898	0
chr7_GL383534v2_alt	119183	2674	0
chr7_KI270803v1_alt	1111570	27458	0
chr7_KI270808v1_alt	271455	1289	0
chr7_KI270807v1_alt	126434	327	0
chr7_KI270805v1_alt	209988	487	0
chr8_KI270818v1_alt	145606	329	0
chr8_KI270812v1_alt	282736	534	0
chr8_KI270811v1_alt	292436	750	0
chr8_KI270821v1_alt	985506	9885	0
chr8_KI270813v1_alt	300230	30742	0
chr8_KI270822v1_alt	624492	7314	0
chr8_KI270814v1_alt	141812	319	0
chr8_KI270810v1_alt	374415	199	0
chr8_KI270819v1_alt	133535	3192	0
chr8_KI270820v1_alt	36640	236	0
chr8_KI270817v1_alt	158983	1466	0
chr8_KI270816v1_alt	305841	16548	0
chr8_KI270815v1_alt	132244	1355	0
chr9_GL383539v1_alt	162988	1095	0
chr9_GL383540v1_alt	71551	1391	0
chr9_GL383541v1_alt	171286	1096	0
chr9_GL383542v1_alt	60032	579	0
chr9_KI270823v1_alt	439082	1711	0
chr10_GL383545v1_alt	179254	1769	0
chr10_KI270824v1_alt	181496	1195	0
chr10_GL383546v1_alt	309802	4038	0
chr10_KI270825v1_alt	188315	5113	0
chr11_KI270832v1_alt	210133	12524	0
chr11_KI270830v1_alt	177092	2613	0
chr11_KI270831v1_alt	296895	6806	0
chr11_KI270829v1_alt	204059	2793	0
chr11_GL383547v1_alt	154407	62	0
chr11_JH159136v1_alt	200998	6514	0
chr11_JH159137v1_alt	191409	2181	0
chr11_KI270827v1_alt	67707	131	0
chr11_KI270826v1_alt	186169	283	0
chr12_GL877875v1_alt	167313	3091	0
chr12_GL877876v1_alt	408271	7380	1
chr12_KI270837v1_alt	40090	2217	0
chr12_GL383549v1_alt	120804	74	0
chr12_KI270835v1_alt	238139	914	0
chr12_GL383550v2_alt	169178	841	0
chr12_GL383552v1_alt	138655	718	0
chr12_GL383553v2_alt	152874	1724	0
chr12_KI270834v1_alt	119498	7237	0
chr12_GL383551v1_alt	184319	147	0
chr12_KI270833v1_alt	76061	2015	0
chr12_KI270836v1_alt	56134	103	0
chr13_KI270840v1_alt	191684	1540	1
chr13_KI270839v1_alt	180306	629	0
chr13_KI270843v1_alt	103832	50	0
chr13_KI270841v1_alt	169134	63	0
chr13_KI270838v1_alt	306913	2207	0
chr13_KI270842v1_alt	37287	100	0
chr14_KI270844v1_alt	322166	4078	0
chr14_KI270847v1_alt	1511111	26444	0
chr14_KI270845v1_alt	180703	1277	0
chr14_KI270846v1_alt	1351393	44328	0
chr15_KI270852v1_alt	478999	20072	0
chr15_KI270851v1_alt	263054	14698	0
chr15_KI270848v1_alt	327382	6921	0
chr15_GL383554v1_alt	296527	5968	0
chr15_KI270849v1_alt	244917	4133	0
chr15_GL383555v2_alt	388773	3196	1
chr15_KI270850v1_alt	430880	7786	0
chr16_KI270854v1_alt	134193	3080	0
chr16_KI270856v1_alt	63982	420	0
chr16_KI270855v1_alt	232857	8470	0
chr16_KI270853v1_alt	2659700	138362	0
chr16_GL383556v1_alt	192462	8046	0
chr16_GL383557v1_alt	89672	1768	0
chr17_GL383563v3_alt	375691	2279	0
chr17_KI270862v1_alt	391357	4896	0
chr17_KI270861v1_alt	196688	12968	0
chr17_KI270857v1_alt	2877074	72140	0
chr17_JH159146v1_alt	278131	13633	0
chr17_JH159147v1_alt	70345	5446	0
chr17_GL383564v2_alt	133151	6773	0
chr17_GL000258v2_alt	1821992	24407	0
chr17_GL383565v1_alt	223995	114	0
chr17_KI270858v1_alt	235827	150	0
chr17_KI270859v1_alt	108763	188	0
chr17_GL383566v1_alt	90219	180	0
chr17_KI270860v1_alt	178921	3531	0
chr18_KI270864v1_alt	111737	53	0
chr18_GL383567v1_alt	289831	1172	0
chr18_GL383570v1_alt	164789	108	0
chr18_GL383571v1_alt	198278	1537	0
chr18_GL383568v1_alt	104552	66	0
chr18_GL383569v1_alt	167950	181	0
chr18_GL383572v1_alt	159547	767	0
chr18_KI270863v1_alt	167999	1509	0
chr19_KI270868v1_alt	61734	2330	0
chr19_KI270865v1_alt	52969	2481	0
chr19_GL383573v1_alt	385657	1819	0
chr19_GL383575v2_alt	170222	1247	0
chr19_GL383576v1_alt	188024	1287	0
chr19_GL383574v1_alt	155864	1721	0
chr19_KI270866v1_alt	43156	1455	0
chr19_KI270867v1_alt	233762	2888	0
chr19_GL949746v1_alt	987716	16260	0
chr20_GL383577v2_alt	128386	208	0
chr20_KI270869v1_alt	118774	2914	0
chr20_KI270871v1_alt	58661	1636	0
chr20_KI270870v1_alt	183433	4871	0
chr21_GL383578v2_alt	63917	34	0
chr21_KI270874v1_alt	166743	125	0
chr21_KI270873v1_alt	143900	344	0
chr21_GL383579v2_alt	201197	133	0
chr21_GL383580v2_alt	74653	1362	0
chr21_GL383581v2_alt	116689	3209	0
chr21_KI270872v1_alt	82692	2425	0
chr22_KI270875v1_alt	259914	4023	0
chr22_KI270878v1_alt	186262	2373	0
chr22_KI270879v1_alt	304135	23132	0
chr22_KI270876v1_alt	263666	2549	0
chr22_KI270877v1_alt	101331	1707	0
chr22_GL383583v2_alt	96924	1406	0
chr22_GL383582v2_alt	162811	5407	0
chrX_KI270880v1_alt	284869	1501	0
chrX_KI270881v1_alt	144206	1600	0
chr19_KI270882v1_alt	248807	817	0
chr19_KI270883v1_alt	170399	612	0
chr19_KI270884v1_alt	157053	448	0
chr19_KI270885v1_alt	171027	775	0
chr19_KI270886v1_alt	204239	481	0
chr19_KI270887v1_alt	209512	1054	0
chr19_KI270888v1_alt	155532	563	0
chr19_KI270889v1_alt	170698	831	0
chr19_KI270890v1_alt	184499	814	0
chr19_KI270891v1_alt	170680	743	0
chr1_KI270892v1_alt	162212	14747	0
chr2_KI270894v1_alt	214158	3249	0
chr2_KI270893v1_alt	161218	503	0
chr3_KI270895v1_alt	162896	8962	0
chr4_KI270896v1_alt	378547	5169	0
chr5_KI270897v1_alt	1144418	25135	0
chr5_KI270898v1_alt	130957	4645	0
chr6_GL000251v2_alt	4795265	64010	0
chr7_KI270899v1_alt	190869	3715	0
chr8_KI270901v1_alt	136959	370	0
chr8_KI270900v1_alt	318687	1201	0
chr11_KI270902v1_alt	106711	21708	0
chr11_KI270903v1_alt	214625	3050	0
chr12_KI270904v1_alt	572349	11535	0
chr15_KI270906v1_alt	196384	2334	0
chr15_KI270905v1_alt	5161414	90858	0
chr17_KI270907v1_alt	137721	426	0
chr17_KI270910v1_alt	157099	2728	0
chr17_KI270909v1_alt	325800	13171	0
chr17_JH159148v1_alt	88070	3838	0
chr17_KI270908v1_alt	1423190	38183	1
chr18_KI270912v1_alt	174061	235	0
chr18_KI270911v1_alt	157710	795	0
chr19_GL949747v2_alt	729520	6506	0
chr22_KB663609v1_alt	74013	3658	0
chrX_KI270913v1_alt	274009	2335	0
chr19_KI270914v1_alt	205194	627	0
chr19_KI270915v1_alt	170665	763	0
chr19_KI270916v1_alt	184516	754	0
chr19_KI270917v1_alt	190932	802	0
chr19_KI270918v1_alt	123111	541	0
chr19_KI270919v1_alt	170701	667	0
chr19_KI270920v1_alt	198005	992	0
chr19_KI270921v1_alt	282224	960	0
chr19_KI270922v1_alt	187935	801	0
chr19_KI270923v1_alt	189352	633	0
chr3_KI270924v1_alt	166540	7165	0
chr4_KI270925v1_alt	555799	1093	0
chr6_GL000252v2_alt	4604811	64641	0
chr8_KI270926v1_alt	229282	1819	0
chr11_KI270927v1_alt	218612	18873	1
chr19_GL949748v2_alt	1064304	3409	0
chr22_KI270928v1_alt	176103	6187	0
chr19_KI270929v1_alt	186203	889	0
chr19_KI270930v1_alt	200773	601	0
chr19_KI270931v1_alt	170148	702	0
chr19_KI270932v1_alt	215732	643	0
chr19_KI270933v1_alt	170537	843	0
chr19_GL000209v2_alt	177381	821	0
chr3_KI270934v1_alt	163458	9080	0
chr6_GL000253v2_alt	4677643	40647	0
chr19_GL949749v2_alt	1091841	3413	0
chr3_KI270935v1_alt	197351	5130	0
chr6_GL000254v2_alt	4827813	61529	0
chr19_GL949750v2_alt	1066390	3405	0
chr3_KI270936v1_alt	164170	9201	0
chr6_GL000255v2_alt	4606388	58566	0
chr19_GL949751v2_alt	1002683	3744	0
chr3_KI270937v1_alt	165607	8691	0
chr6_GL000256v2_alt	4929269	58912	0
chr19_GL949752v1_alt	987100	17725	0
chr6_KI270758v1_alt	76752	406	0
chr19_GL949753v2_alt	796479	9529	0
chr19_KI270938v1_alt	1066800	19192	0
chrM	16569	15001	0
chrUn_KI270302v1	2274	0	0
chrUn_KI270304v1	2165	0	0
chrUn_KI270303v1	1942	0	0
chrUn_KI270305v1	1472	0	0
chrUn_KI270322v1	21476	0	0
chrUn_KI270320v1	4416	0	0
chrUn_KI270310v1	1201	2	0
chrUn_KI270316v1	1444	0	0
chrUn_KI270315v1	2276	0	0
chrUn_KI270312v1	998	0	0
chrUn_KI270311v1	12399	0	0
chrUn_KI270317v1	37690	0	0
chrUn_KI270412v1	1179	0	0
chrUn_KI270411v1	2646	0	0
chrUn_KI270414v1	2489	0	0
chrUn_KI270419v1	1029	0	0
chrUn_KI270418v1	2145	0	0
chrUn_KI270420v1	2321	0	0
chrUn_KI270424v1	2140	0	0
chrUn_KI270417v1	2043	0	0
chrUn_KI270422v1	1445	2	0
chrUn_KI270423v1	981	0	0
chrUn_KI270425v1	1884	0	0
chrUn_KI270429v1	1361	1	0
chrUn_KI270442v1	392061	3418	1
chrUn_KI270466v1	1233	35	0
chrUn_KI270465v1	1774	0	0
chrUn_KI270467v1	3920	71	0
chrUn_KI270435v1	92983	110	0
chrUn_KI270438v1	112505	2839	0
chrUn_KI270468v1	4055	4	0
chrUn_KI270510v1	2415	10	0
chrUn_KI270509v1	2318	2	0
chrUn_KI270518v1	2186	2	0
chrUn_KI270508v1	1951	10	0
chrUn_KI270516v1	1300	0	0
chrUn_KI270512v1	22689	43	0
chrUn_KI270519v1	138126	107	0
chrUn_KI270522v1	5674	2	0
chrUn_KI270511v1	8127	10	0
chrUn_KI270515v1	6361	6	0
chrUn_KI270507v1	5353	2	0
chrUn_KI270517v1	3253	4	0
chrUn_KI270529v1	1899	0	0
chrUn_KI270528v1	2983	2	0
chrUn_KI270530v1	2168	2	0
chrUn_KI270539v1	993	0	0
chrUn_KI270538v1	91309	70	0
chrUn_KI270544v1	1202	0	0
chrUn_KI270548v1	1599	0	0
chrUn_KI270583v1	1400	2	0
chrUn_KI270587v1	2969	4	0
chrUn_KI270580v1	1553	4	0
chrUn_KI270581v1	7046	3	0
chrUn_KI270579v1	31033	7	0
chrUn_KI270589v1	44474	71	0
chrUn_KI270590v1	4685	10	0
chrUn_KI270584v1	4513	8	0
chrUn_KI270582v1	6504	6	0
chrUn_KI270588v1	6158	2	0
chrUn_KI270593v1	3041	2	0
chrUn_KI270591v1	5796	14	0
chrUn_KI270330v1	1652	48	0
chrUn_KI270329v1	1040	0	0
chrUn_KI270334v1	1368	4	0
chrUn_KI270333v1	2699	23	0
chrUn_KI270335v1	1048	0	0
chrUn_KI270338v1	1428	0	0
chrUn_KI270340v1	1428	0	0
chrUn_KI270336v1	1026	8	0
chrUn_KI270337v1	1121	36	0
chrUn_KI270363v1	1803	0	0
chrUn_KI270364v1	2855	0	0
chrUn_KI270362v1	3530	0	0
chrUn_KI270366v1	8320	1	0
chrUn_KI270378v1	1048	0	0
chrUn_KI270379v1	1045	0	0
chrUn_KI270389v1	1298	0	0
chrUn_KI270390v1	2387	0	0
chrUn_KI270387v1	1537	0	0
chrUn_KI270395v1	1143	0	0
chrUn_KI270396v1	1880	4	0
chrUn_KI270388v1	1216	0	0
chrUn_KI270394v1	970	0	0
chrUn_KI270386v1	1788	4	0
chrUn_KI270391v1	1484	0	0
chrUn_KI270383v1	1750	0	0
chrUn_KI270393v1	1308	0	0
chrUn_KI270384v1	1658	2	0
chrUn_KI270392v1	971	0	0
chrUn_KI270381v1	1930	0	0
chrUn_KI270385v1	990	0	0
chrUn_KI270382v1	4215	0	0
chrUn_KI270376v1	1136	0	0
chrUn_KI270374v1	2656	0	0
chrUn_KI270372v1	1650	0	0
chrUn_KI270373v1	1451	0	0
chrUn_KI270375v1	2378	0	0
chrUn_KI270371v1	2805	0	0
chrUn_KI270448v1	7992	2	0
chrUn_KI270521v1	7642	6	0
chrUn_GL000195v1	182896	704	0
chrUn_GL000219v1	179198	2622	0
chrUn_GL000220v1	161802	2476	0
chrUn_GL000224v1	179693	2171	0
chrUn_KI270741v1	157432	134	0
chrUn_GL000226v1	15008	60	0
chrUn_GL000213v1	164239	6964	0
chrUn_KI270743v1	210658	1013	0
chrUn_KI270744v1	168472	3801	0
chrUn_KI270745v1	41891	61	0
chrUn_KI270746v1	66486	10325	0
chrUn_KI270747v1	198735	441	0
chrUn_KI270748v1	93321	92	0
chrUn_KI270749v1	158759	1331	0
chrUn_KI270750v1	148850	4129	0
chrUn_KI270751v1	150742	819	0
chrUn_KI270752v1	27745	0	0
chrUn_KI270753v1	62944	141	0
chrUn_KI270754v1	40191	1776	0
chrUn_KI270755v1	36723	19	0
chrUn_KI270756v1	79590	153	1
chrUn_KI270757v1	71251	126	0
chrUn_GL000214v1	137718	976	0
chrUn_KI270742v1	186739	1424	0
chrUn_GL000216v2	176608	2237	0
chrUn_GL000218v1	161147	2346	0
chrX	156040895	4198406	16
chrY	57227415	73752	11
chrY_KI270740v1_random	37240	0	0
*	0	0	85256
