Sample	samtools_stats-error_rate	samtools_stats-non_primary_alignments	samtools_stats-reads_mapped	samtools_stats-reads_mapped_percent	samtools_stats-reads_properly_paired_percent	samtools_stats-reads_MQ0_percent	samtools_stats-raw_total_sequences	samtools_stats-insert_size_average	samtools_flagstat-flagstat_total	samtools_flagstat-mapped_passed	samtools_flagstat-mapped_passed_pct
HG00097	0.33812820000000005	0.0	54.277426999999996	99.90417542679585	99.12338581213945	11.018425205847697	54.329488	174.4	54.339008	54.286947	99.9
HG00105	0.3635509	0.0	54.049591	99.86533321202822	99.36222060498488	10.340685448315408	54.122476	182.9	54.131996	54.059110999999994	99.87
HG00106	0.38422399999999995	0.0	61.616659999999996	99.86240218237594	99.06187461062574	10.535401373968503	61.70156	176.5	61.715219999999995	61.63032	99.86
HG00125	0.41415949999999996	0.0	92.95544799999999	99.9277788641323	93.77113504531101	6.253360069479867	93.02262999999999	248.2	93.099401	93.032219	99.93
HG00145	0.5226911	0.0	176.961063	99.6424509562307	99.13980634795179	8.966807798929949	177.596056	189.2	177.656813	177.02182	99.64
HG00171	0.4079467	0.0	114.97196299999999	99.97579387094586	99.34413103327137	5.786710063843589	114.9998	256.8	115.03681999999999	115.008983	99.98
HG00173	0.23512429999999998	0.0	67.377752	99.87306596203162	98.74813873113337	11.391672514035985	67.463386	163.8	67.47827699999999	67.39264299999999	99.87
HG00313	0.4050348	0.0	89.621532	99.9080152973256	97.63876648328662	5.972982534143443	89.70404599999999	258.9	89.762923	89.680409	99.91
HG00324	0.4864353	0.0	84.371101	99.93513480655643	95.66803367271433	5.881332763144716	84.42586399999999	255.5	84.49615899999999	84.441396	99.94
HG00376	0.3990623	0.0	87.376368	99.91371935052422	98.41054655213472	6.069680286363845	87.45182199999999	240.9	87.515084	87.43963	99.91
HG00407	0.37972890000000004	0.0	77.83604	99.94911375912692	95.57185949274938	6.123372193738357	77.87566799999999	266.2	77.927936	77.888308	99.95
HG00699	0.6641353	0.0	99.958548	99.90292205300089	94.28827428887595	6.245770355066299	100.05568	241.5	100.16148299999999	100.064351	99.9
HG00956	0.27074909999999996	0.0	74.714019	99.33524219756399	98.26367720588226	6.047459775113706	75.21401	243.3	75.238238	74.738247	99.34
HG01501	0.44025699999999995	0.0	60.896246999999995	99.86917316020298	99.32103472807835	10.120471949464724	60.97602	185.9	60.990857999999996	60.911085	99.87
HG01503	0.3846314	0.0	48.834421999999996	99.93741124272042	99.4499785797632	10.329705065420436	48.865006	184.7	48.876732999999994	48.846149	99.94
HG01504	0.327747	0.0	56.062495	99.91130459466045	99.36727557455175	10.149091471340382	56.112263999999996	175.2	56.125187	56.075418	99.91
HG01522	0.4563382	0.0	141.128139	99.18226646323292	97.41232422921404	8.119083202221217	142.291706	333.4	142.36825299999998	141.20468599999998	99.18
HG01596	0.3799439	0.0	0.24465299999999998	99.95056664515022	98.9565885265592	6.333188982489971	0.244774	231.6	0.24492399999999998	0.244803	99.95
HG01770	0.2628971	0.0	70.056015	99.88675197912062	99.35860958857292	10.118048446889377	70.135442	189.0	70.15334	70.07391299999999	99.89
HG01880	0.3739893	0.0	110.069355	99.98491451616692	98.83403480636342	6.24159236579138	110.085962	226.2	110.161417	110.14480999999999	99.98
HG01882	0.3522364	0.0	118.00519399999999	99.9887034684707	98.41609443588543	6.454351920985693	118.018526	203.5	118.08852999999999	118.075198	99.99
HG01886	0.3026941	0.0	341.293145	99.97682266315097	98.09246835535257	8.857026481465837	341.37226599999997	282.7	341.499141	341.42001999999997	99.98
HG01890	0.3465863	0.0	68.666477	99.90932621604487	99.36457202014714	10.306257947542106	68.728796	182.4	68.747748	68.685429	99.91
HG01986	0.2867508	0.0	116.506897	99.97439519843768	98.38450941340935	6.44950790452892	116.53673599999999	225.4	116.616141	116.58630199999999	99.97
HG02013	0.45569319999999996	0.0	98.276619	99.94039471020926	98.15968095748225	6.269551486897392	98.33523199999999	229.0	98.42590799999999	98.367295	99.94
HG02085	0.3603066	0.0	61.449301999999996	99.86972744014744	99.26102063177609	9.931303149135493	61.529458	188.0	61.547110999999994	61.466955	99.87
HG02372	0.3823682	0.0	104.045194	99.9738028672293	99.27324287853372	6.40941429479834	104.072458	222.8	104.148234	104.12097	99.97
HG02511	0.26361599999999996	0.0	59.969877	99.90704477554054	99.32669477397287	10.425080774603215	60.025673999999995	185.0	60.039766	59.983968999999995	99.91
HG02651	0.2998025	0.0	69.258575	99.9970329464228	99.56069414904253	8.645442584048109	69.26062999999999	230.9	69.326746	69.324691	100.0
HG02691	0.2609339	0.0	60.111061	99.99676442731878	99.32789253626744	8.376556647325206	60.113006	247.6	60.16818	60.166235	100.0
HG02813	0.3383867	0.0	0.229342	99.99128015974748	99.4070508628282	8.664905258935656	0.22936199999999998	239.6	0.229598	0.22957799999999998	99.99
HG02814	0.3368542	0.0	0.228901	99.97859794715002	99.37104171216423	8.460362524568684	0.22895	249.4	0.229179	0.22913	99.98
HG02840	0.3347889	0.0	0.451117	99.99224208249105	99.34523176224421	8.288115756995424	0.451152	243.0	0.451521	0.451486	99.99
HG02852	0.3726392	0.0	78.71271899999999	99.95808407430265	99.36758980417552	8.53459399180598	78.74572599999999	238.6	78.826167	78.79316	99.96
HG02878	0.3403339	0.0	0.191488	99.94363139105201	98.9477859663041	8.698511451178522	0.191596	226.0	0.19197	0.191862	99.94
HG02895	0.3621707	0.0	64.783659	99.98578084330016	99.39944011125175	8.73709533974663	64.792872	220.6	64.86483799999999	64.855625	99.99
HG02977	0.32285539999999996	0.0	74.234033	99.98505356512946	99.43647212955247	8.986936920980542	74.24513	230.5	74.31116399999999	74.300067	99.99
HG02981	0.2838561	0.0	59.032816999999994	99.98859239311301	95.98709353350107	8.603230932375638	59.039552	231.6	59.104884	59.098149	99.99
HG02982	0.2535786	0.0	0.357157	99.99356066969035	99.11977154375946	8.852679321350578	0.35718	236.0	0.35752799999999996	0.35750499999999996	99.99
HG03076	0.1699322	0.0	8.791908	99.98582988538584	99.2793939466999	10.336313909661994	8.793154	157.5	8.795454	8.794208	99.99
HG03078	0.2374269	0.0	7.021787	99.5526234230525	98.42313048197578	10.765393199422345	7.053342	126.4	7.055829999999999	7.024274999999999	99.55
HG03105	0.2923831	0.0	61.84574	99.99162179021357	99.30046636976567	8.510112428073423	61.850922	227.2	61.919366	61.914184	99.99
HG03139	0.32555280000000003	0.0	64.67570599999999	99.9932436690396	99.2402915543884	8.590548038317085	64.680076	224.6	64.747104	64.742734	99.99
HG03157	0.3399487	0.0	68.840901	99.99063290017699	99.26427378831575	8.654356340512743	68.84734999999999	244.6	68.938307	68.93185799999999	99.99
HG03267	0.3188097	0.0	63.383612	99.98891949908815	99.32280534304783	8.486075135766109	63.390636	240.5	63.465959999999995	63.458935999999994	99.99
HG03303	0.3785637	0.0	63.770129	99.96752668768578	99.12130336447656	8.156455807356929	63.790844	223.3	63.873414999999994	63.8527	99.97
HG03436	0.1595201	0.0	3.887774	99.99017529132061	98.87103295238154	10.371754631244219	3.888156	160.5	3.889573	3.889191	99.99
HG03437	0.1754465	0.0	3.505997	99.96701028811395	98.91957980744502	10.225185435256051	3.507154	163.9	3.508618	3.5074609999999997	99.97
HG03446	0.3255508	0.0	66.818225	99.98051360644948	99.27218477200964	8.823079287700867	66.831248	236.7	66.908542	66.895519	99.98
HG03558	0.2516198	0.0	27.890822999999997	99.95246932653518	99.27898731390091	14.549980243036808	27.904086	222.5	27.933512	27.920249	99.95
HG03572	0.1577768	0.0	3.147208	99.97083979484938	98.72584515359296	10.315597279143212	3.148126	164.1	3.1498019999999998	3.148884	99.97
HG03603	0.2705983	0.0	83.097967	99.9865586381127	99.24537058728728	8.6993490414977	83.109138	216.0	83.22846799999999	83.217297	99.99
HG03619	0.3711109	0.0	149.225232	99.96879518016436	99.21384621498397	8.416832241575523	149.27181199999998	210.7	149.528201	149.481621	99.97
HG03672	0.3397421	0.0	55.013631	99.99646100237281	99.58676068076574	8.772807949050359	55.015578	221.0	55.064543	55.062596	100.0
HG03723	0.3618544	0.0	62.162948	99.99531575691223	99.65852318298178	8.266635416931416	62.165859999999995	226.9	62.210611	62.207699	100.0
HG03790	0.2969482	0.0	72.70306099999999	99.99564686523544	99.50405072599973	8.754012345517701	72.706226	211.4	72.774625	72.77145999999999	100.0
HG03814	0.24642779999999997	0.0	46.279402999999995	99.98778223417155	99.43360987038193	8.029338539448304	46.285058	218.8	46.328702	46.323046999999995	99.99
NA06989	0.4781744	0.0	0.47252299999999997	99.3484321583106	98.70989987847493	8.584127731686086	0.475622	174.2	0.475886	0.47278699999999996	99.35
NA11840	0.30838329999999997	0.0	48.725168	99.91794555385849	96.81736858892478	8.434489181235907	48.765181999999996	254.9	48.991785	48.951771	99.92
NA12046	0.2187672	0.0	49.531687999999995	99.30220574900281	98.36493152952302	11.156438126208581	49.879746	170.2	49.898948	49.550889999999995	99.3
NA12234	0.1854851	0.0	64.715893	99.92358417885703	99.28092451362598	10.605975871308043	64.765384	185.7	64.794539	64.745048	99.92
NA12347	0.30493780000000004	0.0	112.72429799999999	99.98118594700578	99.25578943232418	6.001453184255409	112.74551	258.9	112.773771	112.75255899999999	99.98
NA18488	0.5111934	0.0	180.99990499999998	99.80700128064029	99.31581217013907	8.916511829716505	181.349908	180.4	181.43074299999998	181.08074	99.81
NA18498	0.6750454	0.0	79.134455	99.69809417657575	99.37715191443455	9.36242922596026	79.37409	144.0	79.416736	79.177101	99.7
NA18499	0.38054899999999997	0.0	0.589625	99.98863813651873	99.2565610522103	9.413558264314252	0.589692	183.7	0.589834	0.5897669999999999	99.99
NA18526	0.4412544	0.0	97.484786	99.93908402924517	96.48278443109169	5.926919944378859	97.544206	280.7	97.660989	97.601569	99.94
NA18530	0.29777950000000003	0.0	113.332386	99.98355374421483	99.43857765454055	5.903934104594093	113.351028	251.9	113.388188	113.369546	99.98
NA18645	0.23119040000000002	0.0	46.444339	99.91257175973831	98.4776674099892	11.023984521451876	46.48498	161.7	46.498166	46.457525	99.91
NA18858	0.3179017	0.0	123.041224	99.96729483537726	99.29625804461008	5.980225554327516	123.08147799999999	260.4	123.113559	123.07330499999999	99.97
NA18870	0.46508570000000005	0.0	137.360999	99.97543501480224	99.01078170745244	9.346820748245475	137.39475	185.8	137.430492	137.396741	99.98
NA18946	0.2210603	0.0	0.153657	99.86157145642426	98.87437447195686	10.547215181646845	0.15387	171.6	0.153913	0.1537	99.86
NA18993	0.2157286	0.0	64.010697	99.80443626434301	99.3344686685463	10.222332737163848	64.136124	199.2	64.147663	64.02223599999999	99.8
NA19001	0.2133903	0.0	0.248196	99.81982271842473	99.34846608001801	10.381509306478339	0.24864399999999998	203.1	0.24867799999999998	0.24822999999999998	99.82
NA19020	0.3600194	0.0	46.337337999999995	99.81332930438262	98.59913831635096	10.858980736644009	46.423998	166.0	46.434019	46.347359	99.81
NA19036	0.2010501	0.0	59.322261	99.93864250557316	99.0826447258381	11.152449442863304	59.358681999999995	163.6	59.371047	59.334626	99.94
NA19175	0.1756372	0.0	54.462371	99.94950805914728	99.3761227313312	10.927721923577595	54.489883999999996	187.2	54.497358999999996	54.469846	99.95
NA19184	0.2080302	0.0	62.992252	99.90430211021301	99.33568155294869	10.514102259269531	63.052592	189.2	63.075778	63.015437999999996	99.9
NA19201	0.27455650000000004	0.0	52.674834	99.95267152558675	96.9106320300109	9.231251760918301	52.699776	253.6	52.818788999999995	52.793847	99.95
NA19307	0.2319279	0.0	74.808612	99.84967413378834	99.38070163763177	10.451682605671838	74.921238	186.2	74.937759	74.825133	99.85
NA19324	0.29087280000000004	0.0	50.391186	99.97969898386589	97.60782127201263	9.083998390680199	50.401418	250.6	50.459294	50.449062	99.98
NA19347	0.6516641	0.0	129.305844	99.85448931671665	99.33520920523804	9.40958685801948	129.494272	169.4	129.548338	129.35990999999999	99.85
NA19372	0.22118149999999998	0.0	72.006109	99.95919928368652	98.89532522159213	10.720840418960096	72.0355	166.0	72.049768	72.020377	99.96
NA19922	0.2487653	0.0	65.5033	99.97456958232057	99.67037221419633	9.7523957660415	65.51996199999999	211.9	65.532415	65.515753	99.97
NA20274	0.8485905	0.0	49.449155999999995	99.98322598584335	99.4030545690061	8.64199595239965	49.457451999999996	207.4	49.513121999999996	49.504825999999994	99.98
NA20339	0.2336869	0.0	72.226111	99.85301613268118	99.46242368637203	10.134842978034692	72.332428	209.3	72.346606	72.24028899999999	99.85
NA20342	0.2943407	0.0	50.713024	99.97487273234098	99.05344364412802	8.583422193492577	50.72577	246.5	50.758542	50.745796	99.97
NA20351	0.23779360000000002	0.0	79.154367	99.84457775213174	99.42003528816002	10.209505380726673	79.277582	195.4	79.294462	79.171247	99.84
NA20355	0.8055945	0.0	45.908296	99.98431030915485	99.25841164748289	9.039903736211082	45.915499999999994	218.7	45.98564	45.978435999999995	99.98
NA20503	0.2542081	0.0	74.789959	99.90771055244278	99.30771225697961	10.29894904084137	74.85904599999999	175.0	74.875653	74.806566	99.91
NA20506	0.2315457	0.0	49.051033999999994	99.82747814607858	99.25192228461349	10.637229015322514	49.135804	170.4	49.149434	49.064664	99.83
NA20507	0.2167627	0.0	54.052259	99.8339058567011	99.1428606151957	11.180388985402253	54.142185999999995	174.2	54.157346	54.067419	99.83
NA20511	0.7731764	0.0	58.323752999999996	99.98442558203665	99.51539474215193	8.611098263382969	58.332837999999995	221.5	58.385805	58.37672	99.98
NA20761	0.3955111	0.0	86.71676699999999	99.85140677016396	99.03063376203717	5.894598443167336	86.84581399999999	262.7	86.87204299999999	86.74299599999999	99.85
NA20864	0.3532797	0.0	106.036982	99.97805209981571	98.30723779104446	6.233824054363057	106.06026	224.1	106.129352	106.10607399999999	99.98
NA20900	0.2866183	0.0	54.584329999999994	99.99099089989296	99.45833289368632	8.430572262142173	54.589248	219.9	54.634771	54.629853	99.99
NA21092	0.37067659999999997	0.0	59.645931999999995	99.92793975380097	98.00927622375092	8.714556920289962	59.688944	239.6	59.76627	59.723257999999994	99.93
