Sample	total_passed	total_failed	secondary_passed	secondary_failed	supplementary_passed	supplementary_failed	duplicates_passed	duplicates_failed	mapped_passed	mapped_failed	mapped_passed_pct	mapped_failed_pct	paired in sequencing_passed	paired in sequencing_failed	read1_passed	read1_failed	read2_passed	read2_failed	properly paired_passed	properly paired_failed	properly paired_passed_pct	properly paired_failed_pct	with itself and mate mapped_passed	with itself and mate mapped_failed	singletons_passed	singletons_failed	singletons_passed_pct	singletons_failed_pct	with mate mapped to a different chr_passed	with mate mapped to a different chr_failed	with mate mapped to a different chr (mapQ >= 5)_passed	with mate mapped to a different chr (mapQ >= 5)_failed	flagstat_total
HG00097	54339008	0	0	0	9520	0	0	0	54286947	0	99.9	nan	54329488	0	27164744	0	27164744	0	53853228	0	99.12	nan	54277134	0	293	0	0.0	nan	52434	0	30380	0	54339008
HG00105	54131996	0	0	0	9520	0	0	0	54059111	0	99.87	nan	54122476	0	27061238	0	27061238	0	53777294	0	99.36	nan	54049314	0	277	0	0.0	nan	36858	0	21241	0	54131996
HG00106	61715220	0	0	0	13660	0	0	0	61630320	0	99.86	nan	61701560	0	30850780	0	30850780	0	61122722	0	99.06	nan	61616340	0	320	0	0.0	nan	61002	0	34299	0	61715220
HG00125	93099401	0	0	0	76771	0	0	0	93032219	0	99.93	nan	93022630	0	46511315	0	46511315	0	87228376	0	93.77	nan	92914166	0	41282	0	0.04	nan	5094768	0	4587971	0	93099401
HG00145	177656813	0	0	0	60757	0	0	0	177021820	0	99.64	nan	177596056	0	88798028	0	88798028	0	176068386	0	99.14	nan	176948198	0	12865	0	0.01	nan	413570	0	284545	0	177656813
HG00171	115036820	0	0	0	37020	0	0	0	115008983	0	99.98	nan	114999800	0	57499900	0	57499900	0	114245552	0	99.34	nan	114969342	0	2621	0	0.0	nan	316418	0	269509	0	115036820
HG00173	67478277	0	0	0	14891	0	0	0	67392643	0	99.87	nan	67463386	0	33731693	0	33731693	0	66618838	0	98.75	nan	67377374	0	378	0	0.0	nan	115592	0	75279	0	67478277
HG00313	89762923	0	0	0	58877	0	0	0	89680409	0	99.91	nan	89704046	0	44852023	0	44852023	0	87585924	0	97.64	nan	89600532	0	21000	0	0.02	nan	1250438	0	1105681	0	89762923
HG00324	84496159	0	0	0	70295	0	0	0	84441396	0	99.94	nan	84425864	0	42212932	0	42212932	0	80768564	0	95.67	nan	84332476	0	38625	0	0.05	nan	3046254	0	2740741	0	84496159
HG00376	87515084	0	0	0	63262	0	0	0	87439630	0	99.91	nan	87451822	0	43725911	0	43725911	0	86061816	0	98.41	nan	87354812	0	21556	0	0.02	nan	987982	0	873132	0	87515084
HG00407	77927936	0	0	0	52268	0	0	0	77888308	0	99.95	nan	77875668	0	38937834	0	38937834	0	74427224	0	95.57	nan	77808206	0	27834	0	0.04	nan	3094636	0	2787301	0	77927936
HG00699	100161483	0	0	0	105803	0	0	0	100064351	0	99.9	nan	100055680	0	50027840	0	50027840	0	94340774	0	94.29	nan	99901902	0	56646	0	0.06	nan	4954980	0	4436086	0	100161483
HG00956	75238238	0	0	0	24228	0	0	0	74738247	0	99.34	nan	75214010	0	37607005	0	37607005	0	73908052	0	98.26	nan	74711480	0	2539	0	0.0	nan	165312	0	125657	0	75238238
HG01501	60990858	0	0	0	14838	0	0	0	60911085	0	99.87	nan	60976020	0	30488010	0	30488010	0	60562014	0	99.32	nan	60895644	0	603	0	0.0	nan	57078	0	34544	0	60990858
HG01503	48876733	0	0	0	11727	0	0	0	48846149	0	99.94	nan	48865006	0	24432503	0	24432503	0	48596238	0	99.45	nan	48834114	0	308	0	0.0	nan	44484	0	27904	0	48876733
HG01504	56125187	0	0	0	12923	0	0	0	56075418	0	99.91	nan	56112264	0	28056132	0	28056132	0	55757228	0	99.37	nan	56062178	0	317	0	0.0	nan	48098	0	28374	0	56125187
HG01522	142368253	0	0	0	76547	0	0	0	141204686	0	99.18	nan	142291706	0	71145853	0	71145853	0	138609658	0	97.41	nan	141108554	0	19585	0	0.01	nan	2090618	0	1835531	0	142368253
HG01596	244924	0	0	0	150	0	0	0	244803	0	99.95	nan	244774	0	122387	0	122387	0	242220	0	98.96	nan	244644	0	9	0	0.0	nan	1040	0	873	0	244924
HG01770	70153340	0	0	0	17898	0	0	0	70073913	0	99.89	nan	70135442	0	35067721	0	35067721	0	69685600	0	99.36	nan	70055564	0	451	0	0.0	nan	74008	0	47155	0	70153340
HG01880	110161417	0	0	0	75455	0	0	0	110144810	0	99.98	nan	110085962	0	55042981	0	55042981	0	108802398	0	98.83	nan	110065318	0	4037	0	0.0	nan	446326	0	369744	0	110161417
HG01882	118088530	0	0	0	70004	0	0	0	118075198	0	99.99	nan	118018526	0	59009263	0	59009263	0	116149224	0	98.42	nan	117999178	0	6016	0	0.01	nan	526344	0	431290	0	118088530
HG01886	341499141	0	0	0	126875	0	0	0	341420020	0	99.98	nan	341372266	0	170686133	0	170686133	0	334860482	0	98.09	nan	341274380	0	18765	0	0.01	nan	5801962	0	5028913	0	341499141
HG01890	68747748	0	0	0	18952	0	0	0	68685429	0	99.91	nan	68728796	0	34364398	0	34364398	0	68292074	0	99.36	nan	68666014	0	463	0	0.0	nan	65004	0	35421	0	68747748
HG01986	116616141	0	0	0	79405	0	0	0	116586302	0	99.97	nan	116536736	0	58268368	0	58268368	0	114654096	0	98.38	nan	116503006	0	3891	0	0.0	nan	379020	0	288717	0	116616141
HG02013	98425908	0	0	0	90676	0	0	0	98367295	0	99.94	nan	98335232	0	49167616	0	49167616	0	96525550	0	98.16	nan	98260446	0	16173	0	0.02	nan	447232	0	350268	0	98425908
HG02085	61547111	0	0	0	17653	0	0	0	61466955	0	99.87	nan	61529458	0	30764729	0	30764729	0	61074768	0	99.26	nan	61448794	0	508	0	0.0	nan	65284	0	36296	0	61547111
HG02372	104148234	0	0	0	75776	0	0	0	104120970	0	99.97	nan	104072458	0	52036229	0	52036229	0	103316104	0	99.27	nan	104040908	0	4286	0	0.0	nan	487020	0	420279	0	104148234
HG02511	60039766	0	0	0	14092	0	0	0	59983969	0	99.91	nan	60025674	0	30012837	0	30012837	0	59621518	0	99.33	nan	59969556	0	321	0	0.0	nan	58112	0	36612	0	60039766
HG02651	69326746	0	0	0	66116	0	0	0	69324691	0	100.0	nan	69260630	0	34630315	0	34630315	0	68956364	0	99.56	nan	69257318	0	1257	0	0.0	nan	227188	0	190619	0	69326746
HG02691	60168180	0	0	0	55174	0	0	0	60166235	0	100.0	nan	60113006	0	30056503	0	30056503	0	59708982	0	99.33	nan	60109936	0	1125	0	0.0	nan	200524	0	163901	0	60168180
HG02813	229598	0	0	0	236	0	0	0	229578	0	99.99	nan	229362	0	114681	0	114681	0	228002	0	99.41	nan	229336	0	6	0	0.0	nan	962	0	781	0	229598
HG02814	229179	0	0	0	229	0	0	0	229130	0	99.98	nan	228950	0	114475	0	114475	0	227510	0	99.37	nan	228896	0	5	0	0.0	nan	964	0	815	0	229179
HG02840	451521	0	0	0	369	0	0	0	451486	0	99.99	nan	451152	0	225576	0	225576	0	448198	0	99.35	nan	451106	0	11	0	0.0	nan	2134	0	1809	0	451521
HG02852	78826167	0	0	0	80441	0	0	0	78793160	0	99.96	nan	78745726	0	39372863	0	39372863	0	78247730	0	99.37	nan	78710208	0	2511	0	0.0	nan	319382	0	268414	0	78826167
HG02878	191970	0	0	0	374	0	0	0	191862	0	99.94	nan	191596	0	95798	0	95798	0	189580	0	98.95	nan	191482	0	6	0	0.0	nan	1468	0	1130	0	191970
HG02895	64864838	0	0	0	71966	0	0	0	64855625	0	99.99	nan	64792872	0	32396436	0	32396436	0	64403752	0	99.4	nan	64781836	0	1823	0	0.0	nan	293858	0	241481	0	64864838
HG02977	74311164	0	0	0	66034	0	0	0	74300067	0	99.99	nan	74245130	0	37122565	0	37122565	0	73826738	0	99.44	nan	74232430	0	1603	0	0.0	nan	274818	0	227787	0	74311164
HG02981	59104884	0	0	0	65332	0	0	0	59098149	0	99.99	nan	59039552	0	29519776	0	29519776	0	56670350	0	95.99	nan	59029988	0	2829	0	0.0	nan	2176990	0	1915947	0	59104884
HG02982	357528	0	0	0	348	0	0	0	357505	0	99.99	nan	357180	0	178590	0	178590	0	354036	0	99.12	nan	357152	0	5	0	0.0	nan	2602	0	2225	0	357528
HG03076	8795454	0	0	0	2300	0	0	0	8794208	0	99.99	nan	8793154	0	4396577	0	4396577	0	8729790	0	99.28	nan	8791636	0	272	0	0.0	nan	40600	0	34042	0	8795454
HG03078	7055830	0	0	0	2488	0	0	0	7024275	0	99.55	nan	7053342	0	3526671	0	3526671	0	6942120	0	98.42	nan	6995052	0	26735	0	0.38	nan	23492	0	17789	0	7055830
HG03105	61919366	0	0	0	68444	0	0	0	61914184	0	99.99	nan	61850922	0	30925461	0	30925461	0	61418254	0	99.3	nan	61844554	0	1186	0	0.0	nan	333248	0	285038	0	61919366
HG03139	64747104	0	0	0	67028	0	0	0	64742734	0	99.99	nan	64680076	0	32340038	0	32340038	0	64188696	0	99.24	nan	64674392	0	1314	0	0.0	nan	377644	0	322620	0	64747104
HG03157	68938307	0	0	0	90957	0	0	0	68931858	0	99.99	nan	68847350	0	34423675	0	34423675	0	68340822	0	99.26	nan	68839210	0	1691	0	0.0	nan	370446	0	313432	0	68938307
HG03267	63465960	0	0	0	75324	0	0	0	63458936	0	99.99	nan	63390636	0	31695318	0	31695318	0	62961358	0	99.32	nan	63382050	0	1562	0	0.0	nan	313332	0	265295	0	63465960
HG03303	63873415	0	0	0	82571	0	0	0	63852700	0	99.97	nan	63790844	0	31895422	0	31895422	0	63230316	0	99.12	nan	63767904	0	2225	0	0.0	nan	446284	0	382895	0	63873415
HG03436	3889573	0	0	0	1417	0	0	0	3889191	0	99.99	nan	3888156	0	1944078	0	1944078	0	3844260	0	98.87	nan	3887624	0	150	0	0.0	nan	18836	0	15113	0	3889573
HG03437	3508618	0	0	0	1464	0	0	0	3507461	0	99.97	nan	3507154	0	1753577	0	1753577	0	3469262	0	98.92	nan	3505838	0	159	0	0.0	nan	16612	0	13556	0	3508618
HG03446	66908542	0	0	0	77294	0	0	0	66895519	0	99.98	nan	66831248	0	33415624	0	33415624	0	66344840	0	99.27	nan	66816380	0	1845	0	0.0	nan	343612	0	269121	0	66908542
HG03558	27933512	0	0	0	29426	0	0	0	27920249	0	99.95	nan	27904086	0	13952043	0	13952043	0	27702894	0	99.28	nan	27890356	0	467	0	0.0	nan	120282	0	88766	0	27933512
HG03572	3149802	0	0	0	1676	0	0	0	3148884	0	99.97	nan	3148126	0	1574063	0	1574063	0	3108014	0	98.73	nan	3147066	0	142	0	0.0	nan	17124	0	13975	0	3149802
HG03603	83228468	0	0	0	119330	0	0	0	83217297	0	99.99	nan	83109138	0	41554569	0	41554569	0	82481972	0	99.25	nan	83096086	0	1881	0	0.0	nan	511922	0	437882	0	83228468
HG03619	149528201	0	0	0	256389	0	0	0	149481621	0	99.97	nan	149271812	0	74635906	0	74635906	0	148098306	0	99.21	nan	149219890	0	5342	0	0.0	nan	810346	0	574017	0	149528201
HG03672	55064543	0	0	0	48965	0	0	0	55062596	0	100.0	nan	55015578	0	27507789	0	27507789	0	54788232	0	99.59	nan	55012548	0	1083	0	0.0	nan	156552	0	129596	0	55064543
HG03723	62210611	0	0	0	44751	0	0	0	62207699	0	100.0	nan	62165860	0	31082930	0	31082930	0	61953578	0	99.66	nan	62161856	0	1092	0	0.0	nan	135954	0	112872	0	62210611
HG03790	72774625	0	0	0	68399	0	0	0	72771460	0	100.0	nan	72706226	0	36353113	0	36353113	0	72345640	0	99.5	nan	72701614	0	1447	0	0.0	nan	226302	0	182625	0	72774625
HG03814	46328702	0	0	0	43644	0	0	0	46323047	0	99.99	nan	46285058	0	23142529	0	23142529	0	46022904	0	99.43	nan	46278348	0	1055	0	0.0	nan	182438	0	155732	0	46328702
NA06989	475886	0	0	0	264	0	0	0	472787	0	99.35	nan	475622	0	237811	0	237811	0	469486	0	98.71	nan	472498	0	25	0	0.01	nan	1466	0	1041	0	475886
NA11840	48991785	0	0	0	226603	0	0	0	48951771	0	99.92	nan	48765182	0	24382591	0	24382591	0	47213166	0	96.82	nan	48720996	0	4172	0	0.01	nan	1303168	0	1144609	0	48991785
NA12046	49898948	0	0	0	19202	0	0	0	49550890	0	99.3	nan	49879746	0	24939873	0	24939873	0	49064178	0	98.36	nan	49531008	0	680	0	0.0	nan	71702	0	38157	0	49898948
NA12234	64794539	0	0	0	29155	0	0	0	64745048	0	99.92	nan	64765384	0	32382692	0	32382692	0	64299672	0	99.28	nan	64715512	0	381	0	0.0	nan	84674	0	54480	0	64794539
NA12347	112773771	0	0	0	28261	0	0	0	112752559	0	99.98	nan	112745510	0	56372755	0	56372755	0	111906446	0	99.26	nan	112722352	0	1946	0	0.0	nan	431322	0	375229	0	112773771
NA18488	181430743	0	0	0	80835	0	0	0	181080740	0	99.81	nan	181349908	0	90674954	0	90674954	0	180109134	0	99.32	nan	180986914	0	12991	0	0.01	nan	447962	0	295065	0	181430743
NA18498	79416736	0	0	0	42646	0	0	0	79177101	0	99.7	nan	79374090	0	39687045	0	39687045	0	78879710	0	99.38	nan	79129872	0	4583	0	0.01	nan	161146	0	92241	0	79416736
NA18499	589834	0	0	0	142	0	0	0	589767	0	99.99	nan	589692	0	294846	0	294846	0	585308	0	99.26	nan	589608	0	17	0	0.0	nan	1656	0	1342	0	589834
NA18526	97660989	0	0	0	116783	0	0	0	97601569	0	99.94	nan	97544206	0	48772103	0	48772103	0	94113366	0	96.48	nan	97452320	0	32466	0	0.03	nan	2838930	0	2535584	0	97660989
NA18530	113388188	0	0	0	37160	0	0	0	113369546	0	99.98	nan	113351028	0	56675514	0	56675514	0	112714650	0	99.44	nan	113330298	0	2088	0	0.0	nan	297306	0	254106	0	113388188
NA18645	46498166	0	0	0	13186	0	0	0	46457525	0	99.91	nan	46484980	0	23242490	0	23242490	0	45777324	0	98.48	nan	46444094	0	245	0	0.0	nan	62112	0	29450	0	46498166
NA18858	123113559	0	0	0	32081	0	0	0	123073305	0	99.97	nan	123081478	0	61540739	0	61540739	0	122215302	0	99.3	nan	123039054	0	2170	0	0.0	nan	427010	0	369124	0	123113559
NA18870	137430492	0	0	0	35742	0	0	0	137396741	0	99.98	nan	137394750	0	68697375	0	68697375	0	136035616	0	99.01	nan	137352394	0	8605	0	0.01	nan	374376	0	284368	0	137430492
NA18946	153913	0	0	0	43	0	0	0	153700	0	99.86	nan	153870	0	76935	0	76935	0	152138	0	98.87	nan	153652	0	5	0	0.0	nan	358	0	274	0	153913
NA18993	64147663	0	0	0	11539	0	0	0	64022236	0	99.8	nan	64136124	0	32068062	0	32068062	0	63709278	0	99.33	nan	64010308	0	389	0	0.0	nan	49570	0	31527	0	64147663
NA19001	248678	0	0	0	34	0	0	0	248230	0	99.82	nan	248644	0	124322	0	124322	0	247024	0	99.35	nan	248196	0	0	0	0.0	nan	192	0	122	0	248678
NA19020	46434019	0	0	0	10021	0	0	0	46347359	0	99.81	nan	46423998	0	23211999	0	23211999	0	45773662	0	98.6	nan	46337030	0	308	0	0.0	nan	54416	0	26374	0	46434019
NA19036	59371047	0	0	0	12365	0	0	0	59334626	0	99.94	nan	59358682	0	29679341	0	29679341	0	58814152	0	99.08	nan	59321962	0	299	0	0.0	nan	54000	0	26404	0	59371047
NA19175	54497359	0	0	0	7475	0	0	0	54469846	0	99.95	nan	54489884	0	27244942	0	27244942	0	54149934	0	99.38	nan	54462144	0	227	0	0.0	nan	43058	0	25511	0	54497359
NA19184	63075778	0	0	0	23186	0	0	0	63015438	0	99.9	nan	63052592	0	31526296	0	31526296	0	62633722	0	99.34	nan	62991878	0	374	0	0.0	nan	62198	0	36362	0	63075778
NA19201	52818789	0	0	0	119013	0	0	0	52793847	0	99.95	nan	52699776	0	26349888	0	26349888	0	51071686	0	96.91	nan	52671298	0	3536	0	0.01	nan	1371664	0	1190616	0	52818789
NA19307	74937759	0	0	0	16521	0	0	0	74825133	0	99.85	nan	74921238	0	37460619	0	37460619	0	74457252	0	99.38	nan	74808146	0	466	0	0.0	nan	59894	0	35475	0	74937759
NA19324	50459294	0	0	0	57876	0	0	0	50449062	0	99.98	nan	50401418	0	25200709	0	25200709	0	49195726	0	97.61	nan	50388744	0	2442	0	0.0	nan	1021230	0	889549	0	50459294
NA19347	129548338	0	0	0	54066	0	0	0	129359910	0	99.85	nan	129494272	0	64747136	0	64747136	0	128633406	0	99.34	nan	129297648	0	8196	0	0.01	nan	403932	0	321428	0	129548338
NA19372	72049768	0	0	0	14268	0	0	0	72020377	0	99.96	nan	72035500	0	36017750	0	36017750	0	71239742	0	98.9	nan	72005806	0	303	0	0.0	nan	81360	0	44941	0	72049768
NA19922	65532415	0	0	0	12453	0	0	0	65515753	0	99.97	nan	65519962	0	32759981	0	32759981	0	65303990	0	99.67	nan	65502868	0	432	0	0.0	nan	49216	0	33779	0	65532415
NA20274	49513122	0	0	0	55670	0	0	0	49504826	0	99.98	nan	49457452	0	24728726	0	24728726	0	49162218	0	99.4	nan	49446510	0	2646	0	0.01	nan	222364	0	175239	0	49513122
NA20339	72346606	0	0	0	14178	0	0	0	72240289	0	99.85	nan	72332428	0	36166214	0	36166214	0	71943586	0	99.46	nan	72225660	0	451	0	0.0	nan	58486	0	38651	0	72346606
NA20342	50758542	0	0	0	32772	0	0	0	50745796	0	99.97	nan	50725770	0	25362885	0	25362885	0	50245622	0	99.05	nan	50711170	0	1854	0	0.0	nan	350772	0	289144	0	50758542
NA20351	79294462	0	0	0	16880	0	0	0	79171247	0	99.84	nan	79277582	0	39638791	0	39638791	0	78817800	0	99.42	nan	79153850	0	517	0	0.0	nan	64586	0	41128	0	79294462
NA20355	45985640	0	0	0	70140	0	0	0	45978436	0	99.98	nan	45915500	0	22957750	0	22957750	0	45574996	0	99.26	nan	45906374	0	1922	0	0.0	nan	262666	0	214621	0	45985640
NA20503	74875653	0	0	0	16607	0	0	0	74806566	0	99.91	nan	74859046	0	37429523	0	37429523	0	74340806	0	99.31	nan	74789518	0	441	0	0.0	nan	65168	0	37582	0	74875653
NA20506	49149434	0	0	0	13630	0	0	0	49064664	0	99.83	nan	49135804	0	24567902	0	24567902	0	48768230	0	99.25	nan	49050620	0	414	0	0.0	nan	49470	0	28179	0	49149434
NA20507	54157346	0	0	0	15160	0	0	0	54067419	0	99.83	nan	54142186	0	27071093	0	27071093	0	53678112	0	99.14	nan	54051912	0	347	0	0.0	nan	71850	0	44684	0	54157346
NA20511	58385805	0	0	0	52967	0	0	0	58376720	0	99.98	nan	58332838	0	29166419	0	29166419	0	58050154	0	99.52	nan	58321812	0	1941	0	0.0	nan	200266	0	155779	0	58385805
NA20761	86872043	0	0	0	26229	0	0	0	86742996	0	99.85	nan	86845814	0	43422907	0	43422907	0	86003960	0	99.03	nan	86713868	0	2899	0	0.0	nan	233534	0	191163	0	86872043
NA20864	106129352	0	0	0	69092	0	0	0	106106074	0	99.98	nan	106060260	0	53030130	0	53030130	0	104264912	0	98.31	nan	106032892	0	4090	0	0.0	nan	420154	0	337230	0	106129352
NA20900	54634771	0	0	0	45523	0	0	0	54629853	0	99.99	nan	54589248	0	27294624	0	27294624	0	54293556	0	99.46	nan	54583238	0	1092	0	0.0	nan	213380	0	180791	0	54634771
NA21092	59766270	0	0	0	77326	0	0	0	59723258	0	99.93	nan	59688944	0	29844472	0	29844472	0	58500702	0	98.01	nan	59641746	0	4186	0	0.01	nan	918644	0	793884	0	59766270
