Sample	raw_total_sequences	filtered_sequences	sequences	is_sorted	1st_fragments	last_fragments	reads_mapped	reads_mapped_and_paired	reads_unmapped	reads_properly_paired	reads_paired	reads_duplicated	reads_MQ0	reads_QC_failed	non-primary_alignments	supplementary_alignments	total_length	total_first_fragment_length	total_last_fragment_length	bases_mapped	bases_mapped_(cigar)	bases_trimmed	bases_duplicated	mismatches	error_rate	average_length	average_first_fragment_length	average_last_fragment_length	maximum_length	maximum_first_fragment_length	maximum_last_fragment_length	average_quality	insert_size_average	insert_size_standard_deviation	inward_oriented_pairs	outward_oriented_pairs	pairs_with_other_orientation	pairs_on_different_chromosomes	percentage_of_properly_paired_reads_(%)	reads_mapped_percent	reads_mapped_and_paired_percent	reads_unmapped_percent	reads_properly_paired_percent	reads_paired_percent	reads_duplicated_percent	reads_MQ0_percent	reads_QC_failed_percent	reads_mapped_MQ1
HG00097	54329488.0	0.0	54329488.0	1.0	27164744.0	27164744.0	54277427.0	54277134.0	52061.0	53853228.0	54329488.0	0.0	5986254.0	0.0	0.0	9520.0	5470433446.0	2735216723.0	2735216723.0	5465178824.0	5460740109.0	0.0	0.0	18464303.0	0.003381282	101.0	101.0	101.0	101.0	101.0	101.0	34.7	174.4	57.0	27094155.0	11031.0	7164.0	26217.0	99.1	99.90417542679585	99.90363612482415	0.09582457320415019	99.12338581213945	100.0	0.0	11.018425205847697	0.0	48291173.0
HG00105	54122476.0	0.0	54122476.0	1.0	27061238.0	27061238.0	54049591.0	54049314.0	72885.0	53777294.0	54122476.0	0.0	5596635.0	0.0	0.0	9520.0	5455464050.0	2727732025.0	2727732025.0	5448110411.0	5441134308.0	0.0	0.0	19781291.0	0.003635509	101.0	101.0	101.0	101.0	101.0	101.0	35.1	182.9	58.6	26997176.0	4603.0	4449.0	18429.0	99.4	99.86533321202822	99.86482140987046	0.13466678797178458	99.36222060498488	100.0	0.0	10.340685448315408	0.0	48452956.0
HG00106	61701560.0	0.0	61701560.0	1.0	30850780.0	30850780.0	61616660.0	61616340.0	84900.0	61122722.0	61701560.0	0.0	6500507.0	0.0	0.0	13660.0	6215064632.0	3107532316.0	3107532316.0	6206497636.0	6198290350.0	0.0	0.0	23815315.0	0.00384224	101.0	101.0	101.0	101.0	101.0	101.0	35.2	176.5	58.1	30762052.0	7537.0	8080.0	30501.0	99.1	99.86240218237594	99.86188355691493	0.1375978176240601	99.06187461062574	100.0	0.0	10.535401373968503	0.0	55116153.0
HG00125	93022630.0	0.0	93022630.0	1.0	46511315.0	46511315.0	92955448.0	92914166.0	67182.0	87228376.0	93022630.0	0.0	5817040.0	0.0	0.0	76771.0	8367589360.0	4183794680.0	4183794680.0	8361625853.0	8322926263.0	0.0	0.0	34470189.0	0.004141595	90.0	90.0	90.0	90.0	90.0	90.0	35.5	248.2	85.9	43798255.0	40138.0	71306.0	2547384.0	93.8	99.9277788641323	99.88340041557629	0.07222113586769155	93.77113504531101	100.0	0.0	6.253360069479867	0.0	87138408.0
HG00145	177596056.0	0.0	177596056.0	1.0	88798028.0	88798028.0	176961063.0	176948198.0	634993.0	176068386.0	177596056.0	0.0	15924697.0	0.0	0.0	60757.0	13479265336.0	6739632668.0	6739632668.0	13431085026.0	13359080495.0	0.0	0.0	69826719.0	0.005226911	76.0	76.0	76.0	76.0	76.0	76.0	34.4	189.2	78.0	88177990.0	70459.0	18865.0	206785.0	99.1	99.6424509562307	99.63520698905612	0.35754904376930535	99.13980634795179	100.0	0.0	8.966807798929949	0.0	161036366.0
HG00171	114999800.0	0.0	114999800.0	1.0	57499900.0	57499900.0	114971963.0	114969342.0	27837.0	114245552.0	114999800.0	0.0	6654705.0	0.0	0.0	37020.0	10347178158.0	5173589079.0	5173589079.0	10344679651.0	10302053108.0	0.0	0.0	42026883.0	0.004079467	90.0	90.0	90.0	90.0	90.0	90.0	35.1	256.8	90.1	57306302.0	7414.0	12746.0	158209.0	99.3	99.97579387094586	99.97351473654736	0.024206129054137486	99.34413103327137	100.0	0.0	5.786710063843589	0.0	108317258.0
HG00173	67463386.0	0.0	67463386.0	1.0	33731693.0	33731693.0	67377752.0	67377374.0	85634.0	66618838.0	67463386.0	0.0	7685208.0	0.0	0.0	14891.0	6783472594.0	3391736297.0	3391736297.0	6774843040.0	6769517891.0	0.0	0.0	15916784.0	0.002351243	101.0	101.0	101.0	101.0	101.0	101.0	35.4	163.8	52.7	33608447.0	9920.0	12524.0	57796.0	98.7	99.87306596203162	99.87250565810616	0.1269340379683878	98.74813873113337	100.0	0.0	11.391672514035985	0.0	59692544.0
HG00313	89704046.0	0.0	89704046.0	1.0	44852023.0	44852023.0	89621532.0	89600532.0	82514.0	87585924.0	89704046.0	0.0	5358007.0	0.0	0.0	58877.0	8068315362.0	4034157681.0	4034157681.0	8060983233.0	8025457091.0	0.0	0.0	32505896.0	0.004050348	90.0	90.0	90.0	90.0	90.0	90.0	35.7	258.9	100.2	44135566.0	14396.0	25085.0	625219.0	97.6	99.9080152973256	99.88460498203169	0.09198470267439218	97.63876648328662	100.0	0.0	5.972982534143443	0.0	84263525.0
HG00324	84425864.0	0.0	84425864.0	1.0	42212932.0	42212932.0	84371101.0	84332476.0	54763.0	80768564.0	84425864.0	0.0	4965366.0	0.0	0.0	70295.0	7594468662.0	3797234331.0	3797234331.0	7589624087.0	7543780676.0	0.0	0.0	36695616.0	0.004864353	90.0	90.0	90.0	90.0	90.0	90.0	34.0	255.5	90.7	40570476.0	25240.0	47395.0	1523127.0	95.7	99.93513480655643	99.88938460848917	0.06486519344356369	95.66803367271433	100.0	0.0	5.881332763144716	0.0	79405735.0
HG00376	87451822.0	0.0	87451822.0	1.0	43725911.0	43725911.0	87376368.0	87354812.0	75454.0	86061816.0	87451822.0	0.0	5308046.0	0.0	0.0	63262.0	7866147008.0	3933073504.0	3933073504.0	7859483322.0	7824492054.0	0.0	0.0	31224596.0	0.003990623	90.0	90.0	90.0	90.0	90.0	90.0	35.6	240.9	77.8	43148354.0	14895.0	20166.0	493991.0	98.4	99.91371935052422	99.8890703500723	0.0862806494757765	98.41054655213472	100.0	0.0	6.069680286363845	0.0	82068322.0
HG00407	77875668.0	0.0	77875668.0	1.0	38937834.0	38937834.0	77836040.0	77808206.0	39628.0	74427224.0	77875668.0	0.0	4768617.0	0.0	0.0	52268.0	7004831158.0	3502415579.0	3502415579.0	7001350096.0	6969664410.0	0.0	0.0	26465829.0	0.003797289	90.0	90.0	90.0	90.0	90.0	90.0	35.8	266.2	99.9	37287592.0	24827.0	44366.0	1547318.0	95.6	99.94911375912692	99.91337217165187	0.0508862408730799	95.57185949274938	100.0	0.0	6.123372193738357	0.0	73067423.0
HG00699	100055680.0	0.0	100055680.0	1.0	50027840.0	50027840.0	99958548.0	99901902.0	97132.0	94340774.0	100055680.0	0.0	6249248.0	0.0	0.0	105803.0	8997768892.0	4498884446.0	4498884446.0	8989221842.0	8913059078.0	0.0	0.0	59194775.0	0.006641353	90.0	90.0	90.0	90.0	90.0	90.0	33.7	241.5	81.4	47359095.0	41286.0	73080.0	2477490.0	94.3	99.90292205300089	99.84630757594172	0.09707794699911089	94.28827428887595	100.0	0.0	6.245770355066299	0.0	93709300.0
HG00956	75214010.0	0.0	75214010.0	1.0	37607005.0	37607005.0	74714019.0	74711480.0	499991.0	73908052.0	75214010.0	0.0	4548537.0	0.0	0.0	24228.0	6766955014.0	3383477507.0	3383477507.0	6721969720.0	6713545529.0	0.0	0.0	18176863.0	0.002707491	90.0	90.0	90.0	90.0	90.0	90.0	36.7	243.3	85.8	37256590.0	7186.0	9308.0	82656.0	98.3	99.33524219756399	99.3318664966806	0.6647578024360089	98.26367720588226	100.0	0.0	6.047459775113706	0.0	70165482.0
HG01501	60976020.0	0.0	60976020.0	1.0	30488010.0	30488010.0	60896247.0	60895644.0	79773.0	60562014.0	60976020.0	0.0	6171061.0	0.0	0.0	14838.0	6150072290.0	3075036145.0	3075036145.0	6142028640.0	6135313381.0	0.0	0.0	27011147.0	0.00440257	101.0	101.0	101.0	101.0	101.0	101.0	33.9	185.9	57.0	30405797.0	7663.0	5823.0	28539.0	99.3	99.86917316020298	99.86818424685639	0.13082683979702184	99.32103472807835	100.0	0.0	10.120471949464724	0.0	54725186.0
HG01503	48865006.0	0.0	48865006.0	1.0	24432503.0	24432503.0	48834422.0	48834114.0	30584.0	48596238.0	48865006.0	0.0	5047611.0	0.0	0.0	11727.0	4929326232.0	2464663116.0	2464663116.0	4926247282.0	4919755962.0	0.0	0.0	18922926.0	0.003846314	101.0	101.0	101.0	101.0	101.0	101.0	33.5	184.7	56.1	24385502.0	5093.0	4220.0	22242.0	99.4	99.93741124272042	99.9367809348064	0.06258875727959595	99.4499785797632	100.0	0.0	10.329705065420436	0.0	43786811.0
HG01504	56112264.0	0.0	56112264.0	1.0	28056132.0	28056132.0	56062495.0	56062178.0	49769.0	55757228.0	56112264.0	0.0	5694885.0	0.0	0.0	12923.0	5656537646.0	2828268823.0	2828268823.0	5651518344.0	5644055512.0	0.0	0.0	18498222.0	0.00327747	101.0	101.0	101.0	101.0	101.0	101.0	34.3	175.2	52.3	27994979.0	6917.0	5144.0	24049.0	99.4	99.91130459466045	99.91073965577293	0.08869540533955286	99.36727557455175	100.0	0.0	10.149091471340382	0.0	50367610.0
HG01522	142291706.0	0.0	142291706.0	1.0	71145853.0	71145853.0	141128139.0	141108554.0	1163567.0	138609658.0	142291706.0	0.0	11552782.0	0.0	0.0	76547.0	14218444620.0	7109222310.0	7109222310.0	14102196445.0	14029383841.0	0.0	0.0	64021438.0	0.004563382	100.0	100.0	100.0	100.0	100.0	100.0	34.2	333.4	97.4	69391795.0	33448.0	83725.0	1045309.0	97.4	99.18226646323292	99.16850248460722	0.8177335367670692	97.41232422921404	100.0	0.0	8.119083202221217	0.0	129575357.0
HG01596	244774.0	0.0	244774.0	1.0	122387.0	122387.0	244653.0	244644.0	121.0	242220.0	244774.0	0.0	15502.0	0.0	0.0	150.0	22022182.0	11011091.0	11011091.0	22011292.0	21940343.0	0.0	0.0	83361.0	0.003799439	90.0	90.0	90.0	90.0	90.0	90.0	35.9	231.6	76.1	121740.0	26.0	36.0	520.0	99.0	99.95056664515022	99.9468897840457	0.0494333548497798	98.9565885265592	100.0	0.0	6.333188982489971	0.0	229151.0
HG01770	70135442.0	0.0	70135442.0	1.0	35067721.0	35067721.0	70056015.0	70055564.0	79427.0	69685600.0	70135442.0	0.0	7096338.0	0.0	0.0	17898.0	7075475858.0	3537737929.0	3537737929.0	7067460890.0	7061553933.0	0.0	0.0	18564621.0	0.002628971	101.0	101.0	101.0	101.0	101.0	101.0	35.0	189.0	56.1	34977265.0	7048.0	6465.0	37004.0	99.4	99.88675197912062	99.88610893761816	0.11324802087937223	99.35860958857292	100.0	0.0	10.118048446889377	0.0	62959677.0
HG01880	110085962.0	0.0	110085962.0	1.0	55042981.0	55042981.0	110069355.0	110065318.0	16607.0	108802398.0	110085962.0	0.0	6871117.0	0.0	0.0	75455.0	9904412210.0	4952206105.0	4952206105.0	9902936853.0	9871637512.0	0.0	0.0	36918868.0	0.003739893	90.0	90.0	90.0	90.0	90.0	90.0	36.1	226.2	76.4	54776748.0	12001.0	20747.0	223163.0	98.8	99.98491451616692	99.98124738193232	0.015085483833079462	98.83403480636342	100.0	0.0	6.24159236579138	0.0	103198238.0
HG01882	118018526.0	0.0	118018526.0	1.0	59009263.0	59009263.0	118005194.0	117999178.0	13332.0	116149224.0	118018526.0	0.0	7617331.0	0.0	0.0	70004.0	10617145462.0	5308572731.0	5308572731.0	10615993490.0	10587851704.0	0.0	0.0	37294271.0	0.003522364	90.0	90.0	90.0	90.0	90.0	90.0	35.7	203.5	69.7	58701657.0	14092.0	20668.0	263172.0	98.4	99.9887034684707	99.98360596369422	0.011296531529295663	98.41609443588543	100.0	0.0	6.454351920985693	0.0	110387863.0
HG01886	341372266.0	0.0	341372266.0	1.0	170686133.0	170686133.0	341293145.0	341274380.0	79121.0	334860482.0	341372266.0	0.0	30235432.0	0.0	0.0	126875.0	34112424596.0	17056212298.0	17056212298.0	34104691512.0	34059682615.0	0.0	0.0	103096649.0	0.003026941	100.0	100.0	100.0	100.0	100.0	100.0	35.9	282.7	76.1	167538746.0	98580.0	98883.0	2900981.0	98.1	99.97682266315097	99.97132573154023	0.023177336849033895	98.09246835535257	100.0	0.0	8.857026481465837	0.0	311057713.0
HG01890	68728796.0	0.0	68728796.0	1.0	34364398.0	34364398.0	68666477.0	68666014.0	62319.0	68292074.0	68728796.0	0.0	7083367.0	0.0	0.0	18952.0	6932221788.0	3466110894.0	3466110894.0	6925939118.0	6916371313.0	0.0	0.0	23971194.0	0.003465863	101.0	101.0	101.0	101.0	101.0	101.0	34.3	182.4	51.9	34283768.0	10344.0	6393.0	32502.0	99.4	99.90932621604487	99.90865255372726	0.09067378395512704	99.36457202014714	100.0	0.0	10.306257947542106	0.0	61583110.0
HG01986	116536736.0	0.0	116536736.0	1.0	58268368.0	58268368.0	116506897.0	116503006.0	29839.0	114654096.0	116536736.0	0.0	7516046.0	0.0	0.0	79405.0	10483540908.0	5241770454.0	5241770454.0	10480875970.0	10463068577.0	0.0	0.0	30002930.0	0.002867508	90.0	90.0	90.0	90.0	90.0	90.0	36.7	225.4	84.9	58025236.0	14736.0	22021.0	189510.0	98.4	99.97439519843768	99.97105633711931	0.025604801562315937	98.38450941340935	100.0	0.0	6.44950790452892	0.0	108990851.0
HG02013	98335232.0	0.0	98335232.0	1.0	49167616.0	49167616.0	98276619.0	98260446.0	58613.0	96525550.0	98335232.0	0.0	6165178.0	0.0	0.0	90676.0	8846683498.0	4423341749.0	4423341749.0	8841433636.0	8814766556.0	0.0	0.0	40168288.0	0.004556932	90.0	90.0	90.0	90.0	90.0	90.0	35.8	229.0	84.8	48858714.0	18742.0	29151.0	223616.0	98.2	99.94039471020926	99.92394790912783	0.059605289790743574	98.15968095748225	100.0	0.0	6.269551486897392	0.0	92111441.0
HG02085	61529458.0	0.0	61529458.0	1.0	30764729.0	30764729.0	61449302.0	61448794.0	80156.0	61074768.0	61529458.0	0.0	6110677.0	0.0	0.0	17653.0	6205444730.0	3102722365.0	3102722365.0	6197358584.0	6191512230.0	0.0	0.0	22308425.0	0.003603066	101.0	101.0	101.0	101.0	101.0	101.0	34.4	188.0	59.0	30675842.0	9690.0	6223.0	32642.0	99.3	99.86972744014744	99.86890181935294	0.13027255985255062	99.26102063177609	100.0	0.0	9.931303149135493	0.0	55338625.0
HG02372	104072458.0	0.0	104072458.0	1.0	52036229.0	52036229.0	104045194.0	104040908.0	27264.0	103316104.0	104072458.0	0.0	6670435.0	0.0	0.0	75776.0	9362908826.0	4681454413.0	4681454413.0	9360483051.0	9329376788.0	0.0	0.0	35672571.0	0.003823682	90.0	90.0	90.0	90.0	90.0	90.0	35.3	222.8	69.2	51752092.0	10231.0	14621.0	243510.0	99.3	99.9738028672293	99.96968458263953	0.02619713277070865	99.27324287853372	100.0	0.0	6.40941429479834	0.0	97374759.0
HG02511	60025674.0	0.0	60025674.0	1.0	30012837.0	30012837.0	59969877.0	59969556.0	55797.0	59621518.0	60025674.0	0.0	6257725.0	0.0	0.0	14092.0	6051447158.0	3025723579.0	3025723579.0	6045815801.0	6040892325.0	0.0	0.0	15924761.0	0.00263616	101.0	101.0	101.0	101.0	101.0	101.0	35.3	185.0	61.3	29944347.0	5522.0	5853.0	29056.0	99.3	99.90704477554054	99.90651000436912	0.0929552244594538	99.32669477397287	100.0	0.0	10.425080774603215	0.0	53712152.0
HG02651	69260630.0	0.0	69260630.0	1.0	34630315.0	34630315.0	69258575.0	69257318.0	2055.0	68956364.0	69260630.0	0.0	5987888.0	0.0	0.0	66116.0	6922222232.0	3461111116.0	3461111116.0	6922018799.0	6915326210.0	0.0	0.0	20732325.0	0.002998025	100.0	100.0	100.0	100.0	100.0	100.0	35.2	230.9	74.1	34501345.0	6598.0	7122.0	113594.0	99.6	99.9970329464228	99.99521806255588	0.0029670535771909668	99.56069414904253	100.0	0.0	8.645442584048109	0.0	63270687.0
HG02691	60113006.0	0.0	60113006.0	1.0	30056503.0	30056503.0	60111061.0	60109936.0	1945.0	59708982.0	60113006.0	0.0	5035400.0	0.0	0.0	55174.0	6008093102.0	3004046551.0	3004046551.0	6007900954.0	6001568718.0	0.0	0.0	15660130.0	0.002609339	100.0	100.0	100.0	100.0	100.0	100.0	36.1	247.6	90.3	29940245.0	6837.0	7624.0	100262.0	99.3	99.99676442731878	99.99489295211755	0.003235572681226422	99.32789253626744	100.0	0.0	8.376556647325206	0.0	55075661.0
HG02813	229362.0	0.0	229362.0	1.0	114681.0	114681.0	229342.0	229336.0	20.0	228002.0	229362.0	0.0	19874.0	0.0	0.0	236.0	22922950.0	11461475.0	11461475.0	22921080.0	22886539.0	0.0	0.0	77445.0	0.003383867	100.0	100.0	100.0	100.0	100.0	100.0	34.9	239.6	81.4	114134.0	30.0	23.0	481.0	99.4	99.99128015974748	99.98866420767172	0.008719840252526574	99.4070508628282	100.0	0.0	8.664905258935656	0.0	209468.0
HG02814	228950.0	0.0	228950.0	1.0	114475.0	114475.0	228901.0	228896.0	49.0	227510.0	228950.0	0.0	19370.0	0.0	0.0	229.0	22881084.0	11440542.0	11440542.0	22876452.0	22840742.0	0.0	0.0	76940.0	0.003368542	100.0	100.0	100.0	100.0	100.0	100.0	35.0	249.4	87.1	113912.0	31.0	23.0	482.0	99.4	99.97859794715002	99.97641406420615	0.021402052849967244	99.37104171216423	100.0	0.0	8.460362524568684	0.0	209531.0
HG02840	451152.0	0.0	451152.0	1.0	225576.0	225576.0	451117.0	451106.0	35.0	448198.0	451152.0	0.0	37392.0	0.0	0.0	369.0	45086672.0	22543336.0	22543336.0	45083566.0	45021507.0	0.0	0.0	150727.0	0.003347889	100.0	100.0	100.0	100.0	100.0	100.0	34.9	243.0	84.2	224369.0	60.0	57.0	1067.0	99.3	99.99224208249105	99.98980387984537	0.007757917508954853	99.34523176224421	100.0	0.0	8.288115756995424	0.0	413725.0
HG02852	78745726.0	0.0	78745726.0	1.0	39372863.0	39372863.0	78712719.0	78710208.0	33007.0	78247730.0	78745726.0	0.0	6720628.0	0.0	0.0	80441.0	7870269214.0	3935134607.0	3935134607.0	7866975637.0	7857464017.0	0.0	0.0	29279990.0	0.003726392	100.0	100.0	100.0	100.0	100.0	100.0	35.1	238.6	79.7	39176750.0	8922.0	9741.0	159691.0	99.4	99.95808407430265	99.9548953298113	0.0419159256973515	99.36758980417552	100.0	0.0	8.53459399180598	0.0	71992091.0
HG02878	191596.0	0.0	191596.0	1.0	95798.0	95798.0	191488.0	191482.0	108.0	189580.0	191596.0	0.0	16666.0	0.0	0.0	374.0	19141528.0	9570764.0	9570764.0	19130728.0	19088899.0	0.0	0.0	64966.0	0.003403339	100.0	100.0	100.0	100.0	100.0	100.0	35.6	226.0	75.9	94871.0	109.0	27.0	734.0	98.9	99.94363139105201	99.94049980166601	0.05636860894799474	98.9477859663041	100.0	0.0	8.698511451178522	0.0	174822.0
HG02895	64792872.0	0.0	64792872.0	1.0	32396436.0	32396436.0	64783659.0	64781836.0	9213.0	64403752.0	64792872.0	0.0	5661015.0	0.0	0.0	71966.0	6475012354.0	3237506177.0	3237506177.0	6474097641.0	6465600426.0	0.0	0.0	23416508.0	0.003621707	100.0	100.0	100.0	100.0	100.0	100.0	35.5	220.6	69.8	32225683.0	10279.0	8027.0	146929.0	99.4	99.98578084330016	99.98296726220131	0.014219156699829573	99.39944011125175	100.0	0.0	8.73709533974663	0.0	59122644.0
HG02977	74245130.0	0.0	74245130.0	1.0	37122565.0	37122565.0	74234033.0	74232430.0	11097.0	73826738.0	74245130.0	0.0	6672363.0	0.0	0.0	66034.0	7420404200.0	3710202100.0	3710202100.0	7419297776.0	7411151887.0	0.0	0.0	23927305.0	0.003228554	100.0	100.0	100.0	100.0	100.0	100.0	35.4	230.5	78.2	36959826.0	9128.0	9852.0	137409.0	99.4	99.98505356512946	99.98289450095919	0.014946434870543023	99.43647212955247	100.0	0.0	8.986936920980542	0.0	67561670.0
HG02981	59039552.0	0.0	59039552.0	1.0	29519776.0	29519776.0	59032817.0	59029988.0	6735.0	56670350.0	59039552.0	0.0	5079309.0	0.0	0.0	65332.0	5900658226.0	2950329113.0	2950329113.0	5899986809.0	5892837715.0	0.0	0.0	16727178.0	0.002838561	100.0	100.0	100.0	100.0	100.0	100.0	35.8	231.6	79.9	28376498.0	18966.0	31035.0	1088495.0	96.0	99.98859239311301	99.98380069008654	0.011407606886989928	95.98709353350107	100.0	0.0	8.603230932375638	0.0	53953508.0
HG02982	357180.0	0.0	357180.0	1.0	178590.0	178590.0	357157.0	357152.0	23.0	354036.0	357180.0	0.0	31620.0	0.0	0.0	348.0	35699548.0	17849774.0	17849774.0	35697248.0	35659549.0	0.0	0.0	90425.0	0.002535786	100.0	100.0	100.0	100.0	100.0	100.0	36.2	236.0	78.8	177173.0	48.0	54.0	1301.0	99.1	99.99356066969035	99.99216081527521	0.006439330309647796	99.11977154375946	100.0	0.0	8.852679321350578	0.0	325537.0
HG03076	8793154.0	0.0	8793154.0	1.0	4396577.0	4396577.0	8791908.0	8791636.0	1246.0	8729790.0	8793154.0	0.0	908888.0	0.0	0.0	2300.0	667473974.0	333736987.0	333736987.0	667380370.0	666943489.0	0.0	0.0	1133352.0	0.001699322	76.0	76.0	76.0	76.0	76.0	76.0	37.8	157.5	52.4	4373474.0	932.0	1112.0	20300.0	99.3	99.98582988538584	99.98273656983604	0.01417011461416461	99.2793939466999	100.0	0.0	10.336313909661994	0.0	7883020.0
HG03078	7053342.0	0.0	7053342.0	1.0	3526671.0	3526671.0	7021787.0	6995052.0	31555.0	6942120.0	7053342.0	0.0	759320.0	0.0	0.0	2488.0	534662106.0	267331053.0	267331053.0	532265128.0	531391314.0	0.0	0.0	1261666.0	0.002374269	76.0	76.0	76.0	76.0	76.0	76.0	30.0	126.4	38.0	3483655.0	1345.0	780.0	11746.0	98.4	99.5526234230525	99.17358324606974	0.4473765769474953	98.42313048197578	100.0	0.0	10.765393199422345	0.0	6262467.0
HG03105	61850922.0	0.0	61850922.0	1.0	30925461.0	30925461.0	61845740.0	61844554.0	5182.0	61418254.0	61850922.0	0.0	5263583.0	0.0	0.0	68444.0	6180362466.0	3090181233.0	3090181233.0	6179851238.0	6173535861.0	0.0	0.0	18050374.0	0.002923831	100.0	100.0	100.0	100.0	100.0	100.0	35.8	227.2	74.7	30739317.0	7774.0	8562.0	166624.0	99.3	99.99162179021357	99.98970427635663	0.008378209786428083	99.30046636976567	100.0	0.0	8.510112428073423	0.0	56582157.0
HG03139	64680076.0	0.0	64680076.0	1.0	32340038.0	32340038.0	64675706.0	64674392.0	4370.0	64188696.0	64680076.0	0.0	5556373.0	0.0	0.0	67028.0	6463761564.0	3231880782.0	3231880782.0	6463337084.0	6456621115.0	0.0	0.0	21019709.0	0.003255528	100.0	100.0	100.0	100.0	100.0	100.0	34.9	224.6	72.8	32131191.0	7930.0	9253.0	188822.0	99.2	99.9932436690396	99.99121213153799	0.006756330960402706	99.2402915543884	100.0	0.0	8.590548038317085	0.0	59119333.0
HG03157	68847350.0	0.0	68847350.0	1.0	34423675.0	34423675.0	68840901.0	68839210.0	6449.0	68340822.0	68847350.0	0.0	5958295.0	0.0	0.0	90957.0	6879806442.0	3439903221.0	3439903221.0	6879189017.0	6871445548.0	0.0	0.0	23359390.0	0.003399487	100.0	100.0	100.0	100.0	100.0	100.0	34.8	244.6	84.0	34212715.0	9647.0	12020.0	185223.0	99.3	99.99063290017699	99.9881767417337	0.009367099823014249	99.26427378831575	100.0	0.0	8.654356340512743	0.0	62882606.0
HG03267	63390636.0	0.0	63390636.0	1.0	31695318.0	31695318.0	63383612.0	63382050.0	7024.0	62961358.0	63390636.0	0.0	5379377.0	0.0	0.0	75324.0	6335590480.0	3167795240.0	3167795240.0	6334891572.0	6327674236.0	0.0	0.0	20173239.0	0.003188097	100.0	100.0	100.0	100.0	100.0	100.0	35.4	240.5	81.2	31514194.0	7829.0	12336.0	156666.0	99.3	99.98891949908815	99.98645541275212	0.011080500911838147	99.32280534304783	100.0	0.0	8.486075135766109	0.0	58004235.0
HG03303	63790844.0	0.0	63790844.0	1.0	31895422.0	31895422.0	63770129.0	63767904.0	20715.0	63230316.0	63790844.0	0.0	5203072.0	0.0	0.0	82571.0	6374097336.0	3187048668.0	3187048668.0	6372034412.0	6364309348.0	0.0	0.0	24092966.0	0.003785637	100.0	100.0	100.0	100.0	100.0	100.0	35.1	223.3	69.4	31640494.0	9878.0	10438.0	223142.0	99.1	99.96752668768578	99.96403872631	0.03247331231422491	99.12130336447656	100.0	0.0	8.156455807356929	0.0	58567057.0
HG03436	3888156.0	0.0	3888156.0	1.0	1944078.0	1944078.0	3887774.0	3887624.0	382.0	3844260.0	3888156.0	0.0	403270.0	0.0	0.0	1417.0	295241722.0	147620861.0	147620861.0	295212734.0	295046259.0	0.0	0.0	470658.0	0.001595201	76.0	76.0	76.0	76.0	76.0	76.0	38.0	160.5	53.6	1933107.0	540.0	747.0	9418.0	98.9	99.99017529132061	99.98631742142034	0.009824708679384264	98.87103295238154	100.0	0.0	10.371754631244219	0.0	3484504.0
HG03437	3507154.0	0.0	3507154.0	1.0	1753577.0	1753577.0	3505997.0	3505838.0	1157.0	3469262.0	3507154.0	0.0	358613.0	0.0	0.0	1464.0	266284312.0	133142156.0	133142156.0	266196566.0	266011079.0	0.0	0.0	466707.0	0.001754465	76.0	76.0	76.0	76.0	76.0	76.0	37.4	163.9	56.1	1743381.0	483.0	749.0	8306.0	98.9	99.96701028811395	99.96247669763004	0.032989711886047775	98.91957980744502	100.0	0.0	10.225185435256051	0.0	3147384.0
HG03446	66831248.0	0.0	66831248.0	1.0	33415624.0	33415624.0	66818225.0	66816380.0	13023.0	66344840.0	66831248.0	0.0	5896574.0	0.0	0.0	77294.0	6677183992.0	3338591996.0	3338591996.0	6675901493.0	6665560111.0	0.0	0.0	21699786.0	0.003255508	100.0	100.0	100.0	100.0	100.0	100.0	35.2	236.7	78.2	33206406.0	19783.0	10195.0	171806.0	99.3	99.98051360644948	99.97775292180687	0.019486393550513976	99.27218477200964	100.0	0.0	8.823079287700867	0.0	60921651.0
HG03558	27904086.0	0.0	27904086.0	1.0	13952043.0	13952043.0	27890823.0	27890356.0	13263.0	27702894.0	27904086.0	0.0	4060039.0	0.0	0.0	29426.0	2786956912.0	1393478456.0	1393478456.0	2785633470.0	2781960095.0	0.0	0.0	6999963.0	0.002516198	100.0	100.0	100.0	100.0	100.0	100.0	36.5	222.5	70.7	13872673.0	5277.0	7087.0	60141.0	99.3	99.95246932653518	99.9507957365097	0.04753067346481085	99.27898731390091	100.0	0.0	14.549980243036808	0.0	23830784.0
HG03572	3148126.0	0.0	3148126.0	1.0	1574063.0	1574063.0	3147208.0	3147066.0	918.0	3108014.0	3148126.0	0.0	324748.0	0.0	0.0	1676.0	239041860.0	119520930.0	119520930.0	238972457.0	238808859.0	0.0	0.0	376785.0	0.001577768	76.0	76.0	76.0	76.0	76.0	76.0	38.1	164.1	56.6	1563762.0	537.0	672.0	8562.0	98.7	99.97083979484938	99.96632917488056	0.029160205150619765	98.72584515359296	100.0	0.0	10.315597279143212	0.0	2822460.0
HG03603	83109138.0	0.0	83109138.0	1.0	41554569.0	41554569.0	83097967.0	83096086.0	11171.0	82481972.0	83109138.0	0.0	7229954.0	0.0	0.0	119330.0	8303230482.0	4151615241.0	4151615241.0	8302133459.0	8292820164.0	0.0	0.0	22440232.0	0.002705983	100.0	100.0	100.0	100.0	100.0	100.0	36.0	216.0	66.9	41267985.0	11721.0	12376.0	255961.0	99.2	99.9865586381127	99.98429534908664	0.013441361887305343	99.24537058728728	100.0	0.0	8.6993490414977	0.0	75868013.0
HG03619	149271812.0	0.0	149271812.0	1.0	74635906.0	74635906.0	149225232.0	149219890.0	46580.0	148098306.0	149271812.0	0.0	12563958.0	0.0	0.0	256389.0	14900461266.0	7450230633.0	7450230633.0	14896249419.0	14860075235.0	0.0	0.0	55147359.0	0.003711109	100.0	100.0	100.0	100.0	100.0	100.0	35.2	210.7	69.4	74089603.0	89491.0	25678.0	405173.0	99.2	99.96879518016436	99.96521647369029	0.03120481983564318	99.21384621498397	100.0	0.0	8.416832241575523	0.0	136661274.0
HG03672	55015578.0	0.0	55015578.0	1.0	27507789.0	27507789.0	55013631.0	55012548.0	1947.0	54788232.0	55015578.0	0.0	4826411.0	0.0	0.0	48965.0	5497468490.0	2748734245.0	2748734245.0	5497279339.0	5489230371.0	0.0	0.0	18649228.0	0.003397421	100.0	100.0	100.0	100.0	100.0	100.0	35.5	221.0	69.4	27417583.0	5517.0	4898.0	78276.0	99.6	99.99646100237281	99.99449246902395	0.0035389976271811598	99.58676068076574	100.0	0.0	8.772807949050359	0.0	50187220.0
HG03723	62165860.0	0.0	62165860.0	1.0	31082930.0	31082930.0	62162948.0	62161856.0	2912.0	61953578.0	62165860.0	0.0	5139025.0	0.0	0.0	44751.0	6212665528.0	3106332764.0	3106332764.0	6212382514.0	6202837130.0	0.0	0.0	22445236.0	0.003618544	100.0	100.0	100.0	100.0	100.0	100.0	34.8	226.9	74.0	31003080.0	5281.0	4590.0	67977.0	99.7	99.99531575691223	99.99355916575432	0.0046842430877655356	99.65852318298178	100.0	0.0	8.266635416931416	0.0	57023923.0
HG03790	72706226.0	0.0	72706226.0	1.0	36353113.0	36353113.0	72703061.0	72701614.0	3165.0	72345640.0	72706226.0	0.0	6364712.0	0.0	0.0	68399.0	7265947984.0	3632973992.0	3632973992.0	7265640828.0	7257394342.0	0.0	0.0	21550705.0	0.002969482	100.0	100.0	100.0	100.0	100.0	100.0	35.5	211.4	67.3	36220701.0	9645.0	7310.0	113151.0	99.5	99.99564686523544	99.99365666428622	0.004353134764552351	99.50405072599973	100.0	0.0	8.754012345517701	0.0	66338349.0
HG03814	46285058.0	0.0	46285058.0	1.0	23142529.0	23142529.0	46279403.0	46278348.0	5655.0	46022904.0	46285058.0	0.0	3716384.0	0.0	0.0	43644.0	4625958570.0	2312979285.0	2312979285.0	4625394794.0	4620872402.0	0.0	0.0	11387114.0	0.002464278	100.0	100.0	100.0	100.0	100.0	100.0	35.7	218.8	70.8	23038238.0	4605.0	5112.0	91219.0	99.4	99.98778223417155	99.98550288086491	0.01221776582844511	99.43360987038193	100.0	0.0	8.029338539448304	0.0	42563019.0
NA06989	475622.0	0.0	475622.0	1.0	237811.0	237811.0	472523.0	472498.0	3099.0	469486.0	475622.0	0.0	40828.0	0.0	0.0	264.0	36088364.0	18044182.0	18044182.0	35852987.0	35658333.0	0.0	0.0	170509.0	0.004781744	76.0	76.0	76.0	76.0	76.0	76.0	34.3	174.2	69.1	235214.0	239.0	63.0	733.0	98.7	99.3484321583106	99.34317588336955	0.6515678416894088	98.70989987847493	100.0	0.0	8.584127731686086	0.0	431695.0
NA11840	48765182.0	0.0	48765182.0	1.0	24382591.0	24382591.0	48725168.0	48720996.0	40014.0	47213166.0	48765182.0	0.0	4113094.0	0.0	0.0	226603.0	4872782668.0	2436391334.0	2436391334.0	4868805416.0	4856564004.0	0.0	0.0	14976832.0	0.003083833	100.0	100.0	100.0	100.0	100.0	100.0	36.6	254.9	84.8	23658837.0	19471.0	30606.0	651584.0	96.8	99.91794555385849	99.90939026947547	0.08205444614151138	96.81736858892478	100.0	0.0	8.434489181235907	0.0	44612074.0
NA12046	49879746.0	0.0	49879746.0	1.0	24939873.0	24939873.0	49531688.0	49531008.0	348058.0	49064178.0	49879746.0	0.0	5564803.0	0.0	0.0	19202.0	5020794298.0	2510397149.0	2510397149.0	4985763656.0	4967098860.0	0.0	0.0	10866381.0	0.002187672	101.0	101.0	101.0	101.0	101.0	101.0	36.7	170.2	56.0	24707261.0	14171.0	8221.0	35851.0	98.4	99.30220574900281	99.30084247020825	0.6977942509971883	98.36493152952302	100.0	0.0	11.156438126208581	0.0	43966885.0
NA12234	64765384.0	0.0	64765384.0	1.0	32382692.0	32382692.0	64715893.0	64715512.0	49491.0	64299672.0	64765384.0	0.0	6869001.0	0.0	0.0	29155.0	6528124700.0	3264062350.0	3264062350.0	6523133718.0	6516230237.0	0.0	0.0	12086637.0	0.001854851	101.0	101.0	101.0	101.0	101.0	101.0	36.9	185.7	63.1	32300782.0	6955.0	7682.0	42337.0	99.3	99.92358417885703	99.92299590163782	0.07641582114297354	99.28092451362598	100.0	0.0	10.605975871308043	0.0	57846892.0
NA12347	112745510.0	0.0	112745510.0	1.0	56372755.0	56372755.0	112724298.0	112722352.0	21212.0	111906446.0	112745510.0	0.0	6766369.0	0.0	0.0	28261.0	10144565172.0	5072282586.0	5072282586.0	10142661286.0	10126310266.0	0.0	0.0	30878945.0	0.003049378	90.0	90.0	90.0	90.0	90.0	90.0	35.5	258.9	96.4	56126970.0	7166.0	11379.0	215661.0	99.3	99.98118594700578	99.97945993592118	0.018814052994216797	99.25578943232418	100.0	0.0	6.001453184255409	0.0	105957929.0
NA18488	181349908.0	0.0	181349908.0	1.0	90674954.0	90674954.0	180999905.0	180986914.0	350003.0	180109134.0	181349908.0	0.0	16170086.0	0.0	0.0	80835.0	13758254106.0	6879127053.0	6879127053.0	13731747843.0	13662186885.0	0.0	0.0	69840189.0	0.005111934	76.0	76.0	76.0	76.0	76.0	76.0	34.7	180.4	74.2	90152728.0	96897.0	19851.0	223981.0	99.3	99.80700128064029	99.799837781004	0.19299871935970322	99.31581217013907	100.0	0.0	8.916511829716505	0.0	164829819.0
NA18498	79374090.0	0.0	79374090.0	1.0	39687045.0	39687045.0	79134455.0	79129872.0	239635.0	78879710.0	79374090.0	0.0	7431343.0	0.0	0.0	42646.0	6018038050.0	3009019025.0	3009019025.0	5999871834.0	5963656256.0	0.0	0.0	40257385.0	0.006750454	76.0	76.0	76.0	76.0	76.0	76.0	34.4	144.0	47.1	39427320.0	49769.0	7274.0	80573.0	99.4	99.69809417657575	99.6923202521125	0.3019058234242433	99.37715191443455	100.0	0.0	9.36242922596026	0.0	71703112.0
NA18499	589692.0	0.0	589692.0	1.0	294846.0	294846.0	589625.0	589608.0	67.0	585308.0	589692.0	0.0	55511.0	0.0	0.0	142.0	44787454.0	22393727.0	22393727.0	44782401.0	44636569.0	0.0	0.0	169864.0	0.00380549	76.0	76.0	76.0	76.0	76.0	76.0	34.9	183.7	66.0	293859.0	65.0	52.0	828.0	99.3	99.98863813651873	99.98575527563541	0.011361863481274971	99.2565610522103	100.0	0.0	9.413558264314252	0.0	534114.0
NA18526	97544206.0	0.0	97544206.0	1.0	48772103.0	48772103.0	97484786.0	97452320.0	59420.0	94113366.0	97544206.0	0.0	5781367.0	0.0	0.0	116783.0	8773556426.0	4386778213.0	4386778213.0	8768350826.0	8725391355.0	0.0	0.0	38501173.0	0.004412544	90.0	90.0	90.0	90.0	90.0	90.0	34.8	280.7	111.7	47227090.0	27411.0	52194.0	1419465.0	96.5	99.93908402924517	99.90580065821644	0.060915970754839094	96.48278443109169	100.0	0.0	5.926919944378859	0.0	91703419.0
NA18530	113351028.0	0.0	113351028.0	1.0	56675514.0	56675514.0	113332386.0	113330298.0	18642.0	112714650.0	113351028.0	0.0	6692170.0	0.0	0.0	37160.0	10199059464.0	5099529732.0	5099529732.0	10197387877.0	10181271905.0	0.0	0.0	30317741.0	0.002977795	90.0	90.0	90.0	90.0	90.0	90.0	35.2	251.9	85.3	56498754.0	6406.0	11336.0	148653.0	99.4	99.98355374421483	99.98171167887423	0.016446255785170293	99.43857765454055	100.0	0.0	5.903934104594093	0.0	106640216.0
NA18645	46484980.0	0.0	46484980.0	1.0	23242490.0	23242490.0	46444339.0	46444094.0	40641.0	45777324.0	46484980.0	0.0	5124497.0	0.0	0.0	13186.0	4677977958.0	2338988979.0	2338988979.0	4673888167.0	4667687398.0	0.0	0.0	10791243.0	0.002311904	101.0	101.0	101.0	101.0	101.0	101.0	36.2	161.7	48.9	23171598.0	9104.0	10289.0	31056.0	98.5	99.91257175973831	99.91204470777443	0.08742824026169313	98.4776674099892	100.0	0.0	11.023984521451876	0.0	41319842.0
NA18858	123081478.0	0.0	123081478.0	1.0	61540739.0	61540739.0	123041224.0	123039054.0	40254.0	122215302.0	123081478.0	0.0	7360550.0	0.0	0.0	32081.0	11074601784.0	5537300892.0	5537300892.0	11070984557.0	11055062235.0	0.0	0.0	35144225.0	0.003179017	90.0	90.0	90.0	90.0	90.0	90.0	35.5	260.4	94.1	61285680.0	7685.0	12657.0	213505.0	99.3	99.96729483537726	99.9655317756259	0.03270516462273877	99.29625804461008	100.0	0.0	5.980225554327516	0.0	115680674.0
NA18870	137394750.0	0.0	137394750.0	1.0	68697375.0	68697375.0	137360999.0	137352394.0	33751.0	136035616.0	137394750.0	0.0	12842041.0	0.0	0.0	35742.0	10435315084.0	5217657542.0	5217657542.0	10432764116.0	10391474946.0	0.0	0.0	48329268.0	0.004650857	76.0	76.0	76.0	76.0	76.0	76.0	34.1	185.8	68.8	68450445.0	20351.0	18213.0	187188.0	99.0	99.97543501480224	99.96917203896074	0.02456498519776047	99.01078170745244	100.0	0.0	9.346820748245475	0.0	124518958.0
NA18946	153870.0	0.0	153870.0	1.0	76935.0	76935.0	153657.0	153652.0	213.0	152138.0	153870.0	0.0	16229.0	0.0	0.0	43.0	15492016.0	7746008.0	7746008.0	15470529.0	15456415.0	0.0	0.0	34168.0	0.002210603	101.0	101.0	101.0	101.0	101.0	101.0	35.9	171.6	55.1	76594.0	29.0	24.0	179.0	98.9	99.86157145642426	99.85832196009619	0.13842854357574574	98.87437447195686	100.0	0.0	10.547215181646845	0.0	137428.0
NA18993	64136124.0	0.0	64136124.0	1.0	32068062.0	32068062.0	64010697.0	64010308.0	125427.0	63709278.0	64136124.0	0.0	6556208.0	0.0	0.0	11539.0	6467360410.0	3233680205.0	3233680205.0	6454706614.0	6449135200.0	0.0	0.0	13912631.0	0.002157286	101.0	101.0	101.0	101.0	101.0	101.0	36.9	199.2	71.0	31969845.0	5185.0	5339.0	24785.0	99.3	99.80443626434301	99.80382974187837	0.19556373565699103	99.3344686685463	100.0	0.0	10.222332737163848	0.0	57454489.0
NA19001	248644.0	0.0	248644.0	1.0	124322.0	124322.0	248196.0	248196.0	448.0	247024.0	248644.0	0.0	25813.0	0.0	0.0	34.0	25074824.0	12537412.0	12537412.0	25029576.0	25015659.0	0.0	0.0	53381.0	0.002133903	101.0	101.0	101.0	101.0	101.0	101.0	36.6	203.1	73.5	123955.0	27.0	20.0	96.0	99.3	99.81982271842473	99.81982271842473	0.18017728157526425	99.34846608001801	100.0	0.0	10.381509306478339	0.0	222383.0
NA19020	46423998.0	0.0	46423998.0	1.0	23211999.0	23211999.0	46337338.0	46337030.0	86660.0	45773662.0	46423998.0	0.0	5041173.0	0.0	0.0	10021.0	4673765280.0	2336882640.0	2336882640.0	4665026570.0	4660517930.0	0.0	0.0	16778768.0	0.003600194	101.0	101.0	101.0	101.0	101.0	101.0	35.0	166.0	50.6	23125254.0	7412.0	8641.0	27208.0	98.6	99.81332930438262	99.81266585441435	0.18667069561738306	98.59913831635096	100.0	0.0	10.858980736644009	0.0	41296165.0
NA19036	59358682.0	0.0	59358682.0	1.0	29679341.0	29679341.0	59322261.0	59321962.0	36421.0	58814152.0	59358682.0	0.0	6619947.0	0.0	0.0	12365.0	5979226928.0	2989613464.0	2989613464.0	5975559509.0	5970964776.0	0.0	0.0	12004632.0	0.002010501	101.0	101.0	101.0	101.0	101.0	101.0	36.9	163.6	48.4	29617224.0	8503.0	8254.0	27000.0	99.1	99.93864250557316	99.9381387881894	0.061357494426847285	99.0826447258381	100.0	0.0	11.152449442863304	0.0	52702314.0
NA19175	54489884.0	0.0	54489884.0	1.0	27244942.0	27244942.0	54462371.0	54462144.0	27513.0	54149934.0	54489884.0	0.0	5954503.0	0.0	0.0	7475.0	5493434546.0	2746717273.0	2746717273.0	5490657689.0	5488664064.0	0.0	0.0	9640138.0	0.001756372	101.0	101.0	101.0	101.0	101.0	101.0	36.3	187.2	62.6	27199383.0	4395.0	5765.0	21529.0	99.4	99.94950805914728	99.94909146806037	0.050491940852727825	99.3761227313312	100.0	0.0	10.927721923577595	0.0	48507868.0
NA19184	63052592.0	0.0	63052592.0	1.0	31526296.0	31526296.0	62992252.0	62991878.0	60340.0	62633722.0	63052592.0	0.0	6629414.0	0.0	0.0	23186.0	6353411704.0	3176705852.0	3176705852.0	6347328801.0	6340352697.0	0.0	0.0	13189845.0	0.002080302	101.0	101.0	101.0	101.0	101.0	101.0	36.9	189.2	66.8	31452164.0	6318.0	6358.0	31099.0	99.3	99.90430211021301	99.90370895458192	0.09569788978698925	99.33568155294869	100.0	0.0	10.514102259269531	0.0	56362838.0
NA19201	52699776.0	0.0	52699776.0	1.0	26349888.0	26349888.0	52674834.0	52671298.0	24942.0	51071686.0	52699776.0	0.0	4864849.0	0.0	0.0	119013.0	5266080072.0	2633040036.0	2633040036.0	5263601896.0	5253513880.0	0.0	0.0	14423863.0	0.002745565	100.0	100.0	100.0	100.0	100.0	100.0	37.5	253.6	82.7	25579137.0	20824.0	49856.0	685832.0	96.9	99.95267152558675	99.94596181964796	0.047328474413249874	96.9106320300109	100.0	0.0	9.231251760918301	0.0	47809985.0
NA19307	74921238.0	0.0	74921238.0	1.0	37460619.0	37460619.0	74808612.0	74808146.0	112626.0	74457252.0	74921238.0	0.0	7830530.0	0.0	0.0	16521.0	7554935306.0	3777467653.0	3777467653.0	7543575048.0	7537569133.0	0.0	0.0	17481729.0	0.002319279	101.0	101.0	101.0	101.0	101.0	101.0	36.8	186.2	59.9	37359670.0	7925.0	6531.0	29947.0	99.4	99.84967413378834	99.84905214726965	0.15032586621166083	99.38070163763177	100.0	0.0	10.451682605671838	0.0	66978082.0
NA19324	50401418.0	0.0	50401418.0	1.0	25200709.0	25200709.0	50391186.0	50388744.0	10232.0	49195726.0	50401418.0	0.0	4578464.0	0.0	0.0	57876.0	5036219250.0	2518109625.0	2518109625.0	5035217303.0	5025875821.0	0.0	0.0	14618904.0	0.002908728	100.0	100.0	100.0	100.0	100.0	100.0	37.0	250.6	76.2	24644285.0	16391.0	23081.0	510615.0	97.6	99.97969898386589	99.97485388208722	0.02030101613410956	97.60782127201263	100.0	0.0	9.083998390680199	0.0	45812722.0
NA19347	129494272.0	0.0	129494272.0	1.0	64747136.0	64747136.0	129305844.0	129297648.0	188428.0	128633406.0	129494272.0	0.0	12184876.0	0.0	0.0	54066.0	9832045192.0	4916022596.0	4916022596.0	9817745985.0	9752929493.0	0.0	0.0	63556334.0	0.006516641	76.0	76.0	76.0	76.0	76.0	76.0	32.2	169.4	58.5	64413813.0	21717.0	11328.0	201966.0	99.3	99.85448931671665	99.84816007923502	0.14551068328335018	99.33520920523804	100.0	0.0	9.40958685801948	0.0	117120968.0
NA19372	72035500.0	0.0	72035500.0	1.0	36017750.0	36017750.0	72006109.0	72005806.0	29391.0	71239742.0	72035500.0	0.0	7722811.0	0.0	0.0	14268.0	7253938008.0	3626969004.0	3626969004.0	7250981362.0	7245820823.0	0.0	0.0	16026416.0	0.002211815	101.0	101.0	101.0	101.0	101.0	101.0	36.1	166.0	54.2	35941354.0	9195.0	11674.0	40680.0	98.9	99.95919928368652	99.95877865774514	0.04080071631348432	98.89532522159213	100.0	0.0	10.720840418960096	0.0	64283298.0
NA19922	65519962.0	0.0	65519962.0	1.0	32759981.0	32759981.0	65503300.0	65502868.0	16662.0	65303990.0	65519962.0	0.0	6389766.0	0.0	0.0	12453.0	6608839168.0	3304419584.0	3304419584.0	6607158708.0	6603034992.0	0.0	0.0	16426062.0	0.002487653	101.0	101.0	101.0	101.0	101.0	101.0	36.8	211.9	75.9	32718797.0	4171.0	3858.0	24608.0	99.7	99.97456958232057	99.97391024127883	0.025430417679424173	99.67037221419633	100.0	0.0	9.7523957660415	0.0	59113534.0
NA20274	49457452.0	0.0	49457452.0	1.0	24728726.0	24728726.0	49449156.0	49446510.0	8296.0	49162218.0	49457452.0	0.0	4274111.0	0.0	0.0	55670.0	4940547880.0	2470273940.0	2470273940.0	4939741553.0	4751370531.0	0.0	0.0	40319679.0	0.008485905	100.0	100.0	100.0	100.0	100.0	100.0	32.2	207.4	66.0	24599316.0	7592.0	5165.0	111182.0	99.4	99.98322598584335	99.97787593262993	0.016774014156653277	99.4030545690061	100.0	0.0	8.64199595239965	0.0	45175045.0
NA20339	72332428.0	0.0	72332428.0	1.0	36166214.0	36166214.0	72226111.0	72225660.0	106317.0	71943586.0	72332428.0	0.0	7330778.0	0.0	0.0	14178.0	7298768756.0	3649384378.0	3649384378.0	7288040535.0	7283647123.0	0.0	0.0	17020926.0	0.002336869	101.0	101.0	101.0	101.0	101.0	101.0	36.8	209.3	71.2	36072865.0	5329.0	5393.0	29243.0	99.5	99.85301613268118	99.8523926225731	0.1469838673188186	99.46242368637203	100.0	0.0	10.134842978034692	0.0	64895333.0
NA20342	50725770.0	0.0	50725770.0	1.0	25362885.0	25362885.0	50713024.0	50711170.0	12746.0	50245622.0	50725770.0	0.0	4354007.0	0.0	0.0	32772.0	5068749490.0	2534374745.0	2534374745.0	5067487694.0	5059125208.0	0.0	0.0	14891066.0	0.002943407	100.0	100.0	100.0	100.0	100.0	100.0	37.4	246.5	88.5	25155339.0	13593.0	11267.0	175386.0	99.1	99.97487273234098	99.97121778535842	0.02512726765902223	99.05344364412802	100.0	0.0	8.583422193492577	0.0	46359017.0
NA20351	79277582.0	0.0	79277582.0	1.0	39638791.0	39638791.0	79154367.0	79153850.0	123215.0	78817800.0	79277582.0	0.0	8093849.0	0.0	0.0	16880.0	7993675258.0	3996837629.0	3996837629.0	7981243157.0	7975611857.0	0.0	0.0	18965491.0	0.002377936	101.0	101.0	101.0	101.0	101.0	101.0	36.7	195.4	67.1	39531055.0	7191.0	6386.0	32293.0	99.4	99.84457775213174	99.8439256131702	0.15542224786825612	99.42003528816002	100.0	0.0	10.209505380726673	0.0	71060518.0
NA20355	45915500.0	0.0	45915500.0	1.0	22957750.0	22957750.0	45908296.0	45906374.0	7204.0	45574996.0	45915500.0	0.0	4150717.0	0.0	0.0	70140.0	4586718598.0	2293359299.0	2293359299.0	4586027367.0	4416235489.0	0.0	0.0	35576950.0	0.008055945	100.0	100.0	100.0	100.0	100.0	100.0	32.1	218.7	71.2	22806295.0	8160.0	7399.0	131333.0	99.3	99.98431030915485	99.98012435887664	0.01568969084513944	99.25841164748289	100.0	0.0	9.039903736211082	0.0	41757579.0
NA20503	74859046.0	0.0	74859046.0	1.0	37429523.0	37429523.0	74789959.0	74789518.0	69087.0	74340806.0	74859046.0	0.0	7709695.0	0.0	0.0	16607.0	7536493910.0	3768246955.0	3768246955.0	7529529043.0	7523196390.0	0.0	0.0	19124575.0	0.002542081	101.0	101.0	101.0	101.0	101.0	101.0	35.9	175.0	57.8	37345985.0	8697.0	7493.0	32584.0	99.3	99.90771055244278	99.90712144528264	0.09228944755721305	99.30771225697961	100.0	0.0	10.29894904084137	0.0	67080264.0
NA20506	49135804.0	0.0	49135804.0	1.0	24567902.0	24567902.0	49051034.0	49050620.0	84770.0	48768230.0	49135804.0	0.0	5226688.0	0.0	0.0	13630.0	4936445594.0	2468222797.0	2468222797.0	4927895515.0	4924241329.0	0.0	0.0	11401867.0	0.002315457	100.0	100.0	100.0	101.0	101.0	101.0	36.7	170.4	58.5	24488453.0	7077.0	5045.0	24735.0	99.3	99.82747814607858	99.82663558329075	0.17252185392142969	99.25192228461349	100.0	0.0	10.637229015322514	0.0	43824346.0
NA20507	54142186.0	0.0	54142186.0	1.0	27071093.0	27071093.0	54052259.0	54051912.0	89927.0	53678112.0	54142186.0	0.0	6053307.0	0.0	0.0	15160.0	5457187014.0	2728593507.0	2728593507.0	5448112843.0	5443739010.0	0.0	0.0	11799997.0	0.002167627	101.0	101.0	101.0	101.0	101.0	101.0	36.0	174.2	53.4	26976288.0	7519.0	6224.0	35925.0	99.1	99.8339058567011	99.83326495165895	0.1660941432989056	99.1428606151957	100.0	0.0	11.180388985402253	0.0	47998952.0
NA20511	58332838.0	0.0	58332838.0	1.0	29166419.0	29166419.0	58323753.0	58321812.0	9085.0	58050154.0	58332838.0	0.0	5023098.0	0.0	0.0	52967.0	5827612340.0	2913806170.0	2913806170.0	5826738961.0	5626133298.0	0.0	0.0	43499938.0	0.007731764	100.0	100.0	100.0	100.0	100.0	100.0	32.4	221.5	74.1	29048257.0	7594.0	4922.0	100133.0	99.5	99.98442558203665	99.98109812521037	0.015574417963343391	99.51539474215193	100.0	0.0	8.611098263382969	0.0	53300655.0
NA20761	86845814.0	0.0	86845814.0	1.0	43422907.0	43422907.0	86716767.0	86713868.0	129047.0	86003960.0	86845814.0	0.0	5119212.0	0.0	0.0	26229.0	7813757298.0	3906878649.0	3906878649.0	7802152665.0	7771958224.0	0.0	0.0	30738956.0	0.003955111	90.0	90.0	90.0	90.0	90.0	90.0	35.7	262.7	92.2	43221885.0	8599.0	9683.0	116767.0	99.0	99.85140677016396	99.84806867029884	0.14859322983604023	99.03063376203717	100.0	0.0	5.894598443167336	0.0	81597555.0
NA20864	106060260.0	0.0	106060260.0	1.0	53030130.0	53030130.0	106036982.0	106032892.0	23278.0	104264912.0	106060260.0	0.0	6611610.0	0.0	0.0	69092.0	9541671848.0	4770835924.0	4770835924.0	9539600478.0	9510176442.0	0.0	0.0	33597527.0	0.003532797	90.0	90.0	90.0	90.0	90.0	90.0	35.9	224.1	83.8	52773908.0	12124.0	20337.0	210077.0	98.3	99.97805209981571	99.97419580151887	0.02194790018429146	98.30723779104446	100.0	0.0	6.233824054363057	0.0	99425372.0
NA20900	54589248.0	0.0	54589248.0	1.0	27294624.0	27294624.0	54584330.0	54583238.0	4918.0	54293556.0	54589248.0	0.0	4602186.0	0.0	0.0	45523.0	5455676558.0	2727838279.0	2727838279.0	5455187104.0	5449571473.0	0.0	0.0	15619467.0	0.002866183	100.0	100.0	100.0	100.0	100.0	100.0	35.3	219.9	68.5	27173964.0	5684.0	5281.0	106690.0	99.5	99.99099089989296	99.98899050596923	0.009009100107039394	99.45833289368632	100.0	0.0	8.430572262142173	0.0	49982144.0
NA21092	59688944.0	0.0	59688944.0	1.0	29844472.0	29844472.0	59645932.0	59641746.0	43012.0	58500702.0	59688944.0	0.0	5201627.0	0.0	0.0	77326.0	5964026532.0	2982013266.0	2982013266.0	5959754828.0	5943812774.0	0.0	0.0	22032325.0	0.003706766	100.0	100.0	100.0	100.0	100.0	100.0	36.4	239.6	62.5	29322434.0	16740.0	22377.0	459322.0	98.0	99.92793975380097	99.92092672974748	0.07206024619902808	98.00927622375092	100.0	0.0	8.714556920289962	0.0	54444305.0
