Sample	Total Reads	Total Passed QC	Mapped	Supplementary Alignments	Duplicates	Paired in Sequencing	Properly Paired	Self and mate mapped	Singletons	Mate mapped to diff chr	Diff chr (mapQ >= 5)
HG00097	54.339008	54.339008	54.286947	0.009519999999999999	0.0	54.329488	53.853227999999994	54.277134	0.00029299999999999997	0.052433999999999995	0.030379999999999997
HG00105	54.131996	54.131996	54.059110999999994	0.009519999999999999	0.0	54.122476	53.777294	54.049313999999995	0.000277	0.036857999999999995	0.021241
HG00106	61.715219999999995	61.715219999999995	61.63032	0.013659999999999999	0.0	61.70156	61.122721999999996	61.616339999999994	0.00031999999999999997	0.061002	0.034298999999999996
HG00125	93.099401	93.099401	93.032219	0.07677099999999999	0.0	93.02262999999999	87.228376	92.914166	0.041282	5.094768	4.587971
HG00145	177.656813	177.656813	177.02182	0.060757	0.0	177.596056	176.068386	176.948198	0.012865	0.41357	0.284545
HG00171	115.03681999999999	115.03681999999999	115.008983	0.03702	0.0	114.9998	114.24555199999999	114.969342	0.002621	0.316418	0.269509
HG00173	67.47827699999999	67.47827699999999	67.39264299999999	0.014891	0.0	67.463386	66.618838	67.377374	0.00037799999999999997	0.115592	0.075279
HG00313	89.762923	89.762923	89.680409	0.058877	0.0	89.70404599999999	87.58592399999999	89.600532	0.020999999999999998	1.250438	1.105681
HG00324	84.49615899999999	84.49615899999999	84.441396	0.070295	0.0	84.42586399999999	80.768564	84.332476	0.038625	3.046254	2.740741
HG00376	87.515084	87.515084	87.43963	0.063262	0.0	87.45182199999999	86.061816	87.354812	0.021556	0.9879819999999999	0.8731319999999999
HG00407	77.927936	77.927936	77.888308	0.052267999999999995	0.0	77.87566799999999	74.427224	77.808206	0.027833999999999998	3.094636	2.787301
HG00699	100.16148299999999	100.16148299999999	100.064351	0.105803	0.0	100.05568	94.340774	99.90190199999999	0.056645999999999995	4.95498	4.4360859999999995
HG00956	75.238238	75.238238	74.738247	0.024228	0.0	75.21401	73.908052	74.71148	0.002539	0.165312	0.125657
HG01501	60.990857999999996	60.990857999999996	60.911085	0.014837999999999999	0.0	60.97602	60.562014	60.895644	0.000603	0.057078	0.034544
HG01503	48.876732999999994	48.876732999999994	48.846149	0.011727	0.0	48.865006	48.596238	48.834114	0.000308	0.044483999999999996	0.027903999999999998
HG01504	56.125187	56.125187	56.075418	0.012922999999999999	0.0	56.112263999999996	55.757228	56.062177999999996	0.000317	0.048097999999999995	0.028374
HG01522	142.36825299999998	142.36825299999998	141.20468599999998	0.07654699999999999	0.0	142.291706	138.609658	141.108554	0.019584999999999998	2.090618	1.835531
HG01596	0.24492399999999998	0.24492399999999998	0.244803	0.00015	0.0	0.244774	0.24222	0.244644	9e-06	0.00104	0.000873
HG01770	70.15334	70.15334	70.07391299999999	0.017898	0.0	70.135442	69.6856	70.05556399999999	0.00045099999999999996	0.07400799999999999	0.047154999999999996
HG01880	110.161417	110.161417	110.14480999999999	0.075455	0.0	110.085962	108.802398	110.06531799999999	0.004037	0.446326	0.36974399999999996
HG01882	118.08852999999999	118.08852999999999	118.075198	0.070004	0.0	118.018526	116.14922399999999	117.999178	0.006016	0.5263439999999999	0.43129
HG01886	341.499141	341.499141	341.42001999999997	0.126875	0.0	341.37226599999997	334.860482	341.27438	0.018765	5.801962	5.028913
HG01890	68.747748	68.747748	68.685429	0.018952	0.0	68.728796	68.292074	68.66601399999999	0.000463	0.06500399999999999	0.035421
HG01986	116.616141	116.616141	116.58630199999999	0.07940499999999999	0.0	116.53673599999999	114.654096	116.503006	0.003891	0.37901999999999997	0.288717
HG02013	98.42590799999999	98.42590799999999	98.367295	0.09067599999999999	0.0	98.33523199999999	96.52555	98.260446	0.016173	0.44723199999999996	0.35026799999999997
HG02085	61.547110999999994	61.547110999999994	61.466955	0.017653	0.0	61.529458	61.074768	61.448794	0.000508	0.065284	0.036295999999999995
HG02372	104.148234	104.148234	104.12097	0.075776	0.0	104.072458	103.316104	104.040908	0.004286	0.48701999999999995	0.42027899999999996
HG02511	60.039766	60.039766	59.983968999999995	0.014091999999999999	0.0	60.025673999999995	59.621517999999995	59.969556	0.000321	0.058112	0.036612
HG02651	69.326746	69.326746	69.324691	0.066116	0.0	69.26062999999999	68.956364	69.257318	0.0012569999999999999	0.227188	0.19061899999999998
HG02691	60.16818	60.16818	60.166235	0.055174	0.0	60.113006	59.708982	60.109936	0.001125	0.20052399999999998	0.163901
HG02813	0.229598	0.229598	0.22957799999999998	0.000236	0.0	0.22936199999999998	0.22800199999999998	0.22933599999999998	6e-06	0.000962	0.000781
HG02814	0.229179	0.229179	0.22913	0.00022899999999999998	0.0	0.22895	0.22751	0.228896	4.9999999999999996e-06	0.0009639999999999999	0.000815
HG02840	0.451521	0.451521	0.451486	0.00036899999999999997	0.0	0.451152	0.448198	0.451106	1.1e-05	0.002134	0.0018089999999999998
HG02852	78.826167	78.826167	78.79316	0.080441	0.0	78.74572599999999	78.24772999999999	78.710208	0.0025109999999999998	0.319382	0.268414
HG02878	0.19197	0.19197	0.191862	0.000374	0.0	0.191596	0.18958	0.19148199999999999	6e-06	0.001468	0.00113
HG02895	64.86483799999999	64.86483799999999	64.855625	0.071966	0.0	64.792872	64.403752	64.781836	0.001823	0.293858	0.241481
HG02977	74.31116399999999	74.31116399999999	74.300067	0.066034	0.0	74.24513	73.82673799999999	74.23243	0.0016029999999999998	0.274818	0.227787
HG02981	59.104884	59.104884	59.098149	0.065332	0.0	59.039552	56.67035	59.029987999999996	0.002829	2.17699	1.9159469999999998
HG02982	0.35752799999999996	0.35752799999999996	0.35750499999999996	0.000348	0.0	0.35718	0.35403599999999996	0.35715199999999997	4.9999999999999996e-06	0.0026019999999999997	0.002225
HG03076	8.795454	8.795454	8.794208	0.0023	0.0	8.793154	8.72979	8.791636	0.000272	0.0406	0.034041999999999996
HG03078	7.055829999999999	7.055829999999999	7.024274999999999	0.0024879999999999998	0.0	7.053342	6.94212	6.995051999999999	0.026735	0.023492	0.017789
HG03105	61.919366	61.919366	61.914184	0.06844399999999999	0.0	61.850922	61.418254	61.844553999999995	0.001186	0.333248	0.285038
HG03139	64.747104	64.747104	64.742734	0.06702799999999999	0.0	64.680076	64.188696	64.674392	0.0013139999999999998	0.377644	0.32261999999999996
HG03157	68.938307	68.938307	68.93185799999999	0.090957	0.0	68.84734999999999	68.340822	68.83921	0.001691	0.370446	0.313432
HG03267	63.465959999999995	63.465959999999995	63.458935999999994	0.075324	0.0	63.390636	62.961358	63.38205	0.001562	0.313332	0.265295
HG03303	63.873414999999994	63.873414999999994	63.8527	0.08257099999999999	0.0	63.790844	63.230315999999995	63.767903999999994	0.002225	0.44628399999999996	0.382895
HG03436	3.889573	3.889573	3.889191	0.0014169999999999999	0.0	3.888156	3.84426	3.8876239999999997	0.00015	0.018836	0.015113
HG03437	3.508618	3.508618	3.5074609999999997	0.001464	0.0	3.507154	3.4692619999999996	3.505838	0.000159	0.016612	0.013555999999999999
HG03446	66.908542	66.908542	66.895519	0.077294	0.0	66.831248	66.34483999999999	66.81638	0.0018449999999999999	0.343612	0.269121
HG03558	27.933512	27.933512	27.920249	0.029425999999999997	0.0	27.904086	27.702893999999997	27.890355999999997	0.00046699999999999997	0.120282	0.088766
HG03572	3.1498019999999998	3.1498019999999998	3.148884	0.001676	0.0	3.148126	3.108014	3.1470659999999997	0.00014199999999999998	0.017124	0.013975
HG03603	83.22846799999999	83.22846799999999	83.217297	0.11932999999999999	0.0	83.109138	82.481972	83.096086	0.0018809999999999999	0.511922	0.437882
HG03619	149.528201	149.528201	149.481621	0.256389	0.0	149.27181199999998	148.09830599999998	149.21989	0.0053419999999999995	0.810346	0.574017
HG03672	55.064543	55.064543	55.062596	0.048964999999999995	0.0	55.015578	54.788232	55.012547999999995	0.001083	0.156552	0.129596
HG03723	62.210611	62.210611	62.207699	0.044751	0.0	62.165859999999995	61.953578	62.161856	0.0010919999999999999	0.135954	0.112872
HG03790	72.774625	72.774625	72.77145999999999	0.068399	0.0	72.706226	72.34564	72.70161399999999	0.001447	0.226302	0.18262499999999998
HG03814	46.328702	46.328702	46.323046999999995	0.043643999999999995	0.0	46.285058	46.022904	46.278348	0.001055	0.182438	0.15573199999999998
NA06989	0.475886	0.475886	0.47278699999999996	0.00026399999999999997	0.0	0.475622	0.46948599999999996	0.472498	2.4999999999999998e-05	0.0014659999999999999	0.001041
NA11840	48.991785	48.991785	48.951771	0.226603	0.0	48.765181999999996	47.213166	48.720996	0.0041719999999999995	1.3031679999999999	1.144609
NA12046	49.898948	49.898948	49.550889999999995	0.019202	0.0	49.879746	49.064178	49.531008	0.0006799999999999999	0.071702	0.038156999999999996
NA12234	64.794539	64.794539	64.745048	0.029155	0.0	64.765384	64.299672	64.715512	0.000381	0.084674	0.05448
NA12347	112.773771	112.773771	112.75255899999999	0.028260999999999998	0.0	112.74551	111.90644599999999	112.722352	0.0019459999999999998	0.431322	0.375229
NA18488	181.43074299999998	181.43074299999998	181.08074	0.08083499999999999	0.0	181.349908	180.10913399999998	180.98691399999998	0.012990999999999999	0.44796199999999997	0.29506499999999997
NA18498	79.416736	79.416736	79.177101	0.042645999999999996	0.0	79.37409	78.87971	79.12987199999999	0.004582999999999999	0.16114599999999998	0.09224099999999999
NA18499	0.589834	0.589834	0.5897669999999999	0.00014199999999999998	0.0	0.589692	0.5853079999999999	0.589608	1.7e-05	0.001656	0.0013419999999999999
NA18526	97.660989	97.660989	97.601569	0.116783	0.0	97.544206	94.113366	97.45232	0.032466	2.83893	2.535584
NA18530	113.388188	113.388188	113.369546	0.03716	0.0	113.351028	112.71464999999999	113.330298	0.002088	0.29730599999999996	0.254106
NA18645	46.498166	46.498166	46.457525	0.013186	0.0	46.48498	45.777324	46.444094	0.000245	0.062112	0.029449999999999997
NA18858	123.113559	123.113559	123.07330499999999	0.032081	0.0	123.08147799999999	122.215302	123.039054	0.00217	0.42701	0.369124
NA18870	137.430492	137.430492	137.396741	0.035741999999999996	0.0	137.39475	136.035616	137.352394	0.008605	0.374376	0.284368
NA18946	0.153913	0.153913	0.1537	4.2999999999999995e-05	0.0	0.15387	0.152138	0.15365199999999998	4.9999999999999996e-06	0.000358	0.000274
NA18993	64.147663	64.147663	64.02223599999999	0.011538999999999999	0.0	64.136124	63.709278	64.010308	0.00038899999999999997	0.049569999999999996	0.031527
NA19001	0.24867799999999998	0.24867799999999998	0.24822999999999998	3.4e-05	0.0	0.24864399999999998	0.247024	0.248196	0.0	0.000192	0.000122
NA19020	46.434019	46.434019	46.347359	0.010021	0.0	46.423998	45.773661999999995	46.33703	0.000308	0.054416	0.026373999999999998
NA19036	59.371047	59.371047	59.334626	0.012365	0.0	59.358681999999995	58.814152	59.321962	0.000299	0.054	0.026404
NA19175	54.497358999999996	54.497358999999996	54.469846	0.007475	0.0	54.489883999999996	54.149933999999995	54.462143999999995	0.000227	0.043058	0.025511
NA19184	63.075778	63.075778	63.015437999999996	0.023186	0.0	63.052592	62.633722	62.991878	0.000374	0.062197999999999996	0.036362
NA19201	52.818788999999995	52.818788999999995	52.793847	0.119013	0.0	52.699776	51.071686	52.671298	0.0035359999999999996	1.371664	1.190616
NA19307	74.937759	74.937759	74.825133	0.016521	0.0	74.921238	74.457252	74.808146	0.000466	0.059893999999999996	0.035475
NA19324	50.459294	50.459294	50.449062	0.057876	0.0	50.401418	49.195726	50.388743999999996	0.0024419999999999997	1.0212299999999999	0.8895489999999999
NA19347	129.548338	129.548338	129.35990999999999	0.054065999999999996	0.0	129.494272	128.633406	129.29764799999998	0.008196	0.40393199999999996	0.321428
NA19372	72.049768	72.049768	72.020377	0.014268	0.0	72.0355	71.23974199999999	72.00580599999999	0.000303	0.08136	0.044940999999999995
NA19922	65.532415	65.532415	65.515753	0.012452999999999999	0.0	65.51996199999999	65.30399	65.50286799999999	0.000432	0.049215999999999996	0.033778999999999997
NA20274	49.513121999999996	49.513121999999996	49.504825999999994	0.05567	0.0	49.457451999999996	49.162217999999996	49.446509999999996	0.002646	0.22236399999999998	0.175239
NA20339	72.346606	72.346606	72.24028899999999	0.014178	0.0	72.332428	71.943586	72.22565999999999	0.00045099999999999996	0.058485999999999996	0.038651
NA20342	50.758542	50.758542	50.745796	0.032771999999999996	0.0	50.72577	50.245622	50.711169999999996	0.001854	0.350772	0.289144
NA20351	79.294462	79.294462	79.171247	0.01688	0.0	79.277582	78.81779999999999	79.15384999999999	0.000517	0.06458599999999999	0.041128
NA20355	45.98564	45.98564	45.978435999999995	0.07014	0.0	45.915499999999994	45.574996	45.906374	0.0019219999999999999	0.262666	0.21462099999999998
NA20503	74.875653	74.875653	74.806566	0.016607	0.0	74.85904599999999	74.340806	74.789518	0.000441	0.065168	0.037582
NA20506	49.149434	49.149434	49.064664	0.01363	0.0	49.135804	48.768229999999996	49.050619999999995	0.000414	0.04947	0.028179
NA20507	54.157346	54.157346	54.067419	0.01516	0.0	54.142185999999995	53.678112	54.051911999999994	0.000347	0.07185	0.044683999999999995
NA20511	58.385805	58.385805	58.37672	0.052967	0.0	58.332837999999995	58.050154	58.321811999999994	0.001941	0.200266	0.155779
NA20761	86.87204299999999	86.87204299999999	86.74299599999999	0.026229	0.0	86.84581399999999	86.00395999999999	86.71386799999999	0.0028989999999999997	0.233534	0.191163
NA20864	106.129352	106.129352	106.10607399999999	0.069092	0.0	106.06026	104.264912	106.03289199999999	0.00409	0.42015399999999997	0.33723
NA20900	54.634771	54.634771	54.629853	0.045523	0.0	54.589248	54.293555999999995	54.583237999999994	0.0010919999999999999	0.21338	0.18079099999999998
NA21092	59.76627	59.76627	59.723257999999994	0.07732599999999999	0.0	59.688944	58.500702	59.641746	0.004186	0.9186439999999999	0.7938839999999999
