Sample	Total sequences	Mapped &amp; paired	Properly paired	Duplicated	QC Failed	Reads MQ0	Mapped bases (CIGAR)	Bases Trimmed	Duplicated bases	Diff chromosomes	Other orientation	Inward pairs	Outward pairs
HG00097	54.329488	54.277134	53.853227999999994	0.0	0.0	5.986254	5460.740108999999	0.0	0.0	0.026216999999999997	0.007163999999999999	27.094154999999997	0.011031
HG00105	54.122476	54.049313999999995	53.777294	0.0	0.0	5.596635	5441.134308	0.0	0.0	0.018428999999999997	0.004449	26.997176	0.0046029999999999995
HG00106	61.70156	61.616339999999994	61.122721999999996	0.0	0.0	6.500507	6198.290349999999	0.0	0.0	0.030501	0.00808	30.762051999999997	0.007536999999999999
HG00125	93.02262999999999	92.914166	87.228376	0.0	0.0	5.8170399999999995	8322.926263	0.0	0.0	2.547384	0.071306	43.798255	0.040138
HG00145	177.596056	176.948198	176.068386	0.0	0.0	15.924697	13359.080495	0.0	0.0	0.206785	0.018865	88.17799	0.070459
HG00171	114.9998	114.969342	114.24555199999999	0.0	0.0	6.654705	10302.053108	0.0	0.0	0.158209	0.012745999999999999	57.306301999999995	0.007414
HG00173	67.463386	67.377374	66.618838	0.0	0.0	7.685207999999999	6769.5178909999995	0.0	0.0	0.057796	0.012523999999999999	33.608447	0.00992
HG00313	89.70404599999999	89.600532	87.58592399999999	0.0	0.0	5.358007	8025.457090999999	0.0	0.0	0.625219	0.025085	44.135566	0.014395999999999999
HG00324	84.42586399999999	84.332476	80.768564	0.0	0.0	4.9653659999999995	7543.780675999999	0.0	0.0	1.523127	0.047395	40.570476	0.02524
HG00376	87.45182199999999	87.354812	86.061816	0.0	0.0	5.308046	7824.492053999999	0.0	0.0	0.49399099999999996	0.020166	43.148354	0.014894999999999999
HG00407	77.87566799999999	77.808206	74.427224	0.0	0.0	4.768617	6969.664409999999	0.0	0.0	1.547318	0.044365999999999996	37.287592	0.024827
HG00699	100.05568	99.90190199999999	94.340774	0.0	0.0	6.249248	8913.059078	0.0	0.0	2.47749	0.07307999999999999	47.359094999999996	0.041285999999999996
HG00956	75.21401	74.71148	73.908052	0.0	0.0	4.548537	6713.545529	0.0	0.0	0.082656	0.009308	37.256589999999996	0.007186
HG01501	60.97602	60.895644	60.562014	0.0	0.0	6.171061	6135.313381	0.0	0.0	0.028539	0.005823	30.405797	0.007663
HG01503	48.865006	48.834114	48.596238	0.0	0.0	5.047611	4919.755962	0.0	0.0	0.022241999999999998	0.00422	24.385502	0.0050929999999999994
HG01504	56.112263999999996	56.062177999999996	55.757228	0.0	0.0	5.694884999999999	5644.055512	0.0	0.0	0.024048999999999997	0.005144	27.994978999999997	0.0069169999999999995
HG01522	142.291706	141.108554	138.609658	0.0	0.0	11.552781999999999	14029.383840999999	0.0	0.0	1.045309	0.083725	69.391795	0.033448
HG01596	0.244774	0.244644	0.24222	0.0	0.0	0.015502	21.940343	0.0	0.0	0.00052	3.6e-05	0.12174	2.6e-05
HG01770	70.135442	70.05556399999999	69.6856	0.0	0.0	7.096337999999999	7061.553932999999	0.0	0.0	0.037003999999999995	0.006464999999999999	34.977264999999996	0.007048
HG01880	110.085962	110.06531799999999	108.802398	0.0	0.0	6.871117	9871.637512	0.0	0.0	0.223163	0.020746999999999998	54.776748	0.012001
HG01882	118.018526	117.999178	116.14922399999999	0.0	0.0	7.617331	10587.851703999999	0.0	0.0	0.26317199999999996	0.020668	58.701657	0.014091999999999999
HG01886	341.37226599999997	341.27438	334.860482	0.0	0.0	30.235432	34059.682615	0.0	0.0	2.900981	0.098883	167.538746	0.09858
HG01890	68.728796	68.66601399999999	68.292074	0.0	0.0	7.083367	6916.371313	0.0	0.0	0.032501999999999996	0.006392999999999999	34.283767999999995	0.010343999999999999
HG01986	116.53673599999999	116.503006	114.654096	0.0	0.0	7.516045999999999	10463.068577	0.0	0.0	0.18950999999999998	0.022021	58.025236	0.014735999999999999
HG02013	98.33523199999999	98.260446	96.52555	0.0	0.0	6.165178	8814.766556	0.0	0.0	0.22361599999999998	0.029151	48.858714	0.018741999999999998
HG02085	61.529458	61.448794	61.074768	0.0	0.0	6.110677	6191.512229999999	0.0	0.0	0.032642	0.006222999999999999	30.675842	0.009689999999999999
HG02372	104.072458	104.040908	103.316104	0.0	0.0	6.6704349999999994	9329.376788	0.0	0.0	0.24350999999999998	0.014620999999999999	51.752092	0.010230999999999999
HG02511	60.025673999999995	59.969556	59.621517999999995	0.0	0.0	6.257725	6040.892325	0.0	0.0	0.029056	0.005853	29.944346999999997	0.005522
HG02651	69.26062999999999	69.257318	68.956364	0.0	0.0	5.987888	6915.326209999999	0.0	0.0	0.113594	0.007122	34.501345	0.006598
HG02691	60.113006	60.109936	59.708982	0.0	0.0	5.0354	6001.5687179999995	0.0	0.0	0.10026199999999999	0.007624	29.940244999999997	0.006836999999999999
HG02813	0.22936199999999998	0.22933599999999998	0.22800199999999998	0.0	0.0	0.019874	22.886539	0.0	0.0	0.000481	2.3e-05	0.114134	2.9999999999999997e-05
HG02814	0.22895	0.228896	0.22751	0.0	0.0	0.01937	22.840742	0.0	0.0	0.00048199999999999995	2.3e-05	0.113912	3.1e-05
HG02840	0.451152	0.451106	0.448198	0.0	0.0	0.037392	45.021507	0.0	0.0	0.001067	5.6999999999999996e-05	0.22436899999999999	5.9999999999999995e-05
HG02852	78.74572599999999	78.710208	78.24772999999999	0.0	0.0	6.720628	7857.464016999999	0.0	0.0	0.159691	0.009741	39.17675	0.008922
HG02878	0.191596	0.19148199999999999	0.18958	0.0	0.0	0.016666	19.088898999999998	0.0	0.0	0.000734	2.7e-05	0.094871	0.00010899999999999999
HG02895	64.792872	64.781836	64.403752	0.0	0.0	5.661015	6465.600426	0.0	0.0	0.146929	0.008027	32.225683	0.010279
HG02977	74.24513	74.23243	73.82673799999999	0.0	0.0	6.672363	7411.151887	0.0	0.0	0.137409	0.009852	36.959826	0.009127999999999999
HG02981	59.039552	59.029987999999996	56.67035	0.0	0.0	5.079308999999999	5892.837715	0.0	0.0	1.088495	0.031035	28.376497999999998	0.018966
HG02982	0.35718	0.35715199999999997	0.35403599999999996	0.0	0.0	0.031619999999999995	35.659549	0.0	0.0	0.0013009999999999999	5.4e-05	0.177173	4.8e-05
HG03076	8.793154	8.791636	8.72979	0.0	0.0	0.9088879999999999	666.943489	0.0	0.0	0.0203	0.001112	4.373474	0.000932
HG03078	7.053342	6.995051999999999	6.94212	0.0	0.0	0.75932	531.391314	0.0	0.0	0.011746	0.00078	3.4836549999999997	0.0013449999999999998
HG03105	61.850922	61.844553999999995	61.418254	0.0	0.0	5.263583	6173.535860999999	0.0	0.0	0.166624	0.008562	30.739317	0.007774
HG03139	64.680076	64.674392	64.188696	0.0	0.0	5.556373	6456.621115	0.0	0.0	0.188822	0.009252999999999999	32.131191	0.00793
HG03157	68.84734999999999	68.83921	68.340822	0.0	0.0	5.958295	6871.445548	0.0	0.0	0.185223	0.01202	34.212714999999996	0.009647
HG03267	63.390636	63.38205	62.961358	0.0	0.0	5.379377	6327.674236	0.0	0.0	0.156666	0.012336	31.514194	0.007829
HG03303	63.790844	63.767903999999994	63.230315999999995	0.0	0.0	5.203072	6364.309348	0.0	0.0	0.22314199999999998	0.010438	31.640494	0.009878
HG03436	3.888156	3.8876239999999997	3.84426	0.0	0.0	0.40326999999999996	295.04625899999996	0.0	0.0	0.009418	0.0007469999999999999	1.933107	0.00054
HG03437	3.507154	3.505838	3.4692619999999996	0.0	0.0	0.35861299999999996	266.011079	0.0	0.0	0.008306	0.000749	1.7433809999999998	0.000483
HG03446	66.831248	66.81638	66.34483999999999	0.0	0.0	5.896573999999999	6665.560111	0.0	0.0	0.171806	0.010195	33.206406	0.019783
HG03558	27.904086	27.890355999999997	27.702893999999997	0.0	0.0	4.060039	2781.960095	0.0	0.0	0.060141	0.0070869999999999995	13.872672999999999	0.005277
HG03572	3.148126	3.1470659999999997	3.108014	0.0	0.0	0.324748	238.80885899999998	0.0	0.0	0.008562	0.000672	1.5637619999999999	0.0005369999999999999
HG03603	83.109138	83.096086	82.481972	0.0	0.0	7.229953999999999	8292.820163999999	0.0	0.0	0.255961	0.012376	41.267984999999996	0.011720999999999999
HG03619	149.27181199999998	149.21989	148.09830599999998	0.0	0.0	12.563958	14860.075234999998	0.0	0.0	0.405173	0.025678	74.089603	0.089491
HG03672	55.015578	55.012547999999995	54.788232	0.0	0.0	4.826410999999999	5489.230371	0.0	0.0	0.078276	0.004898	27.417583	0.005516999999999999
HG03723	62.165859999999995	62.161856	61.953578	0.0	0.0	5.139025	6202.83713	0.0	0.0	0.067977	0.0045899999999999995	31.003079999999997	0.005281
HG03790	72.706226	72.70161399999999	72.34564	0.0	0.0	6.364712	7257.394342	0.0	0.0	0.113151	0.00731	36.220701	0.009644999999999999
HG03814	46.285058	46.278348	46.022904	0.0	0.0	3.7163839999999997	4620.872402	0.0	0.0	0.091219	0.005111999999999999	23.038238	0.004605
NA06989	0.475622	0.472498	0.46948599999999996	0.0	0.0	0.040827999999999996	35.658333	0.0	0.0	0.0007329999999999999	6.3e-05	0.23521399999999998	0.00023899999999999998
NA11840	48.765181999999996	48.720996	47.213166	0.0	0.0	4.113094	4856.564004	0.0	0.0	0.6515839999999999	0.030605999999999998	23.658837	0.019471
NA12046	49.879746	49.531008	49.064178	0.0	0.0	5.5648029999999995	4967.09886	0.0	0.0	0.035851	0.008221	24.707261	0.014171
NA12234	64.765384	64.715512	64.299672	0.0	0.0	6.869001	6516.230237	0.0	0.0	0.042337	0.007682	32.300782	0.006954999999999999
NA12347	112.74551	112.722352	111.90644599999999	0.0	0.0	6.766369	10126.310266	0.0	0.0	0.215661	0.011379	56.12697	0.007166
NA18488	181.349908	180.98691399999998	180.10913399999998	0.0	0.0	16.170085999999998	13662.186885	0.0	0.0	0.22398099999999999	0.019851	90.152728	0.096897
NA18498	79.37409	79.12987199999999	78.87971	0.0	0.0	7.431343	5963.656255999999	0.0	0.0	0.08057299999999999	0.007274	39.42732	0.049769
NA18499	0.589692	0.589608	0.5853079999999999	0.0	0.0	0.055511	44.636569	0.0	0.0	0.000828	5.2e-05	0.293859	6.5e-05
NA18526	97.544206	97.45232	94.113366	0.0	0.0	5.7813669999999995	8725.391355	0.0	0.0	1.419465	0.052194	47.22709	0.027410999999999998
NA18530	113.351028	113.330298	112.71464999999999	0.0	0.0	6.69217	10181.271905	0.0	0.0	0.14865299999999998	0.011335999999999999	56.498754	0.006405999999999999
NA18645	46.48498	46.444094	45.777324	0.0	0.0	5.124497	4667.687398	0.0	0.0	0.031056	0.010289	23.171598	0.009104
NA18858	123.08147799999999	123.039054	122.215302	0.0	0.0	7.36055	11055.062235	0.0	0.0	0.213505	0.012657	61.28568	0.007685
NA18870	137.39475	137.352394	136.035616	0.0	0.0	12.842041	10391.474946	0.0	0.0	0.187188	0.018213	68.450445	0.020350999999999998
NA18946	0.15387	0.15365199999999998	0.152138	0.0	0.0	0.016229	15.456415	0.0	0.0	0.000179	2.4e-05	0.076594	2.9e-05
NA18993	64.136124	64.010308	63.709278	0.0	0.0	6.556208	6449.1352	0.0	0.0	0.024784999999999998	0.005339	31.969845	0.0051849999999999995
NA19001	0.24864399999999998	0.248196	0.247024	0.0	0.0	0.025813	25.015659	0.0	0.0	9.6e-05	1.9999999999999998e-05	0.123955	2.7e-05
NA19020	46.423998	46.33703	45.773661999999995	0.0	0.0	5.041173	4660.51793	0.0	0.0	0.027208	0.008641	23.125253999999998	0.007411999999999999
NA19036	59.358681999999995	59.321962	58.814152	0.0	0.0	6.619947	5970.964776	0.0	0.0	0.027	0.008254	29.617224	0.008503
NA19175	54.489883999999996	54.462143999999995	54.149933999999995	0.0	0.0	5.954503	5488.664064	0.0	0.0	0.021529	0.005765	27.199382999999997	0.004395
NA19184	63.052592	62.991878	62.633722	0.0	0.0	6.629414	6340.352696999999	0.0	0.0	0.031098999999999998	0.006358	31.452164	0.006318
NA19201	52.699776	52.671298	51.071686	0.0	0.0	4.8648489999999995	5253.5138799999995	0.0	0.0	0.685832	0.049856	25.579137	0.020824
NA19307	74.921238	74.808146	74.457252	0.0	0.0	7.8305299999999995	7537.569133	0.0	0.0	0.029946999999999998	0.0065309999999999995	37.35967	0.007925
NA19324	50.401418	50.388743999999996	49.195726	0.0	0.0	4.578463999999999	5025.875821	0.0	0.0	0.5106149999999999	0.023080999999999997	24.644285	0.016391
NA19347	129.494272	129.29764799999998	128.633406	0.0	0.0	12.184876	9752.929493	0.0	0.0	0.20196599999999998	0.011328	64.41381299999999	0.021717
NA19372	72.0355	72.00580599999999	71.23974199999999	0.0	0.0	7.722811	7245.820823	0.0	0.0	0.04068	0.011673999999999999	35.941354	0.009195
NA19922	65.51996199999999	65.50286799999999	65.30399	0.0	0.0	6.389766	6603.034992	0.0	0.0	0.024607999999999998	0.003858	32.718796999999995	0.004171
NA20274	49.457451999999996	49.446509999999996	49.162217999999996	0.0	0.0	4.2741109999999995	4751.370531	0.0	0.0	0.11118199999999999	0.0051649999999999995	24.599315999999998	0.007592
NA20339	72.332428	72.22565999999999	71.943586	0.0	0.0	7.330778	7283.647123	0.0	0.0	0.029242999999999998	0.005392999999999999	36.072865	0.0053289999999999995
NA20342	50.72577	50.711169999999996	50.245622	0.0	0.0	4.354007	5059.1252079999995	0.0	0.0	0.175386	0.011267	25.155338999999998	0.013593
NA20351	79.277582	79.15384999999999	78.81779999999999	0.0	0.0	8.093849	7975.611857	0.0	0.0	0.032292999999999995	0.006385999999999999	39.531054999999995	0.0071909999999999995
NA20355	45.915499999999994	45.906374	45.574996	0.0	0.0	4.150717	4416.235489	0.0	0.0	0.131333	0.007398999999999999	22.806295	0.008159999999999999
NA20503	74.85904599999999	74.789518	74.340806	0.0	0.0	7.709695	7523.19639	0.0	0.0	0.032584	0.007493	37.345985	0.008697
NA20506	49.135804	49.050619999999995	48.768229999999996	0.0	0.0	5.226687999999999	4924.2413289999995	0.0	0.0	0.024735	0.005045	24.488453	0.007077
NA20507	54.142185999999995	54.051911999999994	53.678112	0.0	0.0	6.053306999999999	5443.739009999999	0.0	0.0	0.035925	0.0062239999999999995	26.976288	0.007519
NA20511	58.332837999999995	58.321811999999994	58.050154	0.0	0.0	5.023098	5626.133298	0.0	0.0	0.100133	0.004922	29.048257	0.007594
NA20761	86.84581399999999	86.71386799999999	86.00395999999999	0.0	0.0	5.119212	7771.958224	0.0	0.0	0.116767	0.009682999999999999	43.221885	0.008598999999999999
NA20864	106.06026	106.03289199999999	104.264912	0.0	0.0	6.61161	9510.176442	0.0	0.0	0.21007699999999999	0.020336999999999997	52.773908	0.012124
NA20900	54.589248	54.583237999999994	54.293555999999995	0.0	0.0	4.602186	5449.571473	0.0	0.0	0.10669	0.005281	27.173963999999998	0.005684
NA21092	59.688944	59.641746	58.500702	0.0	0.0	5.201626999999999	5943.812774	0.0	0.0	0.45932199999999995	0.022376999999999998	29.322433999999998	0.016739999999999998
