Sample	Total Reads	Total Passed QC	Mapped	Supplementary Alignments	Duplicates	Paired in Sequencing	Properly Paired	Self and mate mapped	Singletons	Mate mapped to diff chr	Diff chr (mapQ >= 5)
HG00097	100.0	100.0	99.90419221491861	0.017519642611068646	0.0	99.98248035738894	99.10601974920117	99.88613336481961	0.0005392074879246967	0.09649421645680392	0.0559082712735573
HG00105	100.0	100.0	99.86535689539325	0.01758664136456376	0.0	99.98241335863544	99.34474612759522	99.84725854187974	0.0005117121489479162	0.06808912052679528	0.039239269876544
HG00106	100.0	100.0	99.86243263817256	0.02213392417624048	0.0	99.97786607582377	99.03994833041185	99.83978020332748	0.0005185106688431151	0.09884433693989911	0.05557624197078128
HG00125	100.0	100.0	99.92783841863816	0.08246132539563815	0.0	99.91753867460437	93.69381012451412	99.80103523974337	0.04434185349914335	5.472396111334809	4.9280349290324645
HG00145	100.0	100.0	99.64257323472306	0.034199082474816206	0.0	99.96580091752519	99.10590144381347	99.60113266244397	0.007241489804277869	0.23279152260825484	0.1601655434402057
HG00171	100.0	100.0	99.97580166072045	0.03218100083086441	0.0	99.96781899916914	99.31216109763812	99.94134225893936	0.00227840095023489	0.27505802055376705	0.2342806416241339
HG00173	100.0	100.0	99.87309397363539	0.022067842662906168	0.0	99.9779321573371	98.72634714724562	99.85046595069403	0.0005601802784620598	0.1713025363703344	0.11156034704324178
HG00313	100.0	100.0	99.908075631628	0.06559166973651248	0.0	99.9344083302635	97.57472358604008	99.81908900181425	0.023394960077224757	1.3930450994783226	1.2317791834831404
HG00324	100.0	100.0	99.93518876994159	0.0831931307078704	0.0	99.91680686929213	95.58844444041533	99.80628350218853	0.045712137045188055	3.605198196050545	3.2436279144949065
HG00376	100.0	100.0	99.91378172018895	0.07228696712443308	0.0	99.92771303287556	98.33940855270161	99.81686357062743	0.024631182437075648	1.1289276714857521	0.9976931519599525
HG00407	100.0	100.0	99.94914788966052	0.06707222426627596	0.0	99.93292777573373	95.50775732081497	99.84635805059689	0.03571761479734302	3.971150987496961	3.5767673867302223
HG00699	100.0	100.0	99.90302459878714	0.10563242159663312	0.0	99.89436757840336	94.18867530146294	99.74083750337442	0.05655467381608158	4.946991449797125	4.4289340244692665
HG00956	100.0	100.0	99.33545626095072	0.032201711050171056	0.0	99.96779828894982	98.23203462048114	99.2998799360506	0.0033746138499415683	0.2197180641045847	0.1670121514541582
HG01501	100.0	100.0	99.86920498806559	0.024328236208777387	0.0	99.97567176379121	99.2968716721447	99.8438880790954	0.0009886727614161453	0.09358451720748051	0.05663799646825759
HG01503	100.0	100.0	99.93742625964792	0.02399301115317998	0.0	99.97600698884682	99.42611753531072	99.91280309181057	0.0006301566841629943	0.09101262966982675	0.057090558814559066
HG01504	100.0	100.0	99.91132501705518	0.02302531303815522	0.0	99.97697468696185	99.34439594829323	99.88773489520845	0.0005648088085657514	0.08569771001386597	0.050554842694778016
HG01522	100.0	100.0	99.18270613322761	0.053766902653500995	0.0	99.94623309734651	97.3599486396732	99.11518265241338	0.01375657816072239	1.4684579995513467	1.2892839248368104
HG01596	100.0	100.0	99.95059691986086	0.06124348777579983	0.0	99.9387565122242	98.89598406036158	99.8856788228185	0.003674609266547991	0.4246215152455456	0.35643709885515507
HG01770	100.0	100.0	99.88678087173041	0.02551268407177762	0.0	99.97448731592822	99.33326054041048	99.86062531021331	0.000642877445321919	0.10549462078355784	0.06721704198260553
HG01880	100.0	100.0	99.9849248489605	0.06849494319776224	0.0	99.93150505680224	98.76633849036274	99.91276528332963	0.003664622433097425	0.40515637158153106	0.3356383841722007
HG01882	100.0	100.0	99.98871016516168	0.05928094794642629	0.0	99.94071905205357	98.35775244217199	99.92433473428791	0.005094482927342732	0.4457198340939632	0.36522598765519393
HG01886	100.0	100.0	99.97683127407925	0.03715236285177068	0.0	99.96284763714823	98.05602468557893	99.93418402185674	0.005494889370746616	1.6989682559699324	1.472599018924033
HG01890	100.0	100.0	99.90935121249353	0.027567448463911865	0.0	99.97243255153609	99.33717974296408	99.88111028742352	0.0006734766060991555	0.09455436998459935	0.05152314225623798
HG01986	100.0	100.0	99.97441263298191	0.0680909171913003	0.0	99.9319090828087	98.3175184985756	99.90298512793353	0.0033365878570788925	0.3250150423001907	0.2475789350635432
HG02013	100.0	100.0	99.94044962226816	0.0921261503627683	0.0	99.90787384963723	98.06925022220776	99.83189182262865	0.016431649276733115	0.45438442894527326	0.355869716741653
HG02085	100.0	100.0	99.86976480504504	0.028682093624183273	0.0	99.97131790637582	99.23255049290616	99.84025732743167	0.00082538398918513	0.10607159124008275	0.05897271116429819
HG02372	100.0	100.0	99.97382192769587	0.07275783476078912	0.0	99.92724216523922	99.20101381651848	99.89694880472001	0.004115288215064693	0.46762194738702917	0.40353924772262584
HG02511	100.0	100.0	99.90706659316427	0.023471110796800906	0.0	99.9765288892032	99.30338169539168	99.88306083671279	0.0005346456546815988	0.09678918468802826	0.06097958476387133
HG02651	100.0	100.0	99.99703577606253	0.09536867632587286	0.0	99.90463132367412	99.46574443289174	99.89985394670046	0.0018131530362033722	0.3277061352338677	0.2749573735943124
HG02691	100.0	100.0	99.99676739432704	0.09169963259649867	0.0	99.9083003674035	99.23680922374584	99.90319800266519	0.0018697590653398524	0.3332725038384076	0.2724047827273486
HG02813	100.0	100.0	99.99128912272755	0.10278835181491129	0.0	99.89721164818509	99.30487199365848	99.88588750773091	0.0026132631817350326	0.41899319680485025	0.34015975748917676
HG02814	100.0	100.0	99.97861933248683	0.09992189511255395	0.0	99.90007810488744	99.27174828409234	99.87651573660763	0.0021817007666496495	0.42063190781005244	0.35561722496389286
HG02840	100.0	100.0	99.99224842255398	0.08172377364507963	0.0	99.91827622635492	99.26404308991165	99.90808843885445	0.0024362100544603684	0.4726247505653115	0.40064581713807335
HG02852	100.0	100.0	99.95812684891807	0.10204860018120632	0.0	99.8979513998188	99.26618656974657	99.85289275831464	0.003185490422235043	0.40517256154292014	0.3405138296271592
HG02878	100.0	100.0	99.943741209564	0.19482210762098245	0.0	99.80517789237902	98.75501380424025	99.74579361358545	0.003125488357555868	0.764702818148669	0.5886336406730218
HG02895	100.0	100.0	99.98579661911742	0.11094762928414313	0.0	99.88905237071586	99.2891587889266	99.87203853033596	0.002810459497331975	0.45303127096378476	0.37228336252069266
HG02977	100.0	100.0	99.98506684675267	0.08886147981748746	0.0	99.9111385201825	99.34811140893984	99.89404822134128	0.0021571455938975736	0.36982060999609695	0.3065313308778207
HG02981	100.0	100.0	99.98860500259167	0.11053570462975615	0.0	99.88946429537025	95.88099352331018	99.87328289147814	0.0047864064837687525	3.683265836373183	3.2416052115084097
HG02982	100.0	100.0	99.99356693741468	0.09733503389944284	0.0	99.90266496610055	99.02329328052627	99.89483341164888	0.0013984918663713052	0.7277751672596272	0.6223288805352308
HG03076	100.0	100.0	99.98583359085272	0.026149872422731108	0.0	99.97385012757726	99.25343251184077	99.95659121177826	0.0030925066517316787	0.46160209580994904	0.38704085087591844
HG03078	100.0	100.0	99.55278117528343	0.03526162053224071	0.0	99.96473837946776	98.38842489118927	99.13861303347728	0.3789065212738969	0.3329445295592439	0.2521177522701085
HG03105	100.0	100.0	99.99163105126108	0.11053730750408525	0.0	99.88946269249591	99.19070230790153	99.87917834946825	0.001915394288759352	0.5381967250762871	0.460337400741474
HG03139	100.0	100.0	99.99325066338102	0.1035227768642749	0.0	99.89647722313573	99.1375552488031	99.8876984521192	0.002029434397560082	0.5832600636470165	0.49827711213153253
HG03157	100.0	100.0	99.990645259101	0.13193970661333473	0.0	99.86806029338666	99.13330479670759	99.85625263469264	0.002452917795036655	0.5373587140746001	0.4546557837574979
HG03267	100.0	100.0	99.98893264988034	0.11868409459180954	0.0	99.88131590540819	99.20492497080325	99.86778739343106	0.0024611618574744633	0.4937008752408377	0.4180114820606196
HG03303	100.0	100.0	99.96756866687025	0.12927287510774238	0.0	99.87072712489226	98.99316640577305	99.83481233937468	0.003483452387820504	0.6987007035712746	0.5994591020379919
HG03436	100.0	100.0	99.99017887053412	0.036430734170563195	0.0	99.96356926582943	98.83501350919497	99.9498916719136	0.0038564644499537613	0.48426909586219363	0.3885516482143413
HG03437	100.0	100.0	99.96702405334523	0.04172583051218457	0.0	99.95827416948782	98.87830479123119	99.9207665240274	0.0045316988056266026	0.4734627708117555	0.3863629497426052
HG03446	100.0	100.0	99.98053611749603	0.11552187163187624	0.0	99.88447812836813	99.15750368615116	99.86225675041611	0.002757495448040102	0.5135547565810058	0.40222218562168044
HG03558	100.0	100.0	99.95251939677331	0.10534300162471513	0.0	99.89465699837528	99.17440384868182	99.84550456813307	0.0016718270155217144	0.4306010644132396	0.31777601040642506
HG03572	100.0	100.0	99.97085531090526	0.05320969381567476	0.0	99.94679030618433	98.67331343366979	99.91313739720783	0.004508219881757647	0.5436532201071687	0.44367868202509236
HG03603	100.0	100.0	99.98657790985652	0.14337642259617225	0.0	99.85662357740382	99.10307612534692	99.84094144325714	0.002260044003212939	0.6150804073433144	0.5261204615709135
HG03619	100.0	100.0	99.9688486856068	0.1714653144258721	0.0	99.82853468557413	99.04372888161745	99.79381080094717	0.003572570233758112	0.5419352299971829	0.3838854451275047
HG03672	100.0	100.0	99.99646414935287	0.08892292087124014	0.0	99.91107707912876	99.49820522436734	99.90557444561013	0.0019667828715113464	0.28430636389736313	0.2353529021388591
HG03723	100.0	100.0	99.99531912650721	0.0719346736523774	0.0	99.92806532634762	99.58683414956333	99.92162912529504	0.0017553275597952253	0.21853828119450555	0.181435286015757
HG03790	100.0	100.0	99.99565095663495	0.09398743037150656	0.0	99.90601256962849	99.4105294256068	99.89967519585295	0.0019883304104967906	0.3109627840748063	0.2509459856371641
HG03814	100.0	100.0	99.98779374393006	0.0942050998968199	0.0	99.90579490010319	99.33993833887253	99.89131143799366	0.0022772060395734807	0.3937904411826604	0.3361458302889643
NA06989	100.0	100.0	99.34879361863976	0.05547547101616774	0.0	99.94452452898383	98.65514009657775	99.28806478862585	0.005253358997743157	0.3080569716276587	0.21874986866602508
NA11840	100.0	100.0	99.91832508246026	0.46253264705501135	0.0	99.53746735294499	96.36955665118143	99.44727672200554	0.008515713399705686	2.6599724831418166	2.3363284273067415
NA12046	100.0	100.0	99.3024742726039	0.038481773202914016	0.0	99.96151822679708	98.32707895966062	99.26262974522028	0.001362754180709381	0.1436944121547412	0.07646854599018801
NA12234	100.0	100.0	99.92361856297796	0.04499607598103291	0.0	99.95500392401897	99.23625199339716	99.8780344744794	0.0005880125175363929	0.13068076616765495	0.08408115998788109
NA12347	100.0	100.0	99.98119066178961	0.025059905108608983	0.0	99.9749400948914	99.23091602567764	99.95440517813313	0.001725578547869965	0.38246659322937776	0.3327271906159811
NA18488	100.0	100.0	99.8070872696586	0.04455419112735486	0.0	99.95544580887264	99.2715628133651	99.75537277053427	0.007160307996974913	0.24690523369570286	0.16263230537505985
NA18498	100.0	100.0	99.69825629701025	0.053699008732869605	0.0	99.94630099126714	99.32378736894954	99.63878646435431	0.005770823923058233	0.20291189000766788	0.11614806229256261
NA18499	100.0	100.0	99.98864087183851	0.02407457013329174	0.0	99.9759254298667	99.2326654618079	99.96168413485829	0.0028821668469433772	0.2807569587375431	0.22752164168223601
NA18526	100.0	100.0	99.93915687255634	0.1195799890988202	0.0	99.88042001090119	96.36741032798675	99.78633331268026	0.033243570777273204	2.9069232546887274	2.5963120238317474
NA18530	100.0	100.0	99.98355913404313	0.0327723730799896	0.0	99.96722762692	99.40598927288616	99.94894529931108	0.0018414616520726127	0.26220191471795984	0.2241027081233541
NA18645	100.0	100.0	99.91259655273285	0.0283581077154742	0.0	99.97164189228452	98.44974100698938	99.88371154251546	0.0005269025019180326	0.1335794620372769	0.06333583135300433
NA18858	100.0	100.0	99.96730335770734	0.026058055879937647	0.0	99.97394194412006	99.27038337020214	99.93948270149514	0.0017626003322672198	0.34684238151217767	0.29982400232617756
NA18870	100.0	100.0	99.97544140349872	0.026007328853919844	0.0	99.97399267114608	98.98503164785294	99.94317272763602	0.00626134700878463	0.2724111618548233	0.20691769043510375
NA18946	100.0	100.0	99.86161013039833	0.027937860999395762	0.0	99.9720621390006	98.84675108665284	99.83042368091064	0.0032485884883018323	0.23259893576241122	0.17802264915894045
NA18993	100.0	100.0	99.80447144270867	0.017988184542280208	0.0	99.98201181545771	99.3166002010081	99.78587684480415	0.0006064133622451686	0.07727483384702573	0.049147542600265895
NA19001	100.0	100.0	99.81984735280162	0.01367229911773458	0.0	99.98632770088226	99.33488286056668	99.80617505368387	0.0	0.07720827737073646	0.049059426245988795
NA19020	100.0	100.0	99.81336959008438	0.02158116014037036	0.0	99.97841883985963	98.57785947841387	99.79112512315594	0.0006633067880684634	0.11718994214134253	0.05679887411856381
NA19036	100.0	100.0	99.9386552842836	0.020826649730465423	0.0	99.97917335026953	99.06200913047736	99.91732502207684	0.0005036124762967377	0.09095342381278874	0.044472855599127295
NA19175	100.0	100.0	99.94951498475366	0.013716261002666203	0.0	99.98628373899734	99.36249204296304	99.93538218980483	0.00041653394616792343	0.07900933327796673	0.04681144273431672
NA19184	100.0	100.0	99.90433728776203	0.036758959992534694	0.0	99.96324104000746	99.29916678950833	99.86698539017624	0.0005929375932548942	0.09860837546863076	0.05764811969501193
NA19201	100.0	100.0	99.95277816763274	0.22532322730837318	0.0	99.77467677269163	96.69226986631594	99.72076035291154	0.006694587412823872	2.596924363411664	2.2541524001998607
NA19307	100.0	100.0	99.84970727507344	0.022046295779941858	0.0	99.97795370422006	99.35879187420056	99.82703912989979	0.0006218493937081838	0.07992499482136903	0.04733928592660477
NA19324	100.0	100.0	99.97972226880543	0.11469839431364219	0.0	99.88530160568637	97.4958666682891	99.86018432996704	0.004839544524741072	2.023868982392025	1.7629041738079017
NA19347	100.0	100.0	99.85455004447837	0.04173422896401805	0.0	99.95826577103598	99.29375242158645	99.80648921949118	0.006326596023177079	0.3118002177689072	0.2481143370592682
NA19372	100.0	100.0	99.95920736344355	0.019802978407924922	0.0	99.98019702159208	98.87574100169205	99.93898384239071	0.00042054264491177815	0.11292194584165767	0.06237494061049579
NA19922	100.0	100.0	99.97457441481441	0.019002809525637047	0.0	99.98099719047437	99.65143204321099	99.95491238954035	0.0006592157484200758	0.07510176452370938	0.05154548325435588
NA20274	100.0	100.0	99.9832448456795	0.11243484101042953	0.0	99.88756515898956	99.29129090264193	99.86546596677948	0.005344037889592177	0.449101149388237	0.3539243596879227
NA20339	100.0	100.0	99.85304493758836	0.01959732568518833	0.0	99.98040267431482	99.44293171126783	99.8328242239864	0.0006233879167738706	0.08084138736238712	0.053424759137975314
NA20342	100.0	100.0	99.97488895563627	0.06456450226643626	0.0	99.93543549773356	98.98949028126142	99.90667186618559	0.0036525871842418164	0.6910600387221524	0.5696459918017346
NA20351	100.0	100.0	99.84461083801793	0.02128774138098068	0.0	99.97871225861901	99.398871008167	99.82267109650104	0.0006520001358985197	0.08145083322464564	0.05186743054010506
NA20355	100.0	100.0	99.98433423999317	0.15252587546895074	0.0	99.84747412453105	99.10701688614097	99.8276287989033	0.004179565620919922	0.5711913545184976	0.4667130869549712
NA20503	100.0	100.0	99.90773102172477	0.022179439289831637	0.0	99.97782056071017	99.28568636322944	99.88496260593547	0.000588976499477073	0.08703496716082063	0.0501925505744838
NA20506	100.0	100.0	99.82752598941424	0.02773175373698098	0.0	99.97226824626301	99.22439798594628	99.79895190654689	0.0008423291303822542	0.10065222724640124	0.05733331537449648
NA20507	100.0	100.0	99.83395235061924	0.0279925090863943	0.0	99.97200749091361	99.11510804092948	99.80531911589611	0.0006407256367400279	0.1326689827082738	0.08250773588498964
NA20511	100.0	100.0	99.98443971098797	0.09071896842049193	0.0	99.90928103157951	99.42511540262227	99.8903963043757	0.0033244381917830884	0.3430046053145966	0.26680971513538265
NA20761	100.0	100.0	99.85145163444585	0.03019268235696955	0.0	99.96980731764303	99.00073375734931	99.81792186008565	0.0033370920032351494	0.26882526522370376	0.22005123098117998
NA20864	100.0	100.0	99.9780663882693	0.06510168836232977	0.0	99.93489831163767	98.2432381194601	99.90911091212541	0.003853787781536629	0.3958885945143621	0.3177537539285079
NA20900	100.0	100.0	99.99099840649099	0.0833223955491641	0.0	99.91667760445083	99.37546182814604	99.90567728379423	0.0019987271475888496	0.3905571417147516	0.3309083147799778
NA21092	100.0	100.0	99.92803298582963	0.12938066906300158	0.0	99.87061933093699	97.88247116642881	99.79164836621057	0.007003950556057789	1.5370609542807339	1.3283144489358296
