chr1	248956422	14238655	601
chr10	133797422	5694799	351
chr11	135086622	6788532	424
chr11_KI270721v1_random	100316	1102	1
chr12	133275309	6758987	319
chr13	114364328	2645807	141
chr14	107043718	4074859	200
chr14_GL000009v2_random	201709	7284	0
chr14_GL000225v1_random	211173	36519	292
chr14_KI270722v1_random	194050	1212	1
chr14_GL000194v1_random	191469	4046	0
chr14_KI270723v1_random	38115	3521	24
chr14_KI270724v1_random	39555	3019	12
chr14_KI270725v1_random	172810	4266	0
chr14_KI270726v1_random	43739	2276	1
chr15	101991189	4519142	192
chr15_KI270727v1_random	448248	15636	0
chr16	90338345	4609712	213
chr16_KI270728v1_random	1872759	55372	4
chr17	83257441	6487651	278
chr17_GL000205v2_random	185591	9885	3
chr17_KI270729v1_random	280839	10908	7
chr17_KI270730v1_random	112551	2089	8
chr18	80373285	2142755	107
chr19	58617616	5574180	947
chr1_KI270706v1_random	175055	8211	1
chr1_KI270707v1_random	32032	226	0
chr1_KI270708v1_random	127682	942	1
chr1_KI270709v1_random	66860	4549	0
chr1_KI270710v1_random	40176	302	0
chr1_KI270711v1_random	42210	65151	3
chr1_KI270712v1_random	176043	4335	0
chr1_KI270713v1_random	40745	4444	1
chr1_KI270714v1_random	41717	1599	0
chr2	242193529	9943677	491
chr20	64444167	2803435	167
chr21	46709983	1412075	94
chr22	50818468	2129180	106
chr22_KI270731v1_random	150754	5324	0
chr22_KI270732v1_random	41543	2196	4
chr22_KI270733v1_random	179772	49723	6
chr22_KI270734v1_random	165050	5938	1
chr22_KI270735v1_random	42811	1317	0
chr22_KI270736v1_random	181920	4163	16
chr22_KI270737v1_random	103838	1156	3
chr22_KI270738v1_random	99375	623	0
chr22_KI270739v1_random	73985	248	0
chr2_KI270715v1_random	161471	745	0
chr2_KI270716v1_random	153799	856	0
chr3	198295559	7639787	458
chr3_GL000221v1_random	155397	8789	0
chr4	190214555	5776911	367
chr4_GL000008v2_random	209709	8922	5
chr5	181538259	6174614	318
chr5_GL000208v1_random	92689	614	0
chr6	170805979	6308615	275
chr7	159345973	6244295	702
chr8	145138636	4386848	227
chr9	138394717	5400750	260
chr9_KI270717v1_random	40062	1619	0
chr9_KI270718v1_random	38054	1504	1
chr9_KI270719v1_random	176845	5665	1
chr9_KI270720v1_random	39050	2602	0
chr1_KI270762v1_alt	354444	9501	0
chr1_KI270766v1_alt	256271	56411	1
chr1_KI270760v1_alt	109528	420	0
chr1_KI270765v1_alt	185285	4416	0
chr1_GL383518v1_alt	182439	18870	0
chr1_GL383519v1_alt	110268	15834	0
chr1_GL383520v2_alt	366580	6048	2
chr1_KI270764v1_alt	50258	261	0
chr1_KI270763v1_alt	911658	15271	1
chr1_KI270759v1_alt	425601	3652	0
chr1_KI270761v1_alt	165834	10443	0
chr2_KI270770v1_alt	136240	429	0
chr2_KI270773v1_alt	70887	865	0
chr2_KI270774v1_alt	223625	3199	1
chr2_KI270769v1_alt	120616	3293	0
chr2_GL383521v1_alt	143390	560	0
chr2_KI270772v1_alt	133041	2308	0
chr2_KI270775v1_alt	138019	293	0
chr2_KI270771v1_alt	110395	246	0
chr2_KI270768v1_alt	110099	1794	0
chr2_GL582966v2_alt	96131	2441	0
chr2_GL383522v1_alt	123821	9109	1
chr2_KI270776v1_alt	174166	2163	1
chr2_KI270767v1_alt	161578	742	0
chr3_JH636055v2_alt	173151	5750	0
chr3_KI270783v1_alt	109187	236	0
chr3_KI270780v1_alt	224108	2268	0
chr3_GL383526v1_alt	180671	3268	0
chr3_KI270777v1_alt	173649	2912	0
chr3_KI270778v1_alt	248252	548	0
chr3_KI270781v1_alt	113034	310	0
chr3_KI270779v1_alt	205312	6160	0
chr3_KI270782v1_alt	162429	1792	0
chr3_KI270784v1_alt	184404	2259	1
chr4_KI270790v1_alt	220246	641	0
chr4_GL383528v1_alt	376187	679	0
chr4_KI270787v1_alt	111943	266	0
chr4_GL000257v2_alt	586476	32018	1
chr4_KI270788v1_alt	158965	367	0
chr4_GL383527v1_alt	164536	7086	1
chr4_KI270785v1_alt	119912	261	0
chr4_KI270789v1_alt	205944	1357	0
chr4_KI270786v1_alt	244096	320	0
chr5_KI270793v1_alt	126136	1178	0
chr5_KI270792v1_alt	179043	3553	0
chr5_KI270791v1_alt	195710	7036	1
chr5_GL383532v1_alt	82728	164	0
chr5_GL949742v1_alt	226852	461	0
chr5_KI270794v1_alt	164558	3857	0
chr5_GL339449v2_alt	1612928	68726	6
chr5_GL383530v1_alt	101241	224	0
chr5_KI270796v1_alt	172708	349	0
chr5_GL383531v1_alt	173459	350	0
chr5_KI270795v1_alt	131892	4076	0
chr6_GL000250v2_alt	4672374	47194	1
chr6_KI270800v1_alt	175808	1813	0
chr6_KI270799v1_alt	152148	284	0
chr6_GL383533v1_alt	124736	1715	0
chr6_KI270801v1_alt	870480	13916	0
chr6_KI270802v1_alt	75005	159	0
chr6_KB021644v2_alt	185823	423	0
chr6_KI270797v1_alt	197536	5511	0
chr6_KI270798v1_alt	271782	7630	0
chr7_KI270804v1_alt	157952	414	0
chr7_KI270809v1_alt	209586	8879	0
chr7_KI270806v1_alt	158166	6055	1
chr7_GL383534v2_alt	119183	8902	1
chr7_KI270803v1_alt	1111570	76237	0
chr7_KI270808v1_alt	271455	2466	0
chr7_KI270807v1_alt	126434	380	0
chr7_KI270805v1_alt	209988	731	0
chr8_KI270818v1_alt	145606	360	0
chr8_KI270812v1_alt	282736	810	0
chr8_KI270811v1_alt	292436	798	0
chr8_KI270821v1_alt	985506	18245	2
chr8_KI270813v1_alt	300230	36456	4
chr8_KI270822v1_alt	624492	11589	0
chr8_KI270814v1_alt	141812	442	0
chr8_KI270810v1_alt	374415	961	0
chr8_KI270819v1_alt	133535	2143	0
chr8_KI270820v1_alt	36640	223	0
chr8_KI270817v1_alt	158983	1970	0
chr8_KI270816v1_alt	305841	14467	0
chr8_KI270815v1_alt	132244	2138	0
chr9_GL383539v1_alt	162988	1136	0
chr9_GL383540v1_alt	71551	4184	0
chr9_GL383541v1_alt	171286	3392	0
chr9_GL383542v1_alt	60032	1191	1
chr9_KI270823v1_alt	439082	5619	0
chr10_GL383545v1_alt	179254	4328	1
chr10_KI270824v1_alt	181496	3088	1
chr10_GL383546v1_alt	309802	7076	1
chr10_KI270825v1_alt	188315	8100	1
chr11_KI270832v1_alt	210133	11140	0
chr11_KI270830v1_alt	177092	3211	0
chr11_KI270831v1_alt	296895	11243	0
chr11_KI270829v1_alt	204059	7205	0
chr11_GL383547v1_alt	154407	372	0
chr11_JH159136v1_alt	200998	17426	2
chr11_JH159137v1_alt	191409	5097	1
chr11_KI270827v1_alt	67707	245	2
chr11_KI270826v1_alt	186169	491	0
chr12_GL877875v1_alt	167313	4130	0
chr12_GL877876v1_alt	408271	17274	0
chr12_KI270837v1_alt	40090	9641	0
chr12_GL383549v1_alt	120804	268	0
chr12_KI270835v1_alt	238139	7807	1
chr12_GL383550v2_alt	169178	3092	0
chr12_GL383552v1_alt	138655	857	0
chr12_GL383553v2_alt	152874	5357	0
chr12_KI270834v1_alt	119498	11090	2
chr12_GL383551v1_alt	184319	522	0
chr12_KI270833v1_alt	76061	5827	0
chr12_KI270836v1_alt	56134	184	0
chr13_KI270840v1_alt	191684	5819	1
chr13_KI270839v1_alt	180306	1648	0
chr13_KI270843v1_alt	103832	247	0
chr13_KI270841v1_alt	169134	332	1
chr13_KI270838v1_alt	306913	2875	0
chr13_KI270842v1_alt	37287	87	0
chr14_KI270844v1_alt	322166	11910	0
chr14_KI270847v1_alt	1511111	58458	4
chr14_KI270845v1_alt	180703	1164	0
chr14_KI270846v1_alt	1351393	52855	15
chr15_KI270852v1_alt	478999	15627	1
chr15_KI270851v1_alt	263054	23570	1
chr15_KI270848v1_alt	327382	17240	0
chr15_GL383554v1_alt	296527	13245	1
chr15_KI270849v1_alt	244917	6635	2
chr15_GL383555v2_alt	388773	2552	1
chr15_KI270850v1_alt	430880	13087	2
chr16_KI270854v1_alt	134193	3064	0
chr16_KI270856v1_alt	63982	328	0
chr16_KI270855v1_alt	232857	9312	2
chr16_KI270853v1_alt	2659700	157350	5
chr16_GL383556v1_alt	192462	8503	0
chr16_GL383557v1_alt	89672	4256	0
chr17_GL383563v3_alt	375691	2024	0
chr17_KI270862v1_alt	391357	8086	0
chr17_KI270861v1_alt	196688	25156	0
chr17_KI270857v1_alt	2877074	190827	5
chr17_JH159146v1_alt	278131	18664	0
chr17_JH159147v1_alt	70345	3961	0
chr17_GL383564v2_alt	133151	10199	0
chr17_GL000258v2_alt	1821992	59167	2
chr17_GL383565v1_alt	223995	523	0
chr17_KI270858v1_alt	235827	696	0
chr17_KI270859v1_alt	108763	551	0
chr17_GL383566v1_alt	90219	254	0
chr17_KI270860v1_alt	178921	2892	0
chr18_KI270864v1_alt	111737	188	0
chr18_GL383567v1_alt	289831	3961	0
chr18_GL383570v1_alt	164789	422	0
chr18_GL383571v1_alt	198278	4312	0
chr18_GL383568v1_alt	104552	217	0
chr18_GL383569v1_alt	167950	333	0
chr18_GL383572v1_alt	159547	1041	0
chr18_KI270863v1_alt	167999	2419	0
chr19_KI270868v1_alt	61734	1829	1
chr19_KI270865v1_alt	52969	1035	0
chr19_GL383573v1_alt	385657	6909	0
chr19_GL383575v2_alt	170222	5643	0
chr19_GL383576v1_alt	188024	4620	0
chr19_GL383574v1_alt	155864	3452	0
chr19_KI270866v1_alt	43156	2648	1
chr19_KI270867v1_alt	233762	5126	0
chr19_GL949746v1_alt	987716	25017	3
chr20_GL383577v2_alt	128386	381	0
chr20_KI270869v1_alt	118774	5455	0
chr20_KI270871v1_alt	58661	2098	1
chr20_KI270870v1_alt	183433	8484	0
chr21_GL383578v2_alt	63917	212	0
chr21_KI270874v1_alt	166743	415	0
chr21_KI270873v1_alt	143900	996	0
chr21_GL383579v2_alt	201197	535	0
chr21_GL383580v2_alt	74653	1132	0
chr21_GL383581v2_alt	116689	8557	0
chr21_KI270872v1_alt	82692	2327	0
chr22_KI270875v1_alt	259914	9027	0
chr22_KI270878v1_alt	186262	1756	0
chr22_KI270879v1_alt	304135	11157	2
chr22_KI270876v1_alt	263666	8465	0
chr22_KI270877v1_alt	101331	2253	0
chr22_GL383583v2_alt	96924	2481	0
chr22_GL383582v2_alt	162811	7596	0
chrX_KI270880v1_alt	284869	2378	1
chrX_KI270881v1_alt	144206	1555	0
chr19_KI270882v1_alt	248807	4612	0
chr19_KI270883v1_alt	170399	1961	0
chr19_KI270884v1_alt	157053	2895	1
chr19_KI270885v1_alt	171027	1863	0
chr19_KI270886v1_alt	204239	3964	0
chr19_KI270887v1_alt	209512	2025	0
chr19_KI270888v1_alt	155532	3377	0
chr19_KI270889v1_alt	170698	1848	0
chr19_KI270890v1_alt	184499	3624	0
chr19_KI270891v1_alt	170680	1899	0
chr1_KI270892v1_alt	162212	10423	0
chr2_KI270894v1_alt	214158	3130	1
chr2_KI270893v1_alt	161218	722	0
chr3_KI270895v1_alt	162896	5063	0
chr4_KI270896v1_alt	378547	9209	9
chr5_KI270897v1_alt	1144418	45812	6
chr5_KI270898v1_alt	130957	4578	0
chr6_GL000251v2_alt	4795265	145353	6
chr7_KI270899v1_alt	190869	630	1
chr8_KI270901v1_alt	136959	389	0
chr8_KI270900v1_alt	318687	1281	0
chr11_KI270902v1_alt	106711	36756	8
chr11_KI270903v1_alt	214625	4421	0
chr12_KI270904v1_alt	572349	36152	2
chr15_KI270906v1_alt	196384	7561	0
chr15_KI270905v1_alt	5161414	146793	8
chr17_KI270907v1_alt	137721	615	0
chr17_KI270910v1_alt	157099	3867	0
chr17_KI270909v1_alt	325800	31681	0
chr17_JH159148v1_alt	88070	1209	0
chr17_KI270908v1_alt	1423190	74724	2
chr18_KI270912v1_alt	174061	344	0
chr18_KI270911v1_alt	157710	833	0
chr19_GL949747v2_alt	729520	12964	0
chr22_KB663609v1_alt	74013	2016	0
chrX_KI270913v1_alt	274009	3043	1
chr19_KI270914v1_alt	205194	4475	1
chr19_KI270915v1_alt	170665	2060	0
chr19_KI270916v1_alt	184516	3138	0
chr19_KI270917v1_alt	190932	2505	0
chr19_KI270918v1_alt	123111	1124	0
chr19_KI270919v1_alt	170701	1941	0
chr19_KI270920v1_alt	198005	4017	0
chr19_KI270921v1_alt	282224	5259	0
chr19_KI270922v1_alt	187935	3040	0
chr19_KI270923v1_alt	189352	4065	0
chr3_KI270924v1_alt	166540	5373	0
chr4_KI270925v1_alt	555799	1637	1
chr6_GL000252v2_alt	4604811	127648	9
chr8_KI270926v1_alt	229282	1840	0
chr11_KI270927v1_alt	218612	22114	2
chr19_GL949748v2_alt	1064304	8499	0
chr22_KI270928v1_alt	176103	8402	1
chr19_KI270929v1_alt	186203	2502	1
chr19_KI270930v1_alt	200773	5139	0
chr19_KI270931v1_alt	170148	2252	0
chr19_KI270932v1_alt	215732	4865	0
chr19_KI270933v1_alt	170537	1983	0
chr19_GL000209v2_alt	177381	3676	0
chr3_KI270934v1_alt	163458	5085	0
chr6_GL000253v2_alt	4677643	96746	4
chr19_GL949749v2_alt	1091841	7337	0
chr3_KI270935v1_alt	197351	6463	0
chr6_GL000254v2_alt	4827813	120997	8
chr19_GL949750v2_alt	1066390	6972	0
chr3_KI270936v1_alt	164170	5156	0
chr6_GL000255v2_alt	4606388	126626	4
chr19_GL949751v2_alt	1002683	7552	0
chr3_KI270937v1_alt	165607	5134	0
chr6_GL000256v2_alt	4929269	118963	7
chr19_GL949752v1_alt	987100	25739	0
chr6_KI270758v1_alt	76752	801	0
chr19_GL949753v2_alt	796479	18048	1
chr19_KI270938v1_alt	1066800	30078	0
chrM	16569	38156	3
chrUn_KI270302v1	2274	5	0
chrUn_KI270304v1	2165	12	0
chrUn_KI270303v1	1942	52	0
chrUn_KI270305v1	1472	16	0
chrUn_KI270322v1	21476	80	0
chrUn_KI270320v1	4416	36	0
chrUn_KI270310v1	1201	127	0
chrUn_KI270316v1	1444	6	0
chrUn_KI270315v1	2276	11	0
chrUn_KI270312v1	998	8	0
chrUn_KI270311v1	12399	36	0
chrUn_KI270317v1	37690	12	0
chrUn_KI270412v1	1179	26	0
chrUn_KI270411v1	2646	30	0
chrUn_KI270414v1	2489	21	0
chrUn_KI270419v1	1029	12	0
chrUn_KI270418v1	2145	32	0
chrUn_KI270420v1	2321	4	0
chrUn_KI270424v1	2140	2	0
chrUn_KI270417v1	2043	32	0
chrUn_KI270422v1	1445	1	0
chrUn_KI270423v1	981	8	0
chrUn_KI270425v1	1884	6	0
chrUn_KI270429v1	1361	23	0
chrUn_KI270442v1	392061	15774	9
chrUn_KI270466v1	1233	2238	0
chrUn_KI270465v1	1774	60	0
chrUn_KI270467v1	3920	8605	1
chrUn_KI270435v1	92983	1012	0
chrUn_KI270438v1	112505	25495	13
chrUn_KI270468v1	4055	30	0
chrUn_KI270510v1	2415	42	0
chrUn_KI270509v1	2318	44	0
chrUn_KI270518v1	2186	62	0
chrUn_KI270508v1	1951	40	0
chrUn_KI270516v1	1300	24	0
chrUn_KI270512v1	22689	296	0
chrUn_KI270519v1	138126	1665	0
chrUn_KI270522v1	5674	17	0
chrUn_KI270511v1	8127	61	0
chrUn_KI270515v1	6361	146	0
chrUn_KI270507v1	5353	99	0
chrUn_KI270517v1	3253	59	0
chrUn_KI270529v1	1899	0	0
chrUn_KI270528v1	2983	4	0
chrUn_KI270530v1	2168	2	0
chrUn_KI270539v1	993	0	0
chrUn_KI270538v1	91309	673	0
chrUn_KI270544v1	1202	4	0
chrUn_KI270548v1	1599	0	0
chrUn_KI270583v1	1400	28	0
chrUn_KI270587v1	2969	28	0
chrUn_KI270580v1	1553	26	0
chrUn_KI270581v1	7046	38	0
chrUn_KI270579v1	31033	132	0
chrUn_KI270589v1	44474	525	1
chrUn_KI270590v1	4685	123	0
chrUn_KI270584v1	4513	104	0
chrUn_KI270582v1	6504	41	0
chrUn_KI270588v1	6158	74	0
chrUn_KI270593v1	3041	54	0
chrUn_KI270591v1	5796	171	0
chrUn_KI270330v1	1652	628	0
chrUn_KI270329v1	1040	16	0
chrUn_KI270334v1	1368	38	0
chrUn_KI270333v1	2699	604	0
chrUn_KI270335v1	1048	14	0
chrUn_KI270338v1	1428	12	0
chrUn_KI270340v1	1428	32	0
chrUn_KI270336v1	1026	143	0
chrUn_KI270337v1	1121	449	0
chrUn_KI270363v1	1803	9	0
chrUn_KI270364v1	2855	14	0
chrUn_KI270362v1	3530	16	0
chrUn_KI270366v1	8320	61	0
chrUn_KI270378v1	1048	2	0
chrUn_KI270379v1	1045	2	0
chrUn_KI270389v1	1298	2	0
chrUn_KI270390v1	2387	14	0
chrUn_KI270387v1	1537	3	0
chrUn_KI270395v1	1143	36	0
chrUn_KI270396v1	1880	14	0
chrUn_KI270388v1	1216	4	0
chrUn_KI270394v1	970	6	0
chrUn_KI270386v1	1788	6	0
chrUn_KI270391v1	1484	10	0
chrUn_KI270383v1	1750	6	0
chrUn_KI270393v1	1308	12	0
chrUn_KI270384v1	1658	5	0
chrUn_KI270392v1	971	0	0
chrUn_KI270381v1	1930	2	0
chrUn_KI270385v1	990	8	0
chrUn_KI270382v1	4215	10	0
chrUn_KI270376v1	1136	0	0
chrUn_KI270374v1	2656	4	0
chrUn_KI270372v1	1650	4	0
chrUn_KI270373v1	1451	4	0
chrUn_KI270375v1	2378	11	0
chrUn_KI270371v1	2805	2	0
chrUn_KI270448v1	7992	75	0
chrUn_KI270521v1	7642	39	0
chrUn_GL000195v1	182896	2246	0
chrUn_GL000219v1	179198	5430	0
chrUn_GL000220v1	161802	32941	1
chrUn_GL000224v1	179693	5231	0
chrUn_KI270741v1	157432	964	0
chrUn_GL000226v1	15008	299	0
chrUn_GL000213v1	164239	6177	1
chrUn_KI270743v1	210658	2438	0
chrUn_KI270744v1	168472	17130	0
chrUn_KI270745v1	41891	1320	0
chrUn_KI270746v1	66486	14938	1
chrUn_KI270747v1	198735	2053	0
chrUn_KI270748v1	93321	402	0
chrUn_KI270749v1	158759	1419	0
chrUn_KI270750v1	148850	1901	0
chrUn_KI270751v1	150742	7215	0
chrUn_KI270752v1	27745	0	0
chrUn_KI270753v1	62944	475	0
chrUn_KI270754v1	40191	651	0
chrUn_KI270755v1	36723	53	0
chrUn_KI270756v1	79590	894	3
chrUn_KI270757v1	71251	1191	4
chrUn_GL000214v1	137718	8015	2
chrUn_KI270742v1	186739	11253	0
chrUn_GL000216v2	176608	14890	40
chrUn_GL000218v1	161147	3673	0
chrX	156040895	3413580	160
chrY	57227415	532603	148
chrY_KI270740v1_random	37240	68	0
*	0	0	180232
