# This file was produced by samtools stats (1.23+htslib-1.23) and can be plotted using plot-bamstats
# This file contains statistics for all reads.
# The command line was:  stats data/AFR/GWD/HG02878/aligned/HG02878.bam
# CHK, Checksum	[2]Read Names	[3]Sequences	[4]Qualities
# CHK, CRC32 of reads which passed filtering followed by addition (32bit overflow)
CHK	cec7932c	74339255	e4b1dd66
# Summary Numbers. Use `grep ^SN | cut -f 2-` to extract this part.
SN	raw total sequences:	191596	# excluding supplementary and secondary reads
SN	filtered sequences:	0
SN	sequences:	191596
SN	is sorted:	1	# sorted by coordinate
SN	1st fragments:	95798
SN	last fragments:	95798
SN	reads mapped:	191488
SN	reads mapped and paired:	191482	# paired-end technology bit set + both mates mapped
SN	reads unmapped:	108
SN	reads properly paired:	189580	# proper-pair bit set
SN	reads paired:	191596	# paired-end technology bit set
SN	reads duplicated:	0	# PCR or optical duplicate bit set
SN	reads MQ0:	16666	# mapped and MQ=0
SN	reads QC failed:	0
SN	non-primary alignments:	0
SN	supplementary alignments:	374
SN	total length:	19141528	# ignores clipping
SN	total first fragment length:	9570764	# ignores clipping
SN	total last fragment length:	9570764	# ignores clipping
SN	bases mapped:	19130728	# ignores clipping
SN	bases mapped (cigar):	19088899	# more accurate
SN	bases trimmed:	0
SN	bases duplicated:	0
SN	mismatches:	64966	# from NM fields
SN	error rate:	3.403339e-03	# mismatches / bases mapped (cigar)
SN	average length:	100
SN	average first fragment length:	100
SN	average last fragment length:	100
SN	maximum length:	100
SN	maximum first fragment length:	100
SN	maximum last fragment length:	100
SN	average quality:	35.6
SN	insert size average:	226.0
SN	insert size standard deviation:	75.9
SN	inward oriented pairs:	94871
SN	outward oriented pairs:	109
SN	pairs with other orientation:	27
SN	pairs on different chromosomes:	734
SN	percentage of properly paired reads (%):	98.9
# First Fragment Qualities. Use `grep ^FFQ | cut -f 2-` to extract this part.
# Columns correspond to qualities and rows to cycles. First column is the cycle number.
FFQ	1	0	0	140	0	0	0	0	0	0	0	69	0	0	0	0	0	195	0	0	2	0	0	60	278	0	161	877	1640	547	0	5046	39348	0	5624	41811	0	0	0	0	0	0	0	0
FFQ	2	0	0	0	0	0	0	0	0	0	0	77	0	0	0	0	0	321	0	0	16	0	0	120	224	0	207	776	1992	504	0	4171	33307	0	2440	51643	0	0	0	0	0	0	0	0
FFQ	3	0	0	0	0	0	0	0	0	0	0	66	0	0	0	0	0	223	0	0	0	0	0	151	201	0	269	778	1863	672	0	4112	31330	0	2424	53709	0	0	0	0	0	0	0	0
FFQ	4	0	0	0	0	0	0	0	0	0	0	83	0	0	0	0	0	137	0	0	79	0	0	135	0	0	202	438	44	556	17	1181	45	1668	2692	0	21082	0	67439	0	0	0	0	0
FFQ	5	0	0	4	0	0	0	0	0	0	0	114	0	0	0	0	0	160	0	0	100	0	0	119	0	0	285	564	33	697	6	1271	31	1796	2860	0	21612	0	66146	0	0	0	0	0
FFQ	6	0	0	0	0	0	0	0	0	16	0	112	39	0	0	0	4	41	136	74	107	0	16	10	139	1	350	526	75	344	364	1301	146	2214	2899	0	20438	1856	64590	0	0	0	0	0
FFQ	7	0	0	0	0	0	0	0	0	18	0	87	37	0	0	0	16	29	124	84	74	1	17	8	127	0	349	466	70	371	332	1296	162	2148	2808	0	20093	1984	65097	0	0	0	0	0
FFQ	8	0	0	0	0	0	0	0	0	15	0	91	25	0	0	0	14	37	130	71	77	0	18	7	136	1	355	461	88	328	303	1266	155	2038	2736	0	20186	1969	65291	0	0	0	0	0
FFQ	9	0	0	0	0	0	0	0	0	10	0	77	19	0	0	0	17	19	120	63	84	1	11	11	113	0	305	156	424	321	318	1189	114	1762	1934	1126	6497	7	12022	7197	61881	0	0	0
FFQ	10	0	0	0	0	0	0	0	0	14	0	83	23	0	0	0	13	24	116	60	68	2	14	11	140	0	282	145	497	224	312	1193	115	1637	2028	1116	6525	4	12063	7367	61722	0	0	0
FFQ	11	0	0	0	0	0	0	0	1	8	0	91	20	0	0	0	14	28	106	70	65	0	15	8	136	0	329	177	656	156	329	1324	127	1800	2030	1099	6758	4	12052	7725	60670	0	0	0
FFQ	12	0	0	0	0	0	0	0	0	19	0	85	25	0	0	1	10	30	113	65	86	1	16	15	146	1	338	175	674	65	338	1303	119	1846	2080	1108	6730	4	12200	7853	60352	0	0	0
FFQ	13	0	0	0	0	0	0	0	1	12	0	82	31	1	0	0	15	28	107	91	93	0	20	10	165	3	366	176	809	48	386	1361	110	1905	2077	1118	6569	6	12265	7644	60299	0	0	0
FFQ	14	0	0	0	0	0	1	1	1	19	0	118	53	1	0	0	7	54	152	70	101	3	19	14	44	143	432	175	768	56	386	585	884	1327	2129	1398	1212	4241	3481	10533	6422	20170	40798	0
FFQ	15	0	0	0	0	0	0	0	0	16	3	95	31	1	0	0	4	27	132	70	65	1	15	14	35	118	339	169	710	38	374	528	794	1209	1989	1333	1187	4110	3511	10414	6835	20304	41327	0
FFQ	16	0	0	0	0	0	0	2	0	13	1	145	43	1	0	0	6	51	158	89	112	2	32	18	47	175	417	221	834	68	447	622	940	1329	2252	1293	1264	4361	3403	10676	6171	20504	40101	0
FFQ	17	0	0	0	0	0	0	0	1	16	3	132	40	0	0	0	7	46	128	76	73	3	21	10	41	126	367	200	777	43	351	615	911	1332	2128	1442	1230	4239	3519	10726	6720	20586	39889	0
FFQ	18	0	0	0	0	0	0	0	2	22	2	104	42	1	1	0	11	46	142	82	103	1	17	14	39	165	413	195	778	66	360	625	987	1316	2197	1484	1333	4392	3543	10861	6668	20398	39388	0
FFQ	19	0	0	0	0	0	0	2	2	16	7	86	25	0	1	0	6	26	12	180	80	2	16	24	41	125	349	157	744	75	354	593	863	1338	1204	2169	1302	3662	3563	8859	8299	21255	40361	0
FFQ	20	0	0	0	0	0	0	1	3	16	4	125	22	0	2	0	7	47	12	194	87	3	19	9	52	187	375	183	767	65	379	628	948	1246	1373	2213	1322	3785	3615	9073	8187	21174	39675	0
FFQ	21	0	0	0	0	0	1	0	2	24	9	100	33	1	1	3	10	36	17	190	90	3	27	20	49	166	340	156	792	65	390	616	907	1262	1288	2268	1389	3763	3516	9039	8479	21405	39341	0
FFQ	22	0	0	0	0	0	0	3	3	32	6	113	34	0	0	3	10	53	24	204	100	6	33	17	78	191	368	195	825	94	411	673	939	1281	1383	2341	1426	3848	3620	9175	8521	21502	38286	0
FFQ	23	0	0	0	0	0	1	3	1	29	5	116	29	0	0	0	13	49	29	200	89	4	28	13	74	201	361	210	769	72	366	693	945	1303	1293	2360	1463	3846	3738	9341	8691	21381	38082	0
FFQ	24	0	0	0	0	0	1	2	5	27	16	118	21	0	1	3	18	65	24	161	90	1	37	25	79	224	308	208	740	66	405	736	942	1240	1320	2306	1506	3797	3637	9497	8734	20285	39153	0
FFQ	25	0	0	0	0	0	0	1	5	35	14	112	33	2	0	3	23	54	41	183	99	7	37	20	105	270	287	228	759	67	407	793	973	1215	1385	2364	1569	3961	3643	9696	8488	20583	38336	0
FFQ	26	0	0	0	0	0	0	2	4	51	32	156	40	2	3	1	33	69	88	192	114	6	44	19	98	288	294	195	759	84	430	808	960	1225	1448	2404	1710	4065	3791	10020	8409	21008	36946	0
FFQ	27	0	0	0	0	0	3	6	7	66	43	136	21	2	5	4	29	78	68	173	112	4	38	25	103	335	281	236	762	84	417	877	1035	1171	1509	2534	1751	4041	3737	10153	8545	21175	36232	0
FFQ	28	0	0	0	0	0	2	6	10	75	47	150	21	2	4	4	31	103	81	158	101	8	54	27	106	409	265	208	731	110	400	984	991	1187	1437	2413	1796	3991	3917	10244	8465	21661	35599	0
FFQ	29	0	0	0	0	0	0	6	12	78	71	126	13	3	5	4	32	94	98	119	98	11	54	21	120	424	263	234	704	97	420	1011	1006	1124	1519	2505	2000	4075	3830	10624	8225	22178	34594	0
FFQ	30	0	0	0	0	0	2	7	13	111	100	129	4	4	4	8	44	148	88	157	148	11	59	33	118	470	294	262	772	102	467	1158	1085	1160	1631	2521	2070	4045	4048	10841	8235	22017	33432	0
FFQ	31	0	0	0	0	0	0	5	19	138	161	135	5	3	7	9	66	156	85	169	150	14	75	56	139	597	358	256	767	128	528	1341	1140	1180	1789	2808	2293	4303	4089	11136	7930	22087	31676	0
FFQ	32	0	0	0	0	0	4	9	30	188	216	137	6	7	5	22	86	189	96	184	177	10	76	53	162	690	379	303	868	140	583	1593	1295	1120	1876	2824	2426	4364	4155	11482	7965	21793	30278	0
FFQ	33	0	0	0	0	0	7	15	23	193	258	115	4	10	15	14	110	242	87	200	174	20	102	70	204	704	449	312	795	169	538	1726	1264	1156	1916	2902	2677	4383	4315	11981	7774	21648	29210	0
FFQ	34	0	0	0	0	0	1	8	28	123	208	50	5	5	5	17	102	206	47	142	136	11	92	56	154	573	545	287	662	155	466	1656	1196	902	1878	2756	2707	3944	4390	11949	8331	21969	30009	0
FFQ	35	0	0	0	0	0	2	17	33	146	187	33	5	7	11	22	103	193	37	144	133	20	93	65	143	543	470	279	593	142	473	1690	1243	836	1931	2669	2903	3802	4374	12248	7617	22429	30131	0
FFQ	36	0	0	0	0	0	3	16	28	158	252	30	3	9	14	17	119	184	27	174	178	30	112	64	193	621	466	340	656	161	580	1656	1340	887	2145	2630	3084	4110	4268	12474	7083	22348	29303	0
FFQ	37	0	0	0	0	0	4	16	30	182	281	12	4	10	18	15	147	184	23	187	178	28	107	81	186	677	499	365	620	187	568	1700	1295	863	2189	2605	3261	3816	4333	12582	7215	22106	29188	0
FFQ	38	0	0	0	0	0	3	25	49	175	342	6	3	21	20	27	172	225	31	183	176	30	112	89	205	673	439	385	695	242	573	1881	1406	968	2290	2779	3425	3814	4334	12845	7084	22273	27756	0
FFQ	39	0	0	0	0	0	8	22	47	186	296	4	5	21	40	22	177	199	38	178	176	35	123	90	217	706	501	387	595	255	638	1890	1374	931	2491	2538	3750	3740	4527	12595	7593	22313	27041	0
FFQ	40	0	0	0	0	0	8	30	60	161	285	3	6	25	30	42	168	185	34	173	176	41	135	99	249	682	440	405	682	290	651	1926	1391	980	2450	2711	3925	3689	4723	12539	7840	21960	26552	0
FFQ	41	0	0	0	0	0	4	33	76	186	342	3	7	26	34	28	189	157	33	178	176	60	131	128	271	721	463	411	753	324	636	1827	1446	988	2648	2698	3933	3742	4705	12661	7800	22024	25902	0
FFQ	42	0	0	0	0	0	8	46	97	192	356	1	10	28	43	50	245	159	41	224	240	58	154	110	276	836	447	511	793	364	700	1935	1586	1048	2883	2699	4055	3818	4807	13052	7570	21724	24575	0
FFQ	43	0	0	0	0	0	9	42	103	210	357	5	15	33	48	56	220	151	43	191	211	68	154	153	300	776	464	486	764	378	660	1969	1606	1137	3028	2785	4192	3751	4984	13055	7781	21738	23815	0
FFQ	44	0	0	0	0	0	12	50	83	187	286	7	19	30	43	67	230	96	49	196	163	82	145	152	338	698	360	554	696	441	676	1834	1595	1084	3010	2593	4348	3748	5019	13185	7976	21813	23870	0
FFQ	45	0	0	0	0	0	11	48	113	197	294	11	11	33	49	55	221	82	53	184	204	92	126	199	369	786	360	576	767	489	714	1843	1630	1164	3153	2691	4390	3882	5105	13191	7612	21758	23267	0
FFQ	46	0	0	0	0	0	9	45	96	157	244	10	16	33	56	49	227	57	49	177	149	113	136	133	356	658	327	536	626	525	650	1849	1579	1155	3025	2497	4433	3547	5150	12404	8193	20967	25494	0
FFQ	47	0	0	1	0	0	12	40	117	183	233	8	22	48	66	66	238	54	59	179	169	125	123	146	427	728	312	611	660	553	695	1752	1623	1116	3176	2685	4381	3707	5076	12323	8048	20854	25109	0
FFQ	48	0	0	2	0	0	10	47	102	127	191	6	23	41	61	61	193	52	51	126	144	129	117	187	381	663	231	559	563	575	674	1656	1634	1204	3146	2625	4453	3503	5162	12159	8271	20974	25619	0
FFQ	49	0	0	2	0	0	11	52	136	173	203	8	17	43	82	73	195	35	74	201	197	129	125	163	432	727	208	631	628	606	734	1566	1685	1282	3099	2778	4331	3947	5114	10660	9188	20741	25443	0
FFQ	50	0	0	2	0	0	10	47	119	158	197	14	22	38	88	66	159	42	67	174	148	172	130	188	447	696	159	675	663	718	772	1520	1735	1285	3204	2868	4355	3889	5310	10755	9115	20499	25212	0
FFQ	51	0	0	2	0	0	13	62	146	177	186	12	18	51	112	96	154	28	66	176	199	165	120	221	451	698	140	678	700	692	787	1542	1793	1317	3246	3062	4426	4075	5384	10684	9077	20182	24778	0
FFQ	52	0	0	2	0	0	16	67	155	166	191	9	18	53	101	100	157	39	74	198	169	163	136	243	508	669	146	771	640	805	804	1517	1816	1454	3167	3219	4539	4148	5469	10550	9219	20242	23976	0
FFQ	53	0	0	2	0	0	9	24	105	154	138	14	24	38	101	87	132	25	56	130	144	187	142	265	430	560	110	677	585	869	736	1431	1712	1323	3086	3082	4595	3840	5501	9719	10034	19381	26266	0
FFQ	54	0	0	2	0	0	8	24	92	129	124	9	17	36	95	65	110	25	44	152	132	183	111	243	436	516	102	632	517	858	698	1286	1694	1308	2901	3235	4838	3988	5474	9421	9629	19086	27491	0
FFQ	55	0	0	2	0	0	10	41	135	173	116	22	13	38	125	78	96	21	69	162	130	179	117	209	460	373	251	687	532	911	759	1216	1763	1394	2832	3259	5233	4152	5130	9504	9352	18712	27453	0
FFQ	56	0	0	2	0	0	12	36	139	180	94	10	25	38	114	93	77	27	68	184	139	172	137	254	511	376	241	706	535	857	814	1131	1780	1356	2906	3531	5225	4378	5509	9268	9366	18179	27234	0
FFQ	57	0	0	2	0	0	12	39	124	162	66	12	24	47	123	91	61	30	59	173	120	170	93	265	507	294	272	723	521	947	747	1134	1902	1444	2755	3686	5532	4500	5537	9104	9203	18011	27211	0
FFQ	58	0	0	2	0	0	9	31	139	167	86	13	24	37	112	81	68	40	68	168	120	186	109	275	512	282	272	787	502	996	763	1035	1950	1540	2863	3861	5762	4705	5715	9088	9533	17478	26319	0
FFQ	59	0	0	2	0	0	15	38	181	195	66	16	31	40	141	78	68	25	58	205	111	190	114	338	510	239	272	910	546	1063	870	1033	2050	1626	2811	4149	6106	4953	5811	8927	9366	16928	25616	0
FFQ	60	0	0	2	0	0	17	34	153	201	46	13	27	29	146	79	62	28	60	212	128	201	142	369	436	267	262	997	488	1116	880	1088	2077	1644	2826	4338	6376	5176	5984	8413	9709	16596	25076	0
FFQ	61	0	0	10	0	0	14	49	171	209	51	33	28	40	153	71	43	28	82	216	120	205	135	375	459	214	281	1005	513	1228	916	1068	2159	1794	2776	4615	6717	5291	6173	8372	9800	16244	24038	0
FFQ	62	0	0	29	0	0	14	57	181	269	44	21	37	39	154	70	51	18	84	262	117	225	132	425	466	225	311	1119	521	1238	1010	1167	2349	1851	2802	4956	7121	5692	6399	8364	9784	15099	22988	0
FFQ	63	0	0	57	0	0	15	32	187	214	26	20	44	40	186	67	52	28	83	260	139	214	148	436	473	212	325	1072	521	1310	1097	1180	2286	1905	2886	5164	7494	5882	6584	7891	10313	14807	22040	0
FFQ	64	0	0	77	0	0	26	35	210	265	22	19	34	56	174	62	53	32	88	278	112	250	164	489	460	223	315	1169	520	1300	1042	1205	2405	2051	2991	5354	8158	5930	6777	7955	10485	13945	20958	0
FFQ	65	0	0	110	0	0	22	50	239	341	21	16	60	33	193	79	49	34	98	266	163	268	178	504	444	225	381	1325	462	1378	1284	1235	2491	2143	3086	5505	8556	6233	6952	7791	10399	13378	19695	0
FFQ	66	0	0	140	0	0	25	54	228	294	13	31	44	47	215	71	47	42	105	259	166	284	173	493	464	202	382	1328	436	1345	1321	1368	2605	2205	3070	5974	9080	6596	7247	7226	10652	12598	18856	0
FFQ	67	0	0	187	0	0	22	49	208	268	8	32	54	59	190	50	62	38	88	245	159	300	145	491	417	212	389	1309	436	1327	1311	1335	2737	2235	3168	6085	9704	6914	7514	7051	10927	11977	17981	0
FFQ	68	0	0	239	0	0	21	48	203	257	4	31	47	38	174	50	46	34	101	282	145	332	183	539	434	211	421	1341	438	1225	1490	1394	2620	2338	3178	6349	10449	7139	7753	6818	11135	11359	16816	0
FFQ	69	0	0	305	0	0	21	47	239	241	2	35	49	49	170	57	53	41	78	269	141	315	147	541	393	220	393	1431	426	1226	1505	1540	2781	2408	3222	6510	11400	7500	8014	6488	11158	10641	15624	0
FFQ	70	0	0	382	0	0	39	82	343	362	0	34	60	45	221	74	63	45	125	391	207	408	199	548	377	413	505	1598	494	1311	1759	1646	3018	2533	3445	7216	11717	7722	8044	6114	10800	9697	13641	0
FFQ	71	0	0	441	0	0	37	60	294	291	0	42	64	59	250	55	63	49	110	328	179	376	207	556	402	412	494	1638	459	1331	1760	1798	3108	2777	3599	7464	12114	8021	8364	5653	11208	8822	12790	0
FFQ	72	0	0	484	0	0	46	55	270	244	0	44	68	53	203	45	66	39	108	356	171	392	218	512	336	374	483	1556	444	1230	1816	1833	2981	2820	3698	7821	13340	8236	8572	5361	11571	8187	11642	0
FFQ	73	0	0	546	0	0	45	52	326	250	1	37	53	63	180	35	66	48	126	345	165	439	191	519	357	450	519	1660	499	1176	1900	1925	3075	2875	3849	8048	14075	8766	8840	4916	11288	7492	10478	0
FFQ	74	0	0	625	0	0	39	47	340	275	0	35	85	71	203	45	71	40	135	384	164	446	208	548	336	420	600	1700	512	1104	2078	2026	3159	2893	3946	8595	14872	8789	9198	4558	11263	6556	9309	0
FFQ	75	0	0	709	0	0	56	54	380	245	0	64	89	63	189	24	61	57	127	359	157	462	242	545	361	458	639	1633	711	1121	2078	2090	3221	3114	4138	9014	15644	8983	9501	4234	11096	5751	8003	0
FFQ	76	0	0	775	0	0	34	25	275	192	0	77	102	74	262	29	105	31	120	321	209	720	275	711	482	699	735	2452	1030	1831	3072	3873	5064	5414	5508	13426	11184	9929	5921	3675	11687	3699	1653	0
FFQ	77	0	0	823	0	0	34	38	288	154	0	79	89	53	172	32	91	45	120	352	160	517	227	507	374	506	617	1789	857	1165	2585	2966	4134	4267	5554	12833	14118	10358	7379	3293	12450	4739	1905	0
FFQ	78	0	0	884	0	0	41	24	316	159	0	60	74	51	150	29	79	41	113	357	144	510	178	422	349	490	615	1610	791	938	2276	2261	3447	3494	4984	10969	17795	10260	9729	2852	11299	4197	3680	0
FFQ	79	0	0	954	0	0	53	48	373	178	0	62	90	67	143	38	88	45	154	399	156	514	193	412	336	533	715	1568	816	844	2297	2204	3287	3372	4765	10709	19681	10332	10348	2556	10303	3094	3941	0
FFQ	80	0	0	1027	0	0	64	16	257	121	0	61	82	59	104	24	92	33	125	331	166	497	186	319	326	444	669	1418	737	685	2160	2225	3279	3378	4870	10486	21681	10655	10897	2036	9987	2503	3666	0
FFQ	81	0	0	1116	0	0	47	37	355	132	0	82	65	45	103	21	98	42	142	412	161	510	177	335	323	484	736	1455	814	633	2303	2231	3242	3429	4836	10923	22879	10740	11092	1853	8951	1868	2990	0
FFQ	82	0	0	1215	0	0	61	31	372	110	0	93	67	65	103	20	100	43	134	459	167	538	172	311	401	489	815	1507	894	596	2448	2284	3320	3453	4891	11453	23824	10827	10910	1489	8248	1389	2363	0
FFQ	83	0	0	1330	0	0	51	30	349	113	0	82	83	81	104	15	114	49	131	385	210	568	209	243	374	563	818	1472	885	617	2554	2261	3531	3555	4909	11923	24937	11077	10713	1220	7315	1048	1742	0
FFQ	84	0	0	1438	0	0	74	30	487	120	1	98	93	76	86	28	121	56	155	429	198	598	208	291	398	616	895	1623	979	574	2661	2414	3555	3643	5276	12520	25616	10831	10219	1030	6224	801	1195	0
FFQ	85	0	0	1546	0	0	49	28	401	103	0	99	76	82	85	27	135	47	158	413	196	594	200	249	444	584	966	1481	953	482	2698	2321	3593	3705	5362	12931	26964	10974	9865	793	5634	564	853	0
FFQ	86	0	0	1676	0	0	80	30	581	110	1	115	102	112	117	34	129	58	162	517	216	712	202	246	487	714	1037	1552	1100	454	2941	2439	3794	3730	5424	13289	27494	10768	9099	692	4471	398	571	0
FFQ	87	0	0	1809	0	0	62	23	409	78	0	111	109	85	74	17	124	52	180	431	241	693	180	177	465	693	1007	1475	1089	449	2835	2386	3767	3807	5667	13723	28886	10944	8602	516	3813	282	390	0
FFQ	88	0	0	1979	0	0	81	27	572	90	0	122	103	76	77	15	137	65	179	506	250	802	183	183	502	660	1189	1525	1165	425	2986	2447	3791	3871	5626	14083	29743	10700	7770	426	2879	158	254	0
FFQ	89	0	0	2117	0	0	82	23	457	74	0	127	97	88	81	17	155	45	191	489	241	758	180	144	494	634	1159	1324	1188	368	3074	2366	3841	3963	5649	14426	31100	10720	7154	307	2214	100	184	0
FFQ	90	0	0	2285	0	0	57	26	414	72	0	114	81	72	51	15	145	48	181	440	261	683	142	119	500	666	1134	1265	1162	349	2970	2275	3811	4105	5802	14782	32572	10600	6352	202	1679	71	120	0
FFQ	91	0	0	2476	0	0	56	22	388	45	0	123	66	68	43	15	129	36	188	426	252	673	116	93	455	701	1165	1154	1276	338	2907	2260	3793	3971	5778	15218	33992	10361	5536	160	1199	49	82	0
FFQ	92	0	0	2695	0	0	67	16	385	36	0	94	90	62	38	15	124	53	198	396	284	697	109	94	486	690	1195	1179	1225	315	3000	2315	3882	4152	5839	15294	34809	9957	4726	119	866	34	54	0
FFQ	93	0	0	2959	0	0	59	17	401	33	0	109	70	82	36	11	145	50	177	493	286	730	102	79	523	692	1273	985	1230	286	3029	2313	3905	4225	5906	15795	35468	9436	3931	64	590	21	50	0
FFQ	94	0	0	3264	0	0	48	15	452	34	0	125	65	81	26	12	120	63	181	511	287	690	100	71	546	747	1369	947	1316	263	3102	2382	3892	4252	5948	16026	36009	8866	3205	59	402	22	37	0
FFQ	95	0	0	3601	0	0	59	15	447	31	0	121	73	30	49	12	142	43	176	514	331	743	86	52	552	783	1467	921	1340	253	3248	2352	4034	4215	5769	16366	36484	8348	2510	41	249	20	24	0
FFQ	96	0	0	4055	0	0	73	19	449	35	0	130	64	20	52	7	136	61	191	547	369	741	77	59	550	831	1536	905	1503	208	3329	2434	4158	4492	5905	16521	36206	7622	1942	36	176	13	19	0
FFQ	97	0	0	4544	0	0	47	8	331	21	0	119	54	24	44	8	136	60	181	486	364	682	62	56	565	822	1539	784	1400	200	3208	2502	4105	4555	6045	16708	36842	7227	1531	20	122	10	12	0
FFQ	98	0	0	5176	0	0	22	0	191	10	0	62	35	9	22	6	145	46	144	408	310	619	31	39	539	730	1434	621	1452	164	3128	2418	4029	4270	6009	17012	38089	6879	1216	10	96	3	14	0
FFQ	99	0	0	5953	0	0	8	0	99	6	0	24	16	5	20	7	114	46	164	433	288	489	42	51	534	745	1487	586	1478	163	3185	2500	4149	4494	5967	16803	38047	6365	971	6	77	5	8	0
FFQ	100	0	0	6806	0	0	0	0	0	1	0	0	0	0	0	1	117	62	153	436	310	498	30	48	474	722	1415	540	1400	148	3043	2546	4126	4602	5993	17071	38115	5780	765	7	60	3	4	0
# Last Fragment Qualities. Use `grep ^LFQ | cut -f 2-` to extract this part.
# Columns correspond to qualities and rows to cycles. First column is the cycle number.
LFQ	1	0	0	0	0	0	0	0	0	0	0	521	0	0	0	0	0	508	0	0	3	0	0	99	689	0	436	1675	2168	1010	0	5531	36267	0	10342	36549	0	0	0	0	0	0	0	0
LFQ	2	0	0	0	0	0	0	0	0	0	0	323	0	0	0	0	0	522	0	0	0	0	0	160	473	0	523	1321	2212	1065	0	4605	32551	0	6867	45176	0	0	0	0	0	0	0	0
LFQ	3	0	0	0	0	0	0	0	0	0	0	278	0	0	0	0	0	479	0	0	0	0	0	142	393	0	529	1118	2072	1009	0	4318	30531	0	6141	48788	0	0	0	0	0	0	0	0
LFQ	4	0	0	0	0	0	0	0	0	0	0	317	0	0	0	0	0	259	0	0	269	0	0	164	0	0	462	633	37	882	0	1552	31	2184	3428	0	21052	0	64528	0	0	0	0	0
LFQ	5	0	0	0	0	0	0	0	0	0	0	336	0	0	0	0	0	224	0	0	258	0	0	140	0	0	459	644	41	966	0	1539	38	2188	3458	0	20960	0	64547	0	0	0	0	0
LFQ	6	0	0	0	0	0	0	0	0	47	0	208	69	0	0	0	17	54	251	95	115	0	10	12	147	0	459	568	82	518	374	1371	204	2428	3141	0	19075	2395	64158	0	0	0	0	0
LFQ	7	0	0	1	0	0	0	0	0	27	0	232	62	0	0	0	28	48	246	100	105	0	15	13	152	0	433	570	101	585	374	1498	183	2392	3097	0	19059	2436	64041	0	0	0	0	0
LFQ	8	0	0	0	0	0	0	0	0	30	0	224	69	0	0	0	32	40	218	94	84	0	17	14	156	0	438	574	114	458	325	1344	176	2440	3082	0	18922	2454	64493	0	0	0	0	0
LFQ	9	0	0	0	0	0	0	0	0	36	0	312	102	0	0	2	27	44	252	133	140	2	34	25	216	0	508	226	638	451	443	1657	167	2247	2416	1233	6995	0	12503	8326	56663	0	0	0
LFQ	10	0	0	1	0	0	0	1	0	34	0	204	85	0	0	0	17	38	254	104	80	3	15	15	159	1	452	212	665	343	359	1421	148	2178	2105	1391	6766	0	12775	7682	58290	0	0	0
LFQ	11	0	0	0	0	0	0	1	0	37	0	238	86	1	0	0	30	50	235	102	102	0	22	15	179	2	467	174	804	212	372	1470	161	2177	2220	1255	6824	1	12402	8112	58047	0	0	0
LFQ	12	0	0	0	0	0	1	0	0	41	0	254	104	3	0	0	30	63	251	129	123	1	20	10	208	2	478	188	984	88	385	1590	152	2162	2302	1327	6909	1	12426	8299	57267	0	0	0
LFQ	13	0	0	0	0	0	0	0	0	35	1	279	102	0	0	0	21	46	269	133	111	2	32	20	216	2	487	215	1003	68	406	1572	143	2202	2251	1372	7219	3	12525	8222	56841	0	0	0
LFQ	14	0	0	0	0	0	0	2	1	36	1	330	101	1	0	0	6	48	265	137	114	1	27	26	42	152	457	223	1019	70	405	678	1005	1605	2188	1643	1354	4312	3484	11133	7075	19388	38469	0
LFQ	15	0	0	1	0	0	2	2	2	59	4	310	108	0	0	0	4	80	302	154	139	0	29	20	60	179	530	251	1073	79	449	698	1065	1710	2267	1627	1357	4406	3618	11468	7087	19673	36985	0
LFQ	16	0	0	0	0	0	0	0	2	50	5	289	83	0	0	1	8	68	287	114	127	1	22	18	56	177	519	221	1055	66	403	653	1047	1574	2411	1624	1302	4389	3603	11461	7230	19965	36967	0
LFQ	17	0	0	0	0	0	1	1	1	38	3	257	84	1	0	1	8	74	263	113	98	3	21	28	74	166	454	201	981	68	384	679	1031	1585	2330	1622	1359	4358	3631	11635	7264	20191	36790	0
LFQ	18	0	0	0	0	0	0	1	2	41	7	229	77	0	1	0	11	62	243	129	128	3	39	24	59	180	460	187	949	60	409	670	1003	1527	2265	1661	1456	4291	3735	11582	7223	20482	36602	0
LFQ	19	0	0	0	0	0	1	2	3	43	8	237	97	0	1	3	8	66	24	414	136	4	31	14	67	229	459	242	969	77	437	692	1030	1572	1434	2640	1461	3879	3520	9783	8556	20717	36942	0
LFQ	20	0	0	0	0	0	1	3	3	56	20	280	90	2	3	1	9	65	26	357	136	1	40	18	61	228	494	224	1045	96	464	749	1090	1602	1513	2656	1465	4114	3653	9900	8763	20888	35682	0
LFQ	21	0	0	0	0	0	0	3	9	80	20	310	91	2	2	2	20	83	39	372	151	3	35	28	92	267	512	237	1113	72	464	857	1074	1682	1570	2718	1519	4171	3690	10160	9115	20707	34528	0
LFQ	22	0	0	0	0	0	1	2	7	48	16	233	68	1	3	4	16	97	53	299	130	6	52	23	90	243	411	243	1019	93	445	853	1065	1617	1466	2761	1562	4178	3764	10271	9398	21063	34197	0
LFQ	23	0	0	0	0	0	1	3	4	85	40	299	80	0	3	3	27	81	69	356	174	6	48	34	121	334	456	279	1060	97	534	886	1166	1532	1570	2775	1651	4226	3734	10196	9599	20670	33599	0
LFQ	24	0	0	0	0	0	2	2	8	97	47	310	77	3	5	1	27	95	93	333	152	10	49	24	126	338	476	248	1074	103	552	969	1189	1643	1648	2766	1718	4372	3871	10564	9097	19153	34556	0
LFQ	25	0	0	1	0	0	2	2	5	94	53	271	57	3	3	5	33	104	118	312	166	3	41	41	116	403	424	281	1056	108	535	996	1103	1528	1637	2899	1796	4216	4028	10700	9367	19469	33822	0
LFQ	26	0	0	0	0	0	1	6	11	101	75	288	51	3	5	3	37	132	105	259	187	8	53	32	118	425	429	265	990	101	495	1106	1111	1554	1667	2868	1861	4206	4020	10929	9340	19802	33154	0
LFQ	27	0	0	0	0	0	3	6	11	151	104	279	57	5	8	4	55	148	123	256	195	8	59	25	154	577	403	306	1049	122	587	1147	1268	1442	1767	2964	1951	4383	3970	11127	8893	20284	31907	0
LFQ	28	0	0	0	0	0	3	4	14	165	151	312	51	5	9	9	55	171	142	256	168	16	70	44	161	633	444	308	983	134	582	1300	1293	1471	1869	3035	2032	4361	4099	11288	8974	20594	30592	0
LFQ	29	0	0	0	0	0	3	8	13	153	156	254	19	6	6	8	67	209	151	240	203	14	84	59	189	647	430	334	1016	129	599	1404	1322	1456	1906	3048	2186	4528	4166	11727	8918	21180	28960	0
LFQ	30	0	0	0	0	0	3	16	9	169	173	205	15	3	8	7	84	233	153	196	161	17	77	48	184	660	437	309	967	151	605	1560	1336	1390	1890	3066	2380	4483	4131	11732	8961	21141	28838	0
LFQ	31	0	0	0	0	0	8	16	15	199	234	174	6	14	9	9	83	243	125	241	187	21	100	63	197	712	460	332	921	153	588	1590	1369	1261	1972	2968	2460	4508	4299	12269	8667	21425	27900	0
LFQ	32	0	0	0	0	0	3	8	36	212	238	156	4	11	8	6	92	232	109	197	194	21	69	54	200	679	536	343	908	146	577	1818	1339	1231	2060	2926	2545	4382	4249	12756	8694	21386	27366	0
LFQ	33	0	0	0	0	0	6	15	37	245	338	109	1	11	24	15	115	262	98	244	233	19	118	66	223	750	509	393	890	183	659	1881	1463	1170	2141	3063	2810	4476	4475	13111	8185	21440	26004	0
LFQ	34	0	0	0	0	0	8	18	35	252	375	87	3	12	17	21	142	283	70	242	182	32	115	88	228	756	562	365	808	196	608	2025	1439	1120	2252	3036	3038	4315	4478	13404	8084	21440	25635	0
LFQ	35	0	0	0	0	0	8	22	49	240	432	49	4	20	19	23	163	268	49	211	229	28	132	84	239	835	619	413	833	198	717	2160	1543	1111	2393	3037	3124	4383	4567	13752	7887	21271	24655	0
LFQ	36	0	0	0	0	0	2	22	40	248	406	34	7	16	23	32	180	274	38	236	228	24	144	92	252	860	650	419	853	229	682	2129	1529	1062	2511	3053	3403	4314	4579	13992	7754	21367	24079	0
LFQ	37	0	0	0	0	0	4	23	75	269	461	21	5	15	36	28	219	272	39	229	213	37	141	101	283	878	625	451	870	242	765	2181	1635	1085	2721	3220	3625	4273	4651	14169	7629	21315	22956	0
LFQ	38	0	0	0	0	0	6	32	80	258	451	4	3	31	46	41	246	249	35	262	237	32	166	112	306	924	626	473	804	268	770	2304	1686	1084	2832	3055	3923	4259	4802	14395	7711	20849	22394	0
LFQ	39	0	0	0	0	0	7	39	87	305	497	8	9	23	42	44	232	228	35	281	272	48	161	122	343	929	609	557	911	306	783	2300	1600	1129	2973	3016	4130	4058	4806	14187	8293	20980	21399	0
LFQ	40	0	0	1	0	0	4	46	102	288	481	9	4	35	47	53	261	233	50	275	253	57	170	134	355	919	560	556	875	368	809	2340	1882	1182	3071	3038	4171	4119	4900	13868	8408	21021	20801	0
LFQ	41	0	0	1	0	0	15	45	123	259	403	7	14	38	53	49	262	224	43	236	270	84	185	171	338	965	621	539	776	391	689	2415	1696	1070	3178	2891	4317	3698	4999	13732	8519	20102	22326	0
LFQ	42	0	0	3	0	0	14	55	126	277	472	5	8	42	58	64	306	191	75	250	249	87	180	156	382	963	563	605	844	451	745	2345	1807	1169	3326	2826	4254	3646	5029	13523	8401	20233	22011	0
LFQ	43	0	0	3	0	0	11	68	164	355	583	7	16	41	76	74	377	169	79	298	278	74	217	193	495	1081	538	641	949	531	799	2320	1786	1246	3520	3015	4276	3821	5034	13567	8282	19726	21028	0
LFQ	44	0	0	3	0	0	13	61	141	301	444	2	15	47	84	88	385	141	68	289	263	84	186	199	453	1059	474	637	923	573	816	2380	1896	1221	3516	2815	4506	3763	5135	13571	8616	20053	20514	0
LFQ	45	0	0	3	0	0	11	82	152	295	449	9	18	58	97	85	343	101	84	234	270	131	181	191	505	1039	403	713	907	584	845	2252	1986	1288	3661	2877	4558	3925	5129	13648	8242	20067	20307	0
LFQ	46	0	0	4	0	0	11	83	189	306	434	10	20	51	108	91	335	103	83	289	277	157	207	241	555	1047	405	712	848	692	899	2227	1917	1350	3720	2954	4498	3834	5297	13730	8193	19537	20313	0
LFQ	47	0	0	4	0	0	16	103	247	349	522	14	20	62	116	119	327	92	95	338	282	157	189	274	605	1085	357	779	939	740	963	2179	2107	1399	3999	3116	4506	4065	5184	13462	8099	19452	19363	0
LFQ	48	0	0	3	0	0	16	60	155	265	331	11	24	58	141	117	319	61	75	237	265	179	155	298	592	878	330	747	747	846	759	2143	1899	1286	3669	2724	4520	3612	5415	12464	9029	19450	21842	0
LFQ	49	0	0	4	0	0	14	71	161	237	300	11	22	49	134	115	284	50	66	220	200	170	161	255	534	899	236	707	725	824	760	1866	1880	1292	3506	2831	4221	3793	5321	10814	10089	19492	23405	0
LFQ	50	0	0	4	0	0	13	74	177	279	300	10	28	59	120	130	208	63	77	224	240	184	166	286	525	867	208	777	780	786	766	1799	1917	1357	3300	2971	4170	3796	5148	10948	9536	19040	24385	0
LFQ	51	0	0	3	0	0	15	55	184	225	243	16	19	70	156	137	256	36	83	185	156	206	177	315	607	900	202	907	678	1176	745	2358	2157	1403	4659	3419	4937	4108	8281	13052	15408	18006	10176	0
LFQ	52	0	0	55	0	0	13	73	198	254	242	10	29	63	147	140	204	49	72	227	214	210	187	299	577	814	172	907	693	1033	836	1742	2145	1540	3625	3370	4454	4087	6234	12249	13942	20974	13636	0
LFQ	53	0	0	2	0	0	13	65	202	291	201	16	20	75	160	107	184	35	67	236	193	236	162	318	606	732	141	843	663	1041	803	1613	2066	1464	3370	3213	4399	4239	5531	10998	11388	20608	19413	0
LFQ	54	0	0	0	0	0	21	83	195	300	205	17	33	81	167	114	153	40	86	239	176	218	180	319	582	706	125	887	676	1096	869	1544	2070	1524	3258	3549	4429	4173	5240	10270	9932	18794	23360	0
LFQ	55	0	0	0	0	0	17	66	208	287	149	13	37	37	175	121	123	51	76	234	188	237	175	330	594	451	321	966	646	1141	884	1364	2088	1585	3043	3555	4591	4306	5205	9953	9474	18008	25010	0
LFQ	56	0	0	0	0	0	10	83	211	258	140	19	35	56	164	137	97	34	83	236	211	259	166	332	585	376	344	956	661	1210	911	1331	2094	1598	2965	3770	4807	4432	5103	9837	9386	17645	25162	0
LFQ	57	0	0	1	0	0	22	128	317	382	150	17	43	45	213	153	112	57	107	318	224	256	195	437	638	432	416	1031	714	1264	1101	1294	2258	1777	3034	4113	4886	4626	5197	9831	8837	17194	23883	0
LFQ	58	0	0	1	0	0	28	97	278	372	117	23	41	77	256	138	86	47	93	319	198	315	228	453	724	409	376	1117	614	1441	1027	1331	2352	1836	3062	4217	4981	4924	5277	9717	9162	16450	23514	0
LFQ	59	0	0	1	0	0	40	107	378	521	154	28	52	73	290	183	83	49	132	379	265	313	227	551	740	376	474	1395	755	1603	1238	1341	2645	1967	3119	4433	5324	4992	5318	9599	8802	16016	21735	0
LFQ	60	0	0	1	0	0	44	110	301	416	85	30	52	84	275	140	100	39	114	358	212	363	222	576	665	336	421	1408	679	1718	1184	1359	2640	1911	3135	4821	5482	5215	5636	9392	9443	15505	21226	0
LFQ	61	0	0	31	0	0	32	105	314	412	59	29	63	70	304	127	73	49	122	384	172	355	219	637	631	345	413	1449	629	1654	1201	1346	2633	2092	3038	5080	5556	5269	5710	9387	9537	15423	20746	0
LFQ	62	0	0	59	0	0	38	93	350	467	53	29	82	75	280	108	70	51	122	384	202	364	234	633	586	296	413	1401	612	1716	1301	1380	2783	2162	3086	5212	5928	5628	5856	8911	9648	14625	20453	0
LFQ	63	0	0	108	0	0	44	93	333	455	33	28	62	76	281	129	100	43	131	393	170	391	193	706	603	331	489	1529	648	1683	1371	1415	2830	2159	3027	5504	6360	5778	6011	8810	9571	14221	19581	0
LFQ	64	0	0	174	0	0	44	105	381	527	35	34	68	76	306	110	76	59	140	452	224	379	220	687	639	314	528	1594	650	1726	1531	1452	2936	2386	3039	5707	6671	6038	5938	8524	9735	13841	18343	0
LFQ	65	0	0	267	0	0	33	116	386	448	17	30	75	65	293	112	86	64	144	379	236	441	261	691	632	310	518	1705	556	1663	1549	1505	2963	2422	3028	6040	7271	6090	6188	8235	9973	13060	17835	0
LFQ	66	0	0	345	0	0	39	91	424	442	24	38	92	75	338	84	60	63	137	420	240	406	271	751	620	319	542	1809	544	1700	1594	1614	3096	2462	3150	6137	7669	6477	6300	7922	9916	12457	17018	0
LFQ	67	0	0	470	0	0	63	131	505	599	16	56	95	64	330	82	70	67	158	486	262	484	270	774	619	377	608	1914	576	1730	1889	1635	3164	2530	3162	6677	7943	6641	6464	7652	10015	11605	15501	0
LFQ	68	0	0	576	0	0	42	112	455	532	5	48	102	78	344	104	78	60	143	471	254	544	288	810	642	311	659	1858	607	1818	1921	1864	3327	2699	3187	6757	8432	6884	6638	7260	10314	10884	14574	0
LFQ	69	0	0	711	0	0	57	105	452	477	6	60	122	87	305	73	79	61	157	450	242	529	269	786	558	347	671	1998	571	1732	1905	1914	3321	2790	3275	7098	8996	7159	7005	6996	10379	10179	13758	0
LFQ	70	0	0	868	0	0	55	107	548	508	5	79	122	85	309	91	88	70	143	536	260	563	299	770	494	494	690	2035	601	1658	2071	1936	3488	2987	3347	7495	9417	7345	7087	6512	10468	9241	12806	0
LFQ	71	0	0	1034	0	0	83	104	627	495	2	68	129	90	330	93	95	87	201	577	280	584	314	759	519	617	728	2084	627	1590	2214	2114	3639	3024	3501	7944	9879	7458	7328	6427	10185	8642	11203	0
LFQ	72	0	0	1193	0	0	87	127	556	434	3	88	122	102	330	64	111	57	170	530	252	635	310	737	490	553	751	2302	637	1572	2296	2182	3593	3082	3510	8218	10438	7806	7553	5767	10548	7873	10596	0
LFQ	73	0	0	1348	0	0	62	98	569	449	1	77	121	99	292	70	101	81	167	565	244	635	302	751	457	605	776	2315	675	1506	2463	2366	3651	3333	3763	8319	10985	8076	7911	5185	10527	7082	9648	0
LFQ	74	0	0	1498	0	0	77	79	570	417	0	104	102	86	307	58	99	56	187	602	250	650	299	676	439	601	843	2341	709	1358	2504	2446	3603	3430	3816	8859	11743	8266	8249	4822	10537	6394	8598	0
LFQ	75	0	0	1658	0	0	76	83	594	334	1	71	104	95	261	71	110	73	166	587	227	693	275	681	482	573	903	2126	862	1286	2540	2460	3697	3475	3931	9165	12625	8576	8677	4373	10455	5606	7701	0
LFQ	76	0	0	1857	0	0	93	93	662	398	0	92	138	101	254	58	138	82	198	609	252	716	310	663	480	632	898	2135	884	1307	2710	2474	3731	3603	4148	9562	13142	8708	8964	3975	10236	4917	6451	0
LFQ	77	0	0	2042	0	0	81	71	621	317	0	118	134	86	262	45	137	75	198	645	252	687	306	608	478	698	959	2192	994	1179	2698	2709	3769	3608	4259	9847	14069	8955	9017	3636	10144	4137	5637	0
LFQ	78	0	0	2245	0	0	102	96	653	344	0	130	141	107	248	47	161	94	219	717	248	758	317	614	512	679	1069	2143	993	1136	2867	2769	3750	3714	4374	10510	14699	9076	9224	3122	9510	3635	4645	0
LFQ	79	0	0	2475	0	0	108	76	720	288	1	115	131	97	218	57	165	72	235	659	265	851	327	545	559	695	1069	2270	1060	1049	3108	2730	4055	3878	4518	10708	15243	9349	9371	2806	9136	2823	3836	0
LFQ	80	0	0	2691	0	0	118	74	696	291	0	108	128	119	185	52	165	91	246	728	263	879	275	470	519	745	1093	2192	1112	1018	3105	2752	4149	3979	4597	11372	16135	9252	9511	2444	8739	2325	3048	0
LFQ	81	0	0	2935	0	0	122	76	761	239	0	139	136	117	176	39	155	84	254	740	255	907	283	484	565	735	1182	2211	1109	884	3284	2877	4092	3973	4680	11826	16933	9342	9593	2009	8201	1843	2421	0
LFQ	82	0	0	3195	0	0	145	63	834	210	1	134	146	113	170	58	185	82	242	713	271	902	321	438	547	824	1268	2155	1233	849	3335	2865	4295	4075	4751	12275	17725	9438	9555	1756	7322	1357	1814	0
LFQ	83	0	0	3473	0	0	119	69	753	196	0	141	149	114	138	39	173	79	263	702	279	967	292	406	618	843	1323	2155	1218	749	3397	2966	4248	4080	4907	12750	18642	9557	9463	1478	6550	1031	1334	0
LFQ	84	0	0	3775	0	0	127	48	858	200	1	166	150	117	160	31	184	89	261	794	326	1004	311	345	567	882	1387	2153	1298	728	3501	2891	4336	4277	4946	13245	19467	9365	9055	1226	5683	757	946	0
LFQ	85	0	0	4081	0	0	124	61	841	161	1	151	142	137	151	47	208	91	239	785	290	960	297	308	629	842	1487	2139	1367	668	3727	2838	4472	4355	5023	13696	20051	9408	8793	943	4935	564	643	0
LFQ	86	0	0	4408	0	0	136	51	917	165	0	156	117	145	130	42	192	103	259	804	362	1045	271	297	646	907	1540	2088	1410	601	3682	2893	4554	4540	5105	14100	20907	9180	8287	728	4057	366	463	0
LFQ	87	0	0	4782	0	0	142	48	894	127	1	165	154	135	113	32	204	113	264	752	362	1002	287	235	647	924	1619	2011	1442	568	3799	2955	4625	4597	5111	14692	21618	9169	7695	590	3245	243	289	0
LFQ	88	0	0	5184	0	0	127	51	941	133	0	201	138	139	96	37	212	110	305	845	400	1027	287	213	722	940	1780	1943	1527	558	3838	2994	4848	4693	5185	15149	22103	8750	6894	486	2469	146	176	0
LFQ	89	0	0	5647	0	0	137	48	849	103	0	180	165	128	77	27	211	94	282	845	389	1053	245	202	706	975	1797	1901	1526	479	4036	2966	4947	4739	5170	15621	22699	8702	6225	328	1922	104	106	0
LFQ	90	0	0	6097	0	0	139	50	896	115	1	195	149	127	77	24	222	93	291	819	411	1062	210	176	685	1026	1858	1797	1585	479	4074	2926	4940	4893	5029	15923	23465	8476	5530	233	1419	52	79	0
LFQ	91	0	0	6644	0	0	134	40	893	106	2	187	142	123	53	26	215	83	301	832	469	1118	192	147	731	1031	1952	1689	1693	464	4115	2920	4860	5008	5118	16382	23947	8046	4756	173	935	39	44	0
LFQ	92	0	0	7264	0	0	148	37	883	87	1	223	130	145	53	29	199	109	292	874	503	1104	177	149	716	1054	2042	1543	1614	365	4111	2843	4998	5029	5102	16712	24433	7756	4032	118	655	32	28	0
LFQ	93	0	0	7942	0	0	132	41	907	63	0	223	124	128	38	20	243	86	323	864	502	1066	150	125	803	1041	2081	1478	1707	383	4200	2982	5100	5201	4905	16929	24626	7302	3278	71	446	28	23	0
LFQ	94	0	0	8647	0	0	154	23	1124	63	0	238	130	132	44	20	237	136	365	975	531	1164	171	106	838	1131	2364	1567	1796	373	4284	2928	5165	5191	4925	17048	23973	6662	2669	58	265	21	17	0
LFQ	95	0	0	9412	0	0	108	20	795	64	1	198	128	47	93	19	233	106	332	836	553	1103	116	84	829	1077	2249	1404	1765	318	4258	3022	5133	5263	4936	17460	24879	6303	2125	40	162	14	16	0
LFQ	96	0	0	10352	0	0	93	19	680	49	1	185	93	26	82	18	204	93	278	799	524	1046	100	77	745	1028	2290	1177	1769	307	4286	2956	5256	5271	5046	17598	25191	6009	1645	25	132	9	12	0
LFQ	97	0	0	11553	0	0	79	13	645	33	1	159	93	21	81	9	198	72	273	817	487	943	88	67	762	1004	2406	1088	1727	256	4267	3031	5283	5396	4913	17524	25298	5467	1248	18	87	11	6	0
LFQ	98	0	0	12859	0	0	50	8	425	22	0	134	59	19	51	12	165	91	249	796	503	882	68	75	714	959	2285	933	1742	231	4227	3089	5313	5322	4874	17676	25476	4982	1001	20	66	6	4	0
LFQ	99	0	0	14400	0	0	14	3	195	8	0	63	27	12	22	6	161	98	242	859	471	772	44	67	696	1061	2356	892	1808	234	4237	3055	5145	5394	4846	17702	25238	4471	674	11	47	2	2	0
LFQ	100	0	0	15880	0	0	0	0	0	0	0	0	0	0	2	0	154	97	210	781	385	596	34	68	709	966	2218	704	1749	153	4106	2989	5474	5399	4853	17810	25243	4101	547	7	38	2	1	0
# GC Content of first fragments. Use `grep ^GCF | cut -f 2-` to extract this part.
GCF	3.77	0
GCF	8.04	1
GCF	9.05	0
GCF	10.55	1
GCF	12.06	2
GCF	13.07	1
GCF	14.07	2
GCF	15.08	3
GCF	16.08	8
GCF	17.09	13
GCF	18.09	36
GCF	19.10	50
GCF	20.10	82
GCF	20.85	115
GCF	21.36	114
GCF	22.11	191
GCF	22.86	327
GCF	23.37	329
GCF	23.87	478
GCF	24.37	476
GCF	24.87	626
GCF	25.38	625
GCF	25.88	850
GCF	26.38	851
GCF	26.88	1053
GCF	27.39	1055
GCF	27.89	1322
GCF	28.39	1323
GCF	28.89	1535
GCF	29.40	1536
GCF	30.15	1745
GCF	31.16	2057
GCF	31.91	2331
GCF	32.41	2340
GCF	33.17	2564
GCF	33.92	2787
GCF	34.42	2791
GCF	34.92	2951
GCF	35.43	2950
GCF	36.18	3204
GCF	36.93	3320
GCF	37.44	3326
GCF	37.94	3508
GCF	38.44	3509
GCF	38.94	3569
GCF	39.45	3568
GCF	39.95	3565
GCF	40.45	3570
GCF	40.95	3390
GCF	41.46	3391
GCF	42.21	3309
GCF	42.96	3225
GCF	43.47	3222
GCF	43.97	3129
GCF	44.47	3127
GCF	44.97	2991
GCF	45.48	2996
GCF	45.98	2829
GCF	46.48	2836
GCF	46.98	2766
GCF	47.49	2759
GCF	47.99	2649
GCF	48.49	2647
GCF	48.99	2653
GCF	49.50	2661
GCF	50.00	2596
GCF	50.50	2593
GCF	51.01	2385
GCF	51.51	2376
GCF	52.01	2360
GCF	52.51	2358
GCF	53.02	2198
GCF	53.52	2197
GCF	54.02	2068
GCF	54.52	2070
GCF	55.28	2037
GCF	56.03	1953
GCF	56.53	1950
GCF	57.04	1772
GCF	57.54	1771
GCF	58.29	1746
GCF	59.30	1705
GCF	60.05	1548
GCF	60.55	1552
GCF	61.06	1328
GCF	61.56	1327
GCF	62.31	1240
GCF	63.07	1071
GCF	63.57	1074
GCF	64.07	947
GCF	64.57	945
GCF	65.08	827
GCF	65.58	829
GCF	66.08	691
GCF	66.58	690
GCF	67.09	547
GCF	67.59	545
GCF	68.34	442
GCF	69.10	311
GCF	69.60	312
GCF	70.10	260
GCF	70.60	262
GCF	71.11	196
GCF	71.61	195
GCF	72.36	137
GCF	73.12	95
GCF	73.62	96
GCF	74.12	66
GCF	74.62	65
GCF	75.38	60
GCF	76.38	43
GCF	77.39	31
GCF	78.14	23
GCF	78.64	24
GCF	79.40	13
GCF	80.40	14
GCF	81.41	6
GCF	82.41	10
GCF	83.42	2
GCF	84.42	3
# GC Content of last fragments. Use `grep ^GCL | cut -f 2-` to extract this part.
GCL	1.76	0
GCL	4.52	1
GCL	7.04	0
GCL	10.05	1
GCL	12.06	0
GCL	13.07	3
GCL	14.07	2
GCL	15.08	8
GCL	16.58	11
GCL	18.09	26
GCL	19.10	34
GCL	20.10	80
GCL	21.11	121
GCL	21.86	174
GCL	22.36	175
GCL	22.86	335
GCL	23.37	337
GCL	23.87	465
GCL	24.37	464
GCL	24.87	606
GCL	25.38	605
GCL	25.88	835
GCL	26.38	836
GCL	26.88	1067
GCL	27.39	1068
GCL	27.89	1275
GCL	28.39	1276
GCL	28.89	1548
GCL	29.40	1550
GCL	29.90	1892
GCL	30.40	1893
GCL	30.90	2113
GCL	31.41	2112
GCL	31.91	2317
GCL	32.41	2323
GCL	32.91	2547
GCL	33.42	2543
GCL	33.92	2861
GCL	34.42	2865
GCL	34.92	3002
GCL	35.43	3006
GCL	35.93	3185
GCL	36.43	3188
GCL	36.93	3324
GCL	37.44	3329
GCL	37.94	3513
GCL	38.44	3510
GCL	38.94	3555
GCL	39.45	3560
GCL	39.95	3588
GCL	40.45	3585
GCL	40.95	3318
GCL	41.46	3317
GCL	41.96	3251
GCL	42.46	3254
GCL	43.22	3298
GCL	44.22	3112
GCL	44.97	3086
GCL	45.48	3083
GCL	45.98	2809
GCL	46.48	2819
GCL	46.98	2748
GCL	47.49	2743
GCL	47.99	2747
GCL	48.49	2750
GCL	48.99	2555
GCL	49.50	2558
GCL	50.00	2543
GCL	50.50	2541
GCL	51.01	2354
GCL	51.51	2348
GCL	52.01	2188
GCL	52.51	2181
GCL	53.02	2225
GCL	53.52	2226
GCL	54.02	2115
GCL	54.52	2123
GCL	55.03	2046
GCL	55.53	2044
GCL	56.03	1907
GCL	56.53	1903
GCL	57.04	1868
GCL	57.54	1867
GCL	58.04	1684
GCL	58.54	1689
GCL	59.05	1636
GCL	59.55	1635
GCL	60.05	1544
GCL	60.55	1543
GCL	61.06	1345
GCL	61.56	1347
GCL	62.06	1259
GCL	62.56	1258
GCL	63.07	1056
GCL	63.57	1058
GCL	64.07	925
GCL	64.57	926
GCL	65.08	793
GCL	65.58	791
GCL	66.08	676
GCL	66.58	678
GCL	67.09	531
GCL	67.59	530
GCL	68.34	438
GCL	69.35	324
GCL	70.35	246
GCL	71.36	214
GCL	72.36	186
GCL	73.12	124
GCL	73.62	122
GCL	74.12	100
GCL	74.62	99
GCL	75.38	59
GCL	76.38	37
GCL	77.39	39
GCL	78.39	25
GCL	79.40	17
GCL	80.40	10
GCL	81.41	9
GCL	82.41	10
GCL	83.42	3
GCL	84.42	1
GCL	85.18	3
GCL	85.68	4
GCL	86.43	1
GCL	87.44	2
GCL	88.44	1
# ACGT content per cycle. Use `grep ^GCC | cut -f 2-` to extract this part. The columns are: cycle; A,C,G,T base counts as a percentage of all A/C/G/T bases [%]; and N and O counts as a percentage of all A/C/G/T bases [%]
GCC	1	28.51	21.30	21.42	28.77	0.07	0.00
GCC	2	28.58	21.01	21.15	29.26	0.00	0.00
GCC	3	28.16	21.60	21.65	28.59	0.00	0.00
GCC	4	27.89	21.65	21.98	28.48	0.00	0.00
GCC	5	28.00	21.56	21.65	28.79	0.00	0.00
GCC	6	27.58	22.06	22.12	28.23	0.00	0.00
GCC	7	27.98	21.72	21.85	28.46	0.00	0.00
GCC	8	28.21	21.47	21.69	28.63	0.00	0.00
GCC	9	28.09	21.67	21.78	28.46	0.00	0.00
GCC	10	27.83	21.86	21.75	28.55	0.00	0.00
GCC	11	27.97	21.78	21.68	28.57	0.00	0.00
GCC	12	27.90	21.72	21.84	28.54	0.00	0.00
GCC	13	28.10	21.64	21.80	28.46	0.00	0.00
GCC	14	28.04	21.66	21.83	28.47	0.00	0.00
GCC	15	27.89	21.63	21.81	28.67	0.00	0.00
GCC	16	27.86	21.79	21.82	28.52	0.00	0.00
GCC	17	27.72	21.77	21.76	28.75	0.00	0.00
GCC	18	27.67	21.93	21.81	28.58	0.00	0.00
GCC	19	27.87	21.66	22.00	28.47	0.00	0.00
GCC	20	27.70	21.88	22.18	28.24	0.00	0.00
GCC	21	27.83	22.07	21.89	28.21	0.00	0.00
GCC	22	27.81	21.74	22.14	28.31	0.00	0.00
GCC	23	27.63	21.84	22.24	28.29	0.00	0.00
GCC	24	27.52	22.05	22.14	28.29	0.00	0.00
GCC	25	27.69	22.01	22.16	28.13	0.00	0.00
GCC	26	27.54	21.92	22.22	28.33	0.00	0.00
GCC	27	27.33	21.99	22.21	28.48	0.00	0.00
GCC	28	27.37	22.03	22.43	28.18	0.00	0.00
GCC	29	27.48	22.06	22.16	28.30	0.00	0.00
GCC	30	27.51	22.08	22.36	28.05	0.00	0.00
GCC	31	27.39	22.10	22.31	28.21	0.00	0.00
GCC	32	27.60	22.15	22.22	28.03	0.00	0.00
GCC	33	27.33	22.19	22.25	28.24	0.00	0.00
GCC	34	27.45	22.17	22.11	28.27	0.00	0.00
GCC	35	27.24	22.26	22.38	28.12	0.00	0.00
GCC	36	27.19	22.18	22.39	28.24	0.00	0.00
GCC	37	27.34	22.23	22.28	28.15	0.00	0.00
GCC	38	27.43	22.04	22.32	28.21	0.00	0.00
GCC	39	27.20	22.15	22.49	28.16	0.00	0.00
GCC	40	27.32	22.05	22.40	28.23	0.00	0.00
GCC	41	27.24	22.22	22.39	28.15	0.00	0.00
GCC	42	27.31	22.06	22.53	28.10	0.00	0.00
GCC	43	27.29	22.28	22.30	28.13	0.00	0.00
GCC	44	27.03	22.29	22.30	28.38	0.00	0.00
GCC	45	27.06	22.32	22.55	28.07	0.00	0.00
GCC	46	27.22	22.27	22.38	28.14	0.00	0.00
GCC	47	27.10	22.19	22.48	28.22	0.00	0.00
GCC	48	27.13	22.36	22.45	28.07	0.00	0.00
GCC	49	27.22	22.31	22.44	28.03	0.00	0.00
GCC	50	27.23	22.06	22.42	28.29	0.00	0.00
GCC	51	27.10	22.33	22.54	28.03	0.00	0.00
GCC	52	27.12	22.44	22.39	28.05	0.03	0.00
GCC	53	27.30	22.32	22.36	28.01	0.00	0.00
GCC	54	27.27	22.10	22.42	28.21	0.00	0.00
GCC	55	27.17	22.17	22.54	28.11	0.00	0.00
GCC	56	27.11	22.28	22.45	28.16	0.00	0.00
GCC	57	27.19	22.31	22.46	28.04	0.00	0.00
GCC	58	27.18	22.32	22.41	28.08	0.00	0.00
GCC	59	27.02	22.24	22.67	28.06	0.00	0.00
GCC	60	27.01	22.22	22.66	28.11	0.00	0.00
GCC	61	27.20	22.18	22.52	28.09	0.00	0.00
GCC	62	27.13	22.25	22.56	28.07	0.00	0.00
GCC	63	26.89	22.37	22.65	28.09	0.00	0.00
GCC	64	27.07	22.43	22.50	28.00	0.00	0.00
GCC	65	27.19	22.26	22.42	28.13	0.00	0.00
GCC	66	26.99	22.19	22.62	28.21	0.00	0.00
GCC	67	27.00	22.33	22.50	28.17	0.00	0.00
GCC	68	27.13	22.24	22.55	28.09	0.00	0.00
GCC	69	26.99	22.26	22.71	28.05	0.00	0.00
GCC	70	26.96	22.36	22.73	27.95	0.00	0.00
GCC	71	27.25	22.23	22.37	28.15	0.00	0.00
GCC	72	27.11	22.44	22.64	27.82	0.00	0.00
GCC	73	26.95	22.33	22.58	28.14	0.00	0.00
GCC	74	27.08	22.32	22.55	28.04	0.00	0.00
GCC	75	27.04	22.19	22.73	28.05	0.00	0.00
GCC	76	27.06	22.38	22.67	27.89	0.00	0.00
GCC	77	27.03	22.26	22.74	27.98	0.00	0.00
GCC	78	26.99	22.31	22.63	28.07	0.00	0.00
GCC	79	27.04	22.40	22.64	27.92	0.00	0.00
GCC	80	27.17	22.42	22.53	27.88	0.00	0.00
GCC	81	26.86	22.57	22.64	27.92	0.00	0.00
GCC	82	27.11	22.26	22.50	28.12	0.00	0.00
GCC	83	26.92	22.31	22.67	28.10	0.00	0.00
GCC	84	26.91	22.43	22.70	27.96	0.00	0.00
GCC	85	26.78	22.42	22.78	28.01	0.00	0.00
GCC	86	26.87	22.57	22.66	27.91	0.00	0.00
GCC	87	26.92	22.41	22.73	27.94	0.00	0.00
GCC	88	26.96	22.40	22.69	27.95	0.00	0.00
GCC	89	26.92	22.42	22.60	28.05	0.00	0.00
GCC	90	26.92	22.68	22.57	27.83	0.00	0.00
GCC	91	26.88	22.58	22.63	27.91	0.00	0.00
GCC	92	26.98	22.22	22.75	28.05	0.00	0.00
GCC	93	27.11	22.29	22.73	27.88	0.00	0.00
GCC	94	26.80	22.63	22.75	27.82	0.00	0.00
GCC	95	26.94	22.59	22.71	27.75	0.00	0.00
GCC	96	26.82	22.52	22.78	27.88	0.00	0.00
GCC	97	26.94	22.38	22.70	27.98	0.00	0.00
GCC	98	27.10	22.44	22.54	27.92	0.00	0.00
GCC	99	26.87	22.59	22.73	27.82	0.00	0.00
GCC	100	27.00	22.56	22.68	27.76	0.00	0.00
# ACGT content per cycle, read oriented. Use `grep ^GCT | cut -f 2-` to extract this part. The columns are: cycle; A,C,G,T base counts as a percentage of all A/C/G/T bases [%]
GCT	1	30.11	22.34	20.38	27.17
GCT	2	29.95	19.94	22.22	27.90
GCT	3	27.94	21.83	21.42	28.81
GCT	4	27.83	21.83	21.80	28.54
GCT	5	28.25	21.33	21.87	28.54
GCT	6	27.91	22.27	21.92	27.90
GCT	7	28.09	21.64	21.93	28.34
GCT	8	28.03	22.00	21.17	28.81
GCT	9	27.70	22.00	21.45	28.85
GCT	10	27.96	21.98	21.63	28.42
GCT	11	27.89	22.01	21.45	28.65
GCT	12	27.91	22.01	21.55	28.53
GCT	13	28.15	21.93	21.51	28.41
GCT	14	28.05	21.95	21.54	28.46
GCT	15	28.06	21.97	21.47	28.50
GCT	16	27.96	22.04	21.58	28.42
GCT	17	27.97	22.06	21.47	28.51
GCT	18	27.75	22.20	21.55	28.51
GCT	19	27.80	22.28	21.38	28.53
GCT	20	27.62	22.38	21.68	28.32
GCT	21	27.73	22.26	21.71	28.30
GCT	22	27.82	22.06	21.82	28.30
GCT	23	27.68	22.21	21.87	28.24
GCT	24	27.55	22.37	21.82	28.26
GCT	25	27.73	22.36	21.81	28.10
GCT	26	27.67	22.17	21.97	28.19
GCT	27	27.62	22.35	21.84	28.19
GCT	28	27.54	22.29	22.17	28.00
GCT	29	27.66	22.28	21.94	28.12
GCT	30	27.52	22.46	21.98	28.04
GCT	31	27.55	22.34	22.06	28.05
GCT	32	27.67	22.32	22.05	27.96
GCT	33	27.48	22.48	21.95	28.09
GCT	34	27.58	22.26	22.02	28.14
GCT	35	27.53	22.70	21.95	27.82
GCT	36	27.62	22.59	21.98	27.81
GCT	37	27.73	22.46	22.05	27.76
GCT	38	27.71	22.24	22.12	27.92
GCT	39	27.44	22.40	22.24	27.92
GCT	40	27.61	22.25	22.20	27.94
GCT	41	27.69	22.45	22.16	27.70
GCT	42	27.67	22.51	22.08	27.73
GCT	43	27.56	22.30	22.27	27.86
GCT	44	27.45	22.37	22.22	27.96
GCT	45	27.43	22.50	22.37	27.70
GCT	46	27.55	22.40	22.24	27.81
GCT	47	27.53	22.56	22.11	27.79
GCT	48	27.45	22.64	22.16	27.75
GCT	49	27.45	22.54	22.22	27.80
GCT	50	27.52	22.28	22.20	28.00
GCT	51	27.40	22.45	22.42	27.73
GCT	52	27.52	22.41	22.43	27.65
GCT	53	27.49	22.48	22.20	27.83
GCT	54	27.61	22.31	22.22	27.86
GCT	55	27.58	22.32	22.39	27.70
GCT	56	27.67	22.64	22.09	27.60
GCT	57	27.37	22.61	22.16	27.85
GCT	58	27.43	22.53	22.21	27.83
GCT	59	27.44	22.51	22.41	27.65
GCT	60	27.58	22.68	22.21	27.54
GCT	61	27.62	22.43	22.27	27.67
GCT	62	27.42	22.39	22.42	27.77
GCT	63	27.27	22.63	22.39	27.71
GCT	64	27.49	22.57	22.35	27.59
GCT	65	27.52	22.50	22.18	27.80
GCT	66	27.33	22.58	22.22	27.87
GCT	67	27.42	22.50	22.33	27.76
GCT	68	27.52	22.49	22.29	27.70
GCT	69	27.41	22.64	22.32	27.62
GCT	70	27.37	22.64	22.45	27.54
GCT	71	27.67	22.48	22.12	27.72
GCT	72	27.49	22.66	22.42	27.44
GCT	73	27.59	22.56	22.35	27.50
GCT	74	27.53	22.37	22.50	27.60
GCT	75	27.54	22.58	22.34	27.54
GCT	76	27.18	22.48	22.57	27.76
GCT	77	27.39	22.57	22.43	27.62
GCT	78	27.55	22.57	22.37	27.51
GCT	79	27.61	22.54	22.51	27.34
GCT	80	27.53	22.43	22.52	27.52
GCT	81	27.29	22.65	22.56	27.49
GCT	82	27.65	22.28	22.48	27.59
GCT	83	27.44	22.52	22.46	27.58
GCT	84	27.43	22.57	22.56	27.44
GCT	85	27.45	22.72	22.49	27.34
GCT	86	27.45	22.65	22.58	27.33
GCT	87	27.36	22.60	22.54	27.50
GCT	88	27.51	22.50	22.60	27.40
GCT	89	27.55	22.51	22.51	27.43
GCT	90	27.37	22.62	22.63	27.38
GCT	91	27.42	22.55	22.66	27.38
GCT	92	27.62	22.41	22.55	27.42
GCT	93	27.57	22.55	22.47	27.42
GCT	94	27.28	22.64	22.74	27.34
GCT	95	27.47	22.66	22.64	27.23
GCT	96	27.48	22.61	22.69	27.21
GCT	97	27.47	22.42	22.66	27.45
GCT	98	27.69	22.30	22.68	27.33
GCT	99	27.42	22.49	22.82	27.27
GCT	100	27.58	22.55	22.69	27.18
# ACGT content per cycle for first fragments. Use `grep ^FBC | cut -f 2-` to extract this part. The columns are: cycle; A,C,G,T base counts as a percentage of all A/C/G/T bases [%]; and N and O counts as a percentage of all A/C/G/T bases [%]
FBC	1	28.24	21.46	21.39	28.91	0.15	0.00
FBC	2	28.77	20.87	21.11	29.24	0.00	0.00
FBC	3	28.32	21.40	21.61	28.67	0.00	0.00
FBC	4	28.16	21.54	21.67	28.63	0.00	0.00
FBC	5	28.08	21.60	21.64	28.68	0.00	0.00
FBC	6	27.70	21.85	22.23	28.21	0.00	0.00
FBC	7	28.03	21.72	21.77	28.49	0.00	0.00
FBC	8	28.17	21.65	21.74	28.44	0.00	0.00
FBC	9	27.94	21.75	21.78	28.53	0.00	0.00
FBC	10	27.84	21.74	21.75	28.68	0.00	0.00
FBC	11	27.99	21.76	21.81	28.44	0.00	0.00
FBC	12	28.00	21.55	21.99	28.47	0.00	0.00
FBC	13	28.05	21.66	21.86	28.43	0.00	0.00
FBC	14	28.01	21.64	21.93	28.41	0.00	0.00
FBC	15	27.73	21.66	21.85	28.75	0.00	0.00
FBC	16	27.90	21.80	21.98	28.33	0.00	0.00
FBC	17	27.55	21.85	21.93	28.67	0.00	0.00
FBC	18	27.60	22.22	21.72	28.46	0.00	0.00
FBC	19	27.85	21.69	22.00	28.47	0.00	0.00
FBC	20	27.76	22.06	22.06	28.12	0.00	0.00
FBC	21	27.60	22.22	21.79	28.39	0.00	0.00
FBC	22	27.79	21.91	22.04	28.26	0.00	0.00
FBC	23	27.50	21.92	22.14	28.43	0.00	0.00
FBC	24	27.61	21.92	22.20	28.28	0.00	0.00
FBC	25	27.71	21.99	22.19	28.11	0.00	0.00
FBC	26	27.43	21.88	22.40	28.29	0.00	0.00
FBC	27	27.25	22.13	22.22	28.40	0.00	0.00
FBC	28	27.32	22.03	22.37	28.28	0.00	0.00
FBC	29	27.31	22.24	22.08	28.38	0.00	0.00
FBC	30	27.54	21.93	22.41	28.12	0.00	0.00
FBC	31	27.53	22.06	22.21	28.21	0.00	0.00
FBC	32	27.43	22.13	22.25	28.20	0.00	0.00
FBC	33	27.15	22.24	22.34	28.27	0.00	0.00
FBC	34	27.64	22.02	22.21	28.13	0.00	0.00
FBC	35	27.20	22.46	22.44	27.90	0.00	0.00
FBC	36	27.18	22.31	22.34	28.17	0.00	0.00
FBC	37	27.33	22.19	22.29	28.19	0.00	0.00
FBC	38	27.48	22.17	22.22	28.13	0.00	0.00
FBC	39	27.13	22.20	22.59	28.08	0.00	0.00
FBC	40	27.25	22.21	22.35	28.19	0.00	0.00
FBC	41	27.18	22.26	22.33	28.23	0.00	0.00
FBC	42	27.35	22.12	22.49	28.04	0.00	0.00
FBC	43	27.26	22.23	22.31	28.20	0.00	0.00
FBC	44	26.90	22.43	22.39	28.27	0.00	0.00
FBC	45	27.13	22.31	22.50	28.05	0.00	0.00
FBC	46	27.13	22.15	22.43	28.28	0.00	0.00
FBC	47	27.22	22.23	22.47	28.08	0.00	0.00
FBC	48	27.18	22.44	22.26	28.13	0.00	0.00
FBC	49	27.27	22.32	22.44	27.97	0.00	0.00
FBC	50	27.35	22.09	22.42	28.15	0.00	0.00
FBC	51	27.13	22.48	22.45	27.94	0.00	0.00
FBC	52	27.11	22.37	22.40	28.13	0.00	0.00
FBC	53	27.43	22.35	22.30	27.91	0.00	0.00
FBC	54	27.25	22.09	22.60	28.07	0.00	0.00
FBC	55	27.10	22.17	22.67	28.05	0.00	0.00
FBC	56	26.95	22.36	22.51	28.17	0.00	0.00
FBC	57	27.13	22.39	22.47	28.00	0.00	0.00
FBC	58	27.27	22.14	22.41	28.18	0.00	0.00
FBC	59	26.85	22.19	22.81	28.15	0.00	0.00
FBC	60	27.30	22.26	22.47	27.97	0.00	0.00
FBC	61	27.15	22.28	22.50	28.08	0.00	0.00
FBC	62	27.09	22.19	22.62	28.10	0.00	0.00
FBC	63	27.01	22.35	22.43	28.21	0.00	0.00
FBC	64	26.97	22.56	22.51	27.96	0.00	0.00
FBC	65	27.06	22.42	22.48	28.04	0.00	0.00
FBC	66	27.08	22.07	22.71	28.14	0.00	0.00
FBC	67	26.99	22.35	22.57	28.10	0.00	0.00
FBC	68	27.27	22.28	22.44	28.01	0.00	0.00
FBC	69	27.02	22.36	22.61	28.01	0.00	0.00
FBC	70	26.85	22.46	22.70	27.98	0.00	0.00
FBC	71	27.06	22.29	22.50	28.15	0.00	0.00
FBC	72	27.24	22.37	22.63	27.77	0.00	0.00
FBC	73	26.92	22.28	22.54	28.26	0.00	0.00
FBC	74	27.14	22.17	22.57	28.12	0.00	0.00
FBC	75	26.96	22.28	22.70	28.05	0.00	0.00
FBC	76	27.01	22.37	22.73	27.89	0.00	0.00
FBC	77	27.10	22.23	22.74	27.93	0.00	0.00
FBC	78	27.05	22.41	22.59	27.95	0.00	0.00
FBC	79	27.06	22.35	22.59	28.00	0.00	0.00
FBC	80	27.21	22.41	22.43	27.96	0.00	0.00
FBC	81	26.96	22.62	22.58	27.84	0.00	0.00
FBC	82	27.10	22.18	22.60	28.12	0.00	0.00
FBC	83	26.96	22.30	22.60	28.14	0.00	0.00
FBC	84	26.83	22.41	22.75	28.01	0.00	0.00
FBC	85	26.59	22.43	22.79	28.20	0.00	0.00
FBC	86	26.89	22.65	22.57	27.89	0.00	0.00
FBC	87	26.87	22.42	22.76	27.94	0.00	0.00
FBC	88	26.98	22.38	22.72	27.91	0.00	0.00
FBC	89	26.97	22.18	22.65	28.19	0.00	0.00
FBC	90	26.80	22.72	22.65	27.84	0.00	0.00
FBC	91	26.89	22.50	22.70	27.91	0.00	0.00
FBC	92	26.91	22.06	22.86	28.17	0.00	0.00
FBC	93	27.12	22.25	22.75	27.88	0.00	0.00
FBC	94	26.75	22.64	22.76	27.85	0.00	0.00
FBC	95	27.10	22.46	22.86	27.59	0.00	0.00
FBC	96	26.87	22.47	22.74	27.92	0.00	0.00
FBC	97	26.94	22.34	22.76	27.96	0.00	0.00
FBC	98	27.13	22.47	22.42	27.98	0.00	0.00
FBC	99	26.91	22.34	22.69	28.05	0.00	0.00
FBC	100	27.09	22.33	22.70	27.88	0.00	0.00
# ACGT raw counters for first fragments. Use `grep ^FTC | cut -f 2-` to extract this part. The columns are: A,C,G,T,N base counters
FTC	2614181	2120495	2139526	2696418	144
# ACGT content per cycle for last fragments. Use `grep ^LBC | cut -f 2-` to extract this part. The columns are: cycle; A,C,G,T base counts as a percentage of all A/C/G/T bases [%]; and N and O counts as a percentage of all A/C/G/T bases [%]
LBC	1	28.78	21.14	21.45	28.62	0.00	0.00
LBC	2	28.40	21.15	21.18	29.27	0.00	0.00
LBC	3	28.00	21.80	21.69	28.50	0.00	0.00
LBC	4	27.62	21.75	22.30	28.33	0.00	0.00
LBC	5	27.91	21.51	21.66	28.91	0.00	0.00
LBC	6	27.47	22.27	22.01	28.25	0.00	0.00
LBC	7	27.92	21.72	21.92	28.43	0.00	0.00
LBC	8	28.24	21.29	21.65	28.82	0.00	0.00
LBC	9	28.24	21.60	21.79	28.38	0.00	0.00
LBC	10	27.83	21.99	21.76	28.42	0.00	0.00
LBC	11	27.94	21.81	21.55	28.71	0.00	0.00
LBC	12	27.80	21.90	21.70	28.61	0.00	0.00
LBC	13	28.15	21.62	21.73	28.50	0.00	0.00
LBC	14	28.06	21.68	21.73	28.53	0.00	0.00
LBC	15	28.04	21.59	21.77	28.59	0.00	0.00
LBC	16	27.82	21.79	21.67	28.72	0.00	0.00
LBC	17	27.90	21.69	21.58	28.83	0.00	0.00
LBC	18	27.74	21.65	21.91	28.70	0.00	0.00
LBC	19	27.89	21.64	22.00	28.47	0.00	0.00
LBC	20	27.63	21.70	22.31	28.36	0.00	0.00
LBC	21	28.06	21.92	22.00	28.02	0.00	0.00
LBC	22	27.83	21.56	22.24	28.36	0.00	0.00
LBC	23	27.76	21.75	22.34	28.15	0.00	0.00
LBC	24	27.44	22.18	22.08	28.30	0.00	0.00
LBC	25	27.68	22.04	22.13	28.16	0.00	0.00
LBC	26	27.64	21.95	22.05	28.36	0.00	0.00
LBC	27	27.41	21.84	22.19	28.56	0.00	0.00
LBC	28	27.41	22.02	22.50	28.07	0.00	0.00
LBC	29	27.66	21.88	22.25	28.22	0.00	0.00
LBC	30	27.49	22.22	22.31	27.98	0.00	0.00
LBC	31	27.25	22.15	22.40	28.21	0.00	0.00
LBC	32	27.78	22.16	22.19	27.87	0.00	0.00
LBC	33	27.51	22.14	22.15	28.21	0.00	0.00
LBC	34	27.27	22.31	22.02	28.40	0.00	0.00
LBC	35	27.27	22.07	22.33	28.33	0.00	0.00
LBC	36	27.20	22.06	22.44	28.30	0.00	0.00
LBC	37	27.36	22.27	22.26	28.12	0.00	0.00
LBC	38	27.38	21.92	22.41	28.29	0.00	0.00
LBC	39	27.28	22.10	22.38	28.24	0.00	0.00
LBC	40	27.39	21.89	22.44	28.27	0.00	0.00
LBC	41	27.29	22.18	22.45	28.08	0.00	0.00
LBC	42	27.27	22.00	22.57	28.16	0.00	0.00
LBC	43	27.32	22.33	22.29	28.06	0.00	0.00
LBC	44	27.16	22.15	22.20	28.49	0.00	0.00
LBC	45	26.99	22.32	22.61	28.08	0.00	0.00
LBC	46	27.31	22.38	22.32	27.99	0.00	0.00
LBC	47	26.98	22.15	22.50	28.37	0.00	0.00
LBC	48	27.07	22.28	22.64	28.01	0.00	0.00
LBC	49	27.16	22.30	22.44	28.10	0.00	0.00
LBC	50	27.12	22.04	22.41	28.43	0.00	0.00
LBC	51	27.07	22.19	22.63	28.11	0.00	0.00
LBC	52	27.13	22.52	22.38	27.98	0.05	0.00
LBC	53	27.18	22.29	22.42	28.12	0.00	0.00
LBC	54	27.29	22.11	22.25	28.35	0.00	0.00
LBC	55	27.24	22.17	22.41	28.18	0.00	0.00
LBC	56	27.27	22.19	22.40	28.15	0.00	0.00
LBC	57	27.25	22.22	22.46	28.07	0.00	0.00
LBC	58	27.09	22.51	22.42	27.98	0.00	0.00
LBC	59	27.20	22.29	22.54	27.97	0.00	0.00
LBC	60	26.72	22.18	22.85	28.24	0.00	0.00
LBC	61	27.26	22.09	22.55	28.11	0.00	0.00
LBC	62	27.16	22.30	22.51	28.04	0.00	0.00
LBC	63	26.77	22.39	22.87	27.98	0.00	0.00
LBC	64	27.17	22.30	22.49	28.05	0.00	0.00
LBC	65	27.32	22.10	22.36	28.23	0.00	0.00
LBC	66	26.90	22.30	22.53	28.27	0.00	0.00
LBC	67	27.02	22.30	22.44	28.25	0.00	0.00
LBC	68	26.98	22.19	22.65	28.18	0.00	0.00
LBC	69	26.95	22.16	22.80	28.08	0.00	0.00
LBC	70	27.08	22.25	22.76	27.91	0.00	0.00
LBC	71	27.43	22.17	22.24	28.15	0.00	0.00
LBC	72	26.97	22.51	22.65	27.86	0.00	0.00
LBC	73	26.98	22.38	22.61	28.03	0.00	0.00
LBC	74	27.03	22.47	22.54	27.97	0.00	0.00
LBC	75	27.12	22.09	22.75	28.04	0.00	0.00
LBC	76	27.10	22.40	22.61	27.89	0.00	0.00
LBC	77	26.96	22.28	22.73	28.03	0.00	0.00
LBC	78	26.93	22.21	22.67	28.19	0.00	0.00
LBC	79	27.02	22.44	22.70	27.84	0.00	0.00
LBC	80	27.12	22.43	22.64	27.81	0.00	0.00
LBC	81	26.76	22.53	22.70	28.01	0.00	0.00
LBC	82	27.12	22.35	22.40	28.13	0.00	0.00
LBC	83	26.88	22.33	22.73	28.05	0.00	0.00
LBC	84	26.99	22.46	22.64	27.91	0.00	0.00
LBC	85	26.97	22.42	22.78	27.83	0.00	0.00
LBC	86	26.85	22.49	22.74	27.92	0.00	0.00
LBC	87	26.98	22.39	22.70	27.93	0.00	0.00
LBC	88	26.93	22.42	22.66	27.99	0.00	0.00
LBC	89	26.87	22.66	22.56	27.91	0.00	0.00
LBC	90	27.04	22.63	22.50	27.83	0.00	0.00
LBC	91	26.88	22.65	22.56	27.91	0.00	0.00
LBC	92	27.05	22.38	22.63	27.94	0.00	0.00
LBC	93	27.10	22.32	22.71	27.87	0.00	0.00
LBC	94	26.85	22.62	22.74	27.80	0.00	0.00
LBC	95	26.79	22.72	22.57	27.92	0.00	0.00
LBC	96	26.77	22.58	22.81	27.84	0.00	0.00
LBC	97	26.94	22.43	22.63	28.00	0.00	0.00
LBC	98	27.06	22.42	22.66	27.87	0.00	0.00
LBC	99	26.82	22.83	22.76	27.59	0.00	0.00
LBC	100	26.92	22.78	22.67	27.63	0.00	0.00
# ACGT raw counters for last fragments. Use `grep ^LTC | cut -f 2-` to extract this part. The columns are: A,C,G,T,N base counters
LTC	2615102	2119608	2138932	2697066	56
# Insert sizes. Use `grep ^IS | cut -f 2-` to extract this part. The columns are: insert size, pairs total, inward oriented pairs, outward oriented pairs, other pairs
IS	0	0	0	0	0
IS	1	0	0	0	0
IS	2	0	0	0	0
IS	3	0	0	0	0
IS	4	1	0	1	0
IS	5	0	0	0	0
IS	6	0	0	0	0
IS	7	0	0	0	0
IS	8	0	0	0	0
IS	9	1	0	1	0
IS	10	1	0	1	0
IS	11	0	0	0	0
IS	12	0	0	0	0
IS	13	0	0	0	0
IS	14	2	0	2	0
IS	15	0	0	0	0
IS	16	0	0	0	0
IS	17	0	0	0	0
IS	18	0	0	0	0
IS	19	5	2	3	0
IS	20	5	5	0	0
IS	21	0	0	0	0
IS	22	0	0	0	0
IS	23	1	1	0	0
IS	24	0	0	0	0
IS	25	0	0	0	0
IS	26	0	0	0	0
IS	27	0	0	0	0
IS	28	0	0	0	0
IS	29	1	0	1	0
IS	30	1	0	1	0
IS	31	0	0	0	0
IS	32	1	1	0	0
IS	33	0	0	0	0
IS	34	0	0	0	0
IS	35	2	0	1	1
IS	36	1	0	1	0
IS	37	0	0	0	0
IS	38	1	1	0	0
IS	39	1	1	0	0
IS	40	0	0	0	0
IS	41	2	0	2	0
IS	42	1	1	0	0
IS	43	2	2	0	0
IS	44	2	0	2	0
IS	45	2	1	1	0
IS	46	4	4	0	0
IS	47	1	1	0	0
IS	48	0	0	0	0
IS	49	1	0	1	0
IS	50	1	1	0	0
IS	51	2	1	1	0
IS	52	3	2	1	0
IS	53	0	0	0	0
IS	54	1	1	0	0
IS	55	4	1	3	0
IS	56	1	1	0	0
IS	57	0	0	0	0
IS	58	0	0	0	0
IS	59	1	1	0	0
IS	60	0	0	0	0
IS	61	1	0	1	0
IS	62	3	0	3	0
IS	63	0	0	0	0
IS	64	2	0	2	0
IS	65	3	1	2	0
IS	66	4	4	0	0
IS	67	0	0	0	0
IS	68	6	5	1	0
IS	69	2	1	1	0
IS	70	2	2	0	0
IS	71	1	0	1	0
IS	72	2	1	1	0
IS	73	5	3	2	0
IS	74	2	1	1	0
IS	75	4	2	2	0
IS	76	0	0	0	0
IS	77	2	1	1	0
IS	78	2	2	0	0
IS	79	7	7	0	0
IS	80	2	1	1	0
IS	81	3	3	0	0
IS	82	0	0	0	0
IS	83	2	0	2	0
IS	84	1	0	1	0
IS	85	4	4	0	0
IS	86	5	3	2	0
IS	87	7	5	2	0
IS	88	15	13	2	0
IS	89	10	10	0	0
IS	90	12	12	0	0
IS	91	22	22	0	0
IS	92	28	28	0	0
IS	93	28	28	0	0
IS	94	32	32	0	0
IS	95	32	31	1	0
IS	96	47	46	1	0
IS	97	39	39	0	0
IS	98	53	51	2	0
IS	99	58	56	2	0
IS	100	62	62	0	0
IS	101	59	59	0	0
IS	102	65	65	0	0
IS	103	75	75	0	0
IS	104	96	95	1	0
IS	105	78	78	0	0
IS	106	97	97	0	0
IS	107	88	88	0	0
IS	108	109	109	0	0
IS	109	109	109	0	0
IS	110	124	124	0	0
IS	111	124	123	1	0
IS	112	128	128	0	0
IS	113	137	137	0	0
IS	114	143	143	0	0
IS	115	168	168	0	0
IS	116	181	181	0	0
IS	117	173	173	0	0
IS	118	202	202	0	0
IS	119	221	221	0	0
IS	120	219	219	0	0
IS	121	221	221	0	0
IS	122	219	219	0	0
IS	123	242	242	0	0
IS	124	239	239	0	0
IS	125	266	266	0	0
IS	126	288	288	0	0
IS	127	303	303	0	0
IS	128	281	281	0	0
IS	129	304	304	0	0
IS	130	345	345	0	0
IS	131	321	321	0	0
IS	132	342	342	0	0
IS	133	360	360	0	0
IS	134	369	369	0	0
IS	135	350	349	1	0
IS	136	367	367	0	0
IS	137	375	374	0	1
IS	138	404	404	0	0
IS	139	420	420	0	0
IS	140	390	390	0	0
IS	141	418	418	0	0
IS	142	440	440	0	0
IS	143	404	404	0	0
IS	144	427	427	0	0
IS	145	441	441	0	0
IS	146	438	438	0	0
IS	147	448	448	0	0
IS	148	450	450	0	0
IS	149	487	487	0	0
IS	150	470	470	0	0
IS	151	473	473	0	0
IS	152	441	441	0	0
IS	153	472	472	0	0
IS	154	539	539	0	0
IS	155	525	525	0	0
IS	156	535	535	0	0
IS	157	495	495	0	0
IS	158	504	504	0	0
IS	159	530	530	0	0
IS	160	557	557	0	0
IS	161	529	529	0	0
IS	162	497	497	0	0
IS	163	575	575	0	0
IS	164	506	506	0	0
IS	165	526	526	0	0
IS	166	559	559	0	0
IS	167	538	538	0	0
IS	168	532	532	0	0
IS	169	538	538	0	0
IS	170	548	548	0	0
IS	171	592	591	1	0
IS	172	641	641	0	0
IS	173	565	565	0	0
IS	174	565	565	0	0
IS	175	564	564	0	0
IS	176	572	572	0	0
IS	177	528	528	0	0
IS	178	595	595	0	0
IS	179	518	518	0	0
IS	180	542	542	0	0
IS	181	544	544	0	0
IS	182	561	561	0	0
IS	183	552	552	0	0
IS	184	546	546	0	0
IS	185	567	567	0	0
IS	186	536	536	0	0
IS	187	579	579	0	0
IS	188	546	546	0	0
IS	189	568	568	0	0
IS	190	588	588	0	0
IS	191	541	541	0	0
IS	192	568	568	0	0
IS	193	582	582	0	0
IS	194	583	583	0	0
IS	195	490	490	0	0
IS	196	535	535	0	0
IS	197	543	543	0	0
IS	198	569	569	0	0
IS	199	561	561	0	0
IS	200	519	519	0	0
IS	201	523	523	0	0
IS	202	512	512	0	0
IS	203	514	514	0	0
IS	204	533	533	0	0
IS	205	498	498	0	0
IS	206	508	508	0	0
IS	207	526	526	0	0
IS	208	511	511	0	0
IS	209	466	465	1	0
IS	210	520	520	0	0
IS	211	493	493	0	0
IS	212	532	532	0	0
IS	213	479	478	1	0
IS	214	524	524	0	0
IS	215	492	492	0	0
IS	216	503	503	0	0
IS	217	463	463	0	0
IS	218	501	501	0	0
IS	219	503	503	0	0
IS	220	477	477	0	0
IS	221	451	451	0	0
IS	222	467	467	0	0
IS	223	459	459	0	0
IS	224	426	426	0	0
IS	225	434	433	0	1
IS	226	411	411	0	0
IS	227	427	427	0	0
IS	228	453	453	0	0
IS	229	433	433	0	0
IS	230	459	459	0	0
IS	231	436	436	0	0
IS	232	443	443	0	0
IS	233	468	468	0	0
IS	234	421	421	0	0
IS	235	414	414	0	0
IS	236	414	414	0	0
IS	237	382	382	0	0
IS	238	399	399	0	0
IS	239	434	434	0	0
IS	240	402	402	0	0
IS	241	351	351	0	0
IS	242	413	413	0	0
IS	243	392	392	0	0
IS	244	364	364	0	0
IS	245	380	380	0	0
IS	246	395	395	0	0
IS	247	396	396	0	0
IS	248	403	403	0	0
IS	249	370	370	0	0
IS	250	372	372	0	0
IS	251	389	388	0	1
IS	252	401	400	1	0
IS	253	389	389	0	0
IS	254	336	336	0	0
IS	255	353	353	0	0
IS	256	336	336	0	0
IS	257	357	357	0	0
IS	258	321	321	0	0
IS	259	352	352	0	0
IS	260	311	311	0	0
IS	261	347	347	0	0
IS	262	331	331	0	0
IS	263	328	328	0	0
IS	264	362	362	0	0
IS	265	327	327	0	0
IS	266	296	296	0	0
IS	267	302	302	0	0
IS	268	311	311	0	0
IS	269	318	318	0	0
IS	270	327	327	0	0
IS	271	283	283	0	0
IS	272	299	299	0	0
IS	273	314	314	0	0
IS	274	272	272	0	0
IS	275	286	286	0	0
IS	276	300	300	0	0
IS	277	286	286	0	0
IS	278	302	302	0	0
IS	279	277	277	0	0
IS	280	258	258	0	0
IS	281	287	287	0	0
IS	282	234	234	0	0
IS	283	279	279	0	0
IS	284	226	226	0	0
IS	285	255	255	0	0
IS	286	265	265	0	0
IS	287	288	288	0	0
IS	288	256	256	0	0
IS	289	226	226	0	0
IS	290	242	242	0	0
IS	291	219	219	0	0
IS	292	266	266	0	0
IS	293	217	217	0	0
IS	294	218	218	0	0
IS	295	281	281	0	0
IS	296	251	251	0	0
IS	297	235	235	0	0
IS	298	243	243	0	0
IS	299	267	267	0	0
IS	300	224	224	0	0
IS	301	259	259	0	0
IS	302	202	202	0	0
IS	303	205	205	0	0
IS	304	215	215	0	0
IS	305	198	198	0	0
IS	306	208	208	0	0
IS	307	221	221	0	0
IS	308	212	212	0	0
IS	309	192	192	0	0
IS	310	201	201	0	0
IS	311	201	201	0	0
IS	312	204	203	1	0
IS	313	209	209	0	0
IS	314	199	199	0	0
IS	315	211	211	0	0
IS	316	199	199	0	0
IS	317	205	205	0	0
IS	318	178	178	0	0
IS	319	172	172	0	0
IS	320	169	169	0	0
IS	321	178	178	0	0
IS	322	162	162	0	0
IS	323	200	200	0	0
IS	324	160	160	0	0
IS	325	161	161	0	0
IS	326	161	161	0	0
IS	327	163	163	0	0
IS	328	164	164	0	0
IS	329	170	170	0	0
IS	330	168	168	0	0
IS	331	160	160	0	0
IS	332	159	159	0	0
IS	333	158	158	0	0
IS	334	150	150	0	0
IS	335	152	152	0	0
IS	336	118	118	0	0
IS	337	123	123	0	0
IS	338	154	154	0	0
IS	339	111	111	0	0
IS	340	144	144	0	0
IS	341	119	119	0	0
IS	342	141	141	0	0
IS	343	123	123	0	0
IS	344	159	159	0	0
IS	345	132	132	0	0
IS	346	144	144	0	0
IS	347	138	138	0	0
IS	348	122	122	0	0
IS	349	137	137	0	0
IS	350	108	108	0	0
IS	351	130	130	0	0
IS	352	111	111	0	0
IS	353	139	139	0	0
IS	354	121	121	0	0
IS	355	110	110	0	0
IS	356	129	129	0	0
IS	357	109	109	0	0
IS	358	124	124	0	0
IS	359	114	114	0	0
IS	360	124	124	0	0
IS	361	123	123	0	0
IS	362	98	98	0	0
IS	363	102	102	0	0
IS	364	102	102	0	0
IS	365	111	111	0	0
IS	366	101	101	0	0
IS	367	94	94	0	0
IS	368	98	98	0	0
IS	369	98	98	0	0
IS	370	83	83	0	0
IS	371	97	97	0	0
IS	372	81	81	0	0
IS	373	90	90	0	0
IS	374	84	84	0	0
IS	375	86	86	0	0
IS	376	86	86	0	0
IS	377	100	100	0	0
IS	378	76	76	0	0
IS	379	80	80	0	0
IS	380	86	86	0	0
IS	381	80	80	0	0
IS	382	73	73	0	0
IS	383	89	89	0	0
IS	384	71	71	0	0
IS	385	72	72	0	0
IS	386	70	70	0	0
IS	387	79	79	0	0
IS	388	77	77	0	0
IS	389	79	79	0	0
IS	390	70	70	0	0
IS	391	62	62	0	0
IS	392	62	62	0	0
IS	393	74	74	0	0
IS	394	71	71	0	0
IS	395	73	73	0	0
IS	396	55	55	0	0
IS	397	65	65	0	0
IS	398	70	70	0	0
IS	399	47	47	0	0
IS	400	55	55	0	0
IS	401	60	60	0	0
IS	402	54	54	0	0
IS	403	46	46	0	0
IS	404	52	52	0	0
IS	405	60	60	0	0
IS	406	44	44	0	0
IS	407	41	41	0	0
IS	408	48	48	0	0
IS	409	51	51	0	0
IS	410	53	53	0	0
IS	411	52	52	0	0
IS	412	56	56	0	0
IS	413	58	58	0	0
IS	414	43	43	0	0
IS	415	41	41	0	0
IS	416	48	48	0	0
IS	417	60	60	0	0
IS	418	40	40	0	0
IS	419	38	38	0	0
IS	420	48	48	0	0
IS	421	51	51	0	0
IS	422	37	37	0	0
IS	423	48	48	0	0
IS	424	42	42	0	0
IS	425	42	42	0	0
IS	426	40	40	0	0
IS	427	31	31	0	0
IS	428	41	41	0	0
IS	429	45	45	0	0
IS	430	34	34	0	0
IS	431	41	41	0	0
IS	432	36	36	0	0
IS	433	28	28	0	0
IS	434	35	35	0	0
IS	435	36	36	0	0
IS	436	24	24	0	0
IS	437	33	33	0	0
IS	438	27	27	0	0
IS	439	25	25	0	0
IS	440	37	37	0	0
IS	441	34	34	0	0
IS	442	32	32	0	0
IS	443	20	20	0	0
IS	444	36	36	0	0
IS	445	30	30	0	0
IS	446	20	20	0	0
IS	447	26	26	0	0
IS	448	31	31	0	0
IS	449	30	30	0	0
IS	450	27	27	0	0
IS	451	21	21	0	0
IS	452	26	26	0	0
IS	453	32	32	0	0
IS	454	23	23	0	0
IS	455	30	30	0	0
IS	456	26	26	0	0
IS	457	28	28	0	0
IS	458	31	31	0	0
IS	459	27	27	0	0
IS	460	21	20	1	0
IS	461	17	17	0	0
IS	462	18	18	0	0
IS	463	18	18	0	0
IS	464	27	27	0	0
IS	465	25	25	0	0
IS	466	25	25	0	0
IS	467	20	20	0	0
IS	468	22	22	0	0
IS	469	18	18	0	0
IS	470	18	18	0	0
IS	471	19	19	0	0
IS	472	26	26	0	0
IS	473	19	19	0	0
IS	474	21	21	0	0
IS	475	22	22	0	0
IS	476	29	29	0	0
IS	477	21	21	0	0
IS	478	17	17	0	0
IS	479	14	14	0	0
IS	480	16	16	0	0
IS	481	14	14	0	0
IS	482	23	23	0	0
# Read lengths. Use `grep ^RL | cut -f 2-` to extract this part. The columns are: read length, count
RL	31	14
RL	32	18
RL	33	22
RL	34	8
RL	35	8
RL	36	2
RL	37	12
RL	38	14
RL	39	6
RL	40	4
RL	41	6
RL	42	6
RL	43	6
RL	44	10
RL	45	6
RL	46	4
RL	47	6
RL	48	6
RL	49	2
RL	50	4
RL	52	4
RL	53	6
RL	54	4
RL	55	10
RL	56	2
RL	57	10
RL	60	4
RL	61	10
RL	62	2
RL	63	2
RL	64	4
RL	65	2
RL	66	4
RL	67	4
RL	68	4
RL	69	4
RL	70	6
RL	74	4
RL	75	4
RL	76	2
RL	77	4
RL	79	4
RL	80	8
RL	82	2
RL	83	8
RL	84	4
RL	85	2
RL	86	6
RL	87	8
RL	88	32
RL	89	16
RL	90	26
RL	91	40
RL	92	58
RL	93	52
RL	94	68
RL	95	60
RL	96	94
RL	97	72
RL	98	106
RL	99	118
RL	100	190552
# Read lengths - first fragments. Use `grep ^FRL | cut -f 2-` to extract this part. The columns are: read length, count
FRL	31	7
FRL	32	9
FRL	33	11
FRL	34	4
FRL	35	4
FRL	36	1
FRL	37	6
FRL	38	7
FRL	39	3
FRL	40	2
FRL	41	3
FRL	42	3
FRL	43	3
FRL	44	5
FRL	45	3
FRL	46	2
FRL	47	3
FRL	48	3
FRL	49	1
FRL	50	2
FRL	52	2
FRL	53	3
FRL	54	2
FRL	55	5
FRL	56	1
FRL	57	5
FRL	60	2
FRL	61	5
FRL	62	1
FRL	63	1
FRL	64	2
FRL	65	1
FRL	66	2
FRL	67	2
FRL	68	2
FRL	69	2
FRL	70	3
FRL	74	2
FRL	75	2
FRL	76	1
FRL	77	2
FRL	79	2
FRL	80	4
FRL	82	1
FRL	83	4
FRL	84	2
FRL	85	1
FRL	86	3
FRL	87	4
FRL	88	16
FRL	89	8
FRL	90	13
FRL	91	20
FRL	92	29
FRL	93	26
FRL	94	34
FRL	95	30
FRL	96	47
FRL	97	36
FRL	98	53
FRL	99	59
FRL	100	95276
# Read lengths - last fragments. Use `grep ^LRL | cut -f 2-` to extract this part. The columns are: read length, count
LRL	31	7
LRL	32	9
LRL	33	11
LRL	34	4
LRL	35	4
LRL	36	1
LRL	37	6
LRL	38	7
LRL	39	3
LRL	40	2
LRL	41	3
LRL	42	3
LRL	43	3
LRL	44	5
LRL	45	3
LRL	46	2
LRL	47	3
LRL	48	3
LRL	49	1
LRL	50	2
LRL	52	2
LRL	53	3
LRL	54	2
LRL	55	5
LRL	56	1
LRL	57	5
LRL	60	2
LRL	61	5
LRL	62	1
LRL	63	1
LRL	64	2
LRL	65	1
LRL	66	2
LRL	67	2
LRL	68	2
LRL	69	2
LRL	70	3
LRL	74	2
LRL	75	2
LRL	76	1
LRL	77	2
LRL	79	2
LRL	80	4
LRL	82	1
LRL	83	4
LRL	84	2
LRL	85	1
LRL	86	3
LRL	87	4
LRL	88	16
LRL	89	8
LRL	90	13
LRL	91	20
LRL	92	29
LRL	93	26
LRL	94	34
LRL	95	30
LRL	96	47
LRL	97	36
LRL	98	53
LRL	99	59
LRL	100	95276
# Mapping qualities for reads !(UNMAP|SECOND|SUPPL|QCFAIL|DUP). Use `grep ^MAPQ | cut -f 2-` to extract this part. The columns are: mapq, count
MAPQ	0	16666
MAPQ	1	88
MAPQ	2	42
MAPQ	3	107
MAPQ	4	59
MAPQ	5	47
MAPQ	6	52
MAPQ	7	90
MAPQ	8	61
MAPQ	9	143
MAPQ	10	61
MAPQ	11	42
MAPQ	12	58
MAPQ	13	59
MAPQ	14	28
MAPQ	15	114
MAPQ	16	46
MAPQ	17	43
MAPQ	18	55
MAPQ	19	72
MAPQ	20	93
MAPQ	21	145
MAPQ	22	225
MAPQ	23	201
MAPQ	24	305
MAPQ	25	597
MAPQ	26	37
MAPQ	27	1404
MAPQ	28	22
MAPQ	29	22
MAPQ	30	53
MAPQ	31	59
MAPQ	32	24
MAPQ	33	103
MAPQ	34	22
MAPQ	35	30
MAPQ	36	36
MAPQ	37	69
MAPQ	38	28
MAPQ	39	116
MAPQ	40	1791
MAPQ	41	44
MAPQ	42	102
MAPQ	43	97
MAPQ	44	103
MAPQ	45	211
MAPQ	46	124
MAPQ	47	277
MAPQ	48	323
MAPQ	49	309
MAPQ	50	1170
MAPQ	51	61
MAPQ	52	133
MAPQ	53	46
MAPQ	54	68
MAPQ	55	176
MAPQ	56	13
MAPQ	57	198
MAPQ	58	22
MAPQ	59	34
MAPQ	60	164662
# Indel distribution. Use `grep ^ID | cut -f 2-` to extract this part. The columns are: length, number of insertions, number of deletions
ID	1	638	876
ID	2	142	205
ID	3	53	92
ID	4	70	86
ID	5	99	48
ID	6	10	20
ID	7	4	8
ID	8	13	12
ID	9	5	8
ID	10	15	13
ID	11	3	4
ID	12	4	3
ID	13	1	2
ID	14	3	4
ID	15	1	5
ID	16	1	3
ID	17	0	1
ID	18	0	2
ID	19	0	1
ID	20	1	1
ID	21	1	1
ID	22	0	1
ID	24	0	1
# Indels per cycle. Use `grep ^IC | cut -f 2-` to extract this part. The columns are: cycle, number of insertions (fwd), .. (rev) , number of deletions (fwd), .. (rev)
IC	3	0	0	1	4
IC	4	5	2	1	5
IC	5	4	2	5	6
IC	6	6	4	4	4
IC	7	5	2	4	4
IC	8	3	4	4	7
IC	9	4	1	8	2
IC	10	4	2	6	2
IC	11	2	9	10	4
IC	12	3	6	5	8
IC	13	5	5	6	5
IC	14	5	1	4	8
IC	15	6	6	6	11
IC	16	5	6	13	5
IC	17	3	6	6	8
IC	18	7	7	13	7
IC	19	8	3	8	12
IC	20	5	6	12	6
IC	21	6	3	5	6
IC	22	5	9	6	4
IC	23	8	6	14	7
IC	24	8	6	12	7
IC	25	2	2	6	7
IC	26	11	8	10	10
IC	27	8	3	7	9
IC	28	8	7	14	4
IC	29	7	1	7	9
IC	30	8	5	11	8
IC	31	7	4	9	13
IC	32	8	6	7	6
IC	33	7	9	6	8
IC	34	6	7	7	8
IC	35	12	5	4	7
IC	36	10	7	2	3
IC	37	7	6	13	5
IC	38	3	7	16	5
IC	39	10	4	12	6
IC	40	5	6	4	5
IC	41	10	9	8	10
IC	42	6	6	11	16
IC	43	2	8	9	11
IC	44	3	6	8	4
IC	45	8	4	8	12
IC	46	10	6	6	8
IC	47	6	6	10	7
IC	48	8	11	7	11
IC	49	6	4	5	9
IC	50	5	11	14	8
IC	51	7	6	4	5
IC	52	9	4	12	6
IC	53	10	9	6	8
IC	54	7	8	11	10
IC	55	1	5	3	11
IC	56	8	4	8	5
IC	57	6	10	9	4
IC	58	3	5	8	7
IC	59	8	5	8	9
IC	60	7	6	11	7
IC	61	4	8	7	12
IC	62	4	5	5	5
IC	63	7	9	7	5
IC	64	9	12	7	11
IC	65	3	3	11	13
IC	66	11	7	8	4
IC	67	4	8	13	3
IC	68	8	6	6	11
IC	69	8	4	20	11
IC	70	5	7	5	9
IC	71	3	6	5	11
IC	72	6	1	8	8
IC	73	3	4	11	10
IC	74	4	5	4	14
IC	75	6	7	10	11
IC	76	9	4	10	4
IC	77	8	9	9	8
IC	78	6	8	8	10
IC	79	3	3	16	8
IC	80	5	9	6	5
IC	81	6	5	3	9
IC	82	8	7	7	8
IC	83	11	3	3	3
IC	84	8	3	5	8
IC	85	2	5	7	9
IC	86	2	5	6	2
IC	87	6	6	3	8
IC	88	5	8	6	8
IC	89	3	2	6	5
IC	90	5	2	1	3
IC	91	5	6	3	1
IC	92	6	3	8	8
IC	93	4	2	9	3
IC	94	2	1	6	4
IC	95	3	3	4	8
IC	96	2	4	5	7
IC	97	2	6	3	2
# Coverage distribution. Use `grep ^COV | cut -f 2-` to extract this part.
COV	[1-1]	1	14055427
COV	[2-2]	2	2103479
COV	[3-3]	3	200544
COV	[4-4]	4	36411
COV	[5-5]	5	7256
COV	[6-6]	6	2246
COV	[7-7]	7	734
COV	[8-8]	8	457
COV	[9-9]	9	351
COV	[10-10]	10	197
COV	[11-11]	11	112
COV	[12-12]	12	92
COV	[13-13]	13	71
COV	[14-14]	14	34
COV	[15-15]	15	41
COV	[16-16]	16	68
COV	[17-17]	17	76
COV	[18-18]	18	66
COV	[19-19]	19	40
COV	[20-20]	20	49
COV	[21-21]	21	38
COV	[22-22]	22	4
COV	[23-23]	23	12
COV	[24-24]	24	9
COV	[25-25]	25	5
COV	[26-26]	26	11
COV	[27-27]	27	20
COV	[28-28]	28	15
COV	[29-29]	29	19
COV	[30-30]	30	5
# GC-depth. Use `grep ^GCD | cut -f 2-` to extract this part. The columns are: GC%, unique sequence percentiles, 10th, 25th, 50th, 75th and 90th depth percentile
GCD	0.0	0.172	0.005	0.005	0.005	0.005	0.005
GCD	2.3	0.174	0.020	0.020	0.020	0.020	0.020
GCD	7.0	0.177	0.010	0.010	0.010	0.010	0.010
GCD	13.0	0.179	0.005	0.005	0.005	0.005	0.005
GCD	14.0	0.181	0.015	0.015	0.015	0.015	0.015
GCD	16.0	0.192	0.005	0.007	0.010	0.015	0.020
GCD	17.0	0.208	0.010	0.010	0.010	0.010	0.015
GCD	18.0	0.220	0.010	0.010	0.010	0.012	0.015
GCD	19.0	0.251	0.010	0.010	0.010	0.010	0.012
GCD	20.0	0.287	0.010	0.010	0.010	0.015	0.033
GCD	21.0	0.310	0.010	0.010	0.015	0.015	0.019
GCD	22.0	0.426	0.010	0.010	0.010	0.010	0.015
GCD	23.0	0.493	0.010	0.010	0.010	0.010	0.020
GCD	24.0	0.600	0.010	0.010	0.010	0.010	0.015
GCD	25.0	0.960	0.010	0.010	0.010	0.010	0.010
GCD	26.0	1.315	0.010	0.010	0.010	0.010	0.020
GCD	27.0	1.727	0.010	0.010	0.010	0.010	0.020
GCD	28.0	2.632	0.010	0.010	0.010	0.010	0.020
GCD	29.0	3.382	0.010	0.010	0.010	0.020	0.024
GCD	30.0	4.649	0.010	0.010	0.010	0.020	0.030
GCD	31.0	7.028	0.010	0.010	0.010	0.020	0.020
GCD	32.0	9.255	0.010	0.010	0.010	0.020	0.030
GCD	33.0	11.634	0.010	0.010	0.020	0.030	0.040
GCD	34.0	15.258	0.010	0.010	0.010	0.020	0.040
GCD	35.0	18.296	0.010	0.010	0.020	0.030	0.040
GCD	36.0	22.162	0.010	0.010	0.015	0.030	0.040
GCD	37.0	26.410	0.010	0.010	0.020	0.030	0.045
GCD	38.0	32.617	0.010	0.010	0.010	0.020	0.040
GCD	39.0	37.193	0.010	0.010	0.020	0.030	0.040
GCD	40.0	41.252	0.010	0.010	0.020	0.030	0.050
GCD	41.0	46.197	0.010	0.010	0.015	0.030	0.040
GCD	42.0	49.989	0.010	0.010	0.020	0.030	0.050
GCD	43.0	54.013	0.010	0.010	0.020	0.030	0.040
GCD	44.0	58.873	0.010	0.010	0.010	0.020	0.040
GCD	45.0	62.365	0.010	0.010	0.020	0.030	0.045
GCD	46.0	65.416	0.010	0.010	0.020	0.030	0.050
GCD	47.0	69.072	0.010	0.010	0.010	0.025	0.040
GCD	48.0	71.788	0.010	0.010	0.020	0.030	0.050
GCD	49.0	74.387	0.010	0.010	0.020	0.030	0.050
GCD	50.0	77.641	0.010	0.010	0.010	0.020	0.040
GCD	51.0	80.124	0.010	0.010	0.020	0.030	0.040
GCD	52.0	82.442	0.010	0.010	0.020	0.030	0.050
GCD	53.0	84.466	0.010	0.010	0.020	0.030	0.050
GCD	54.0	86.240	0.010	0.010	0.020	0.030	0.050
GCD	55.0	87.931	0.010	0.010	0.020	0.030	0.050
GCD	56.0	90.059	0.010	0.010	0.020	0.030	0.050
GCD	57.0	91.580	0.010	0.010	0.020	0.030	0.060
GCD	58.0	92.943	0.010	0.010	0.020	0.030	0.050
GCD	59.0	94.140	0.010	0.010	0.020	0.035	0.050
GCD	60.0	95.233	0.010	0.010	0.020	0.040	0.053
GCD	61.0	96.229	0.010	0.010	0.020	0.030	0.050
GCD	62.0	97.347	0.010	0.010	0.020	0.030	0.040
GCD	63.0	98.076	0.010	0.010	0.020	0.030	0.045
GCD	64.0	98.576	0.010	0.010	0.020	0.030	0.040
GCD	65.0	98.920	0.010	0.010	0.020	0.030	0.050
GCD	66.0	99.235	0.010	0.010	0.020	0.030	0.040
GCD	67.0	99.466	0.010	0.010	0.020	0.020	0.030
GCD	68.0	99.640	0.010	0.010	0.010	0.020	0.020
GCD	69.0	99.778	0.010	0.010	0.010	0.015	0.020
GCD	70.0	99.846	0.010	0.010	0.010	0.010	0.029
GCD	71.0	99.880	0.008	0.010	0.010	0.020	0.042
GCD	72.0	99.919	0.009	0.010	0.010	0.010	0.022
GCD	73.0	99.955	0.010	0.010	0.010	0.010	0.010
GCD	74.0	99.964	0.010	0.010	0.010	0.010	0.010
GCD	75.0	99.980	0.010	0.010	0.010	0.010	0.010
GCD	76.0	99.989	0.010	0.010	0.010	0.017	0.020
GCD	77.0	99.993	0.010	0.010	0.010	0.010	0.010
GCD	78.0	99.995	0.010	0.010	0.010	0.010	0.010
GCD	81.0	100.000	0.010	0.010	0.010	0.010	0.010
