chr1	248956422	6035687	17
chr10	133797422	2425442	4
chr11	135086622	2677014	13
chr11_KI270721v1_random	100316	587	0
chr12	133275309	2573132	7
chr13	114364328	1080313	4
chr14	107043718	1622841	3
chr14_GL000009v2_random	201709	841	0
chr14_GL000225v1_random	211173	1802	2
chr14_KI270722v1_random	194050	125	0
chr14_GL000194v1_random	191469	1310	0
chr14_KI270723v1_random	38115	161	0
chr14_KI270724v1_random	39555	305	0
chr14_KI270725v1_random	172810	1575	0
chr14_KI270726v1_random	43739	604	0
chr15	101991189	1807358	3
chr15_KI270727v1_random	448248	8858	0
chr16	90338345	1880640	2
chr16_KI270728v1_random	1872759	20342	0
chr17	83257441	2632494	12
chr17_GL000205v2_random	185591	1788	0
chr17_KI270729v1_random	280839	1591	1
chr17_KI270730v1_random	112551	268	3
chr18	80373285	853269	1
chr19	58617616	2019657	88
chr1_KI270706v1_random	175055	1014	0
chr1_KI270707v1_random	32032	12	0
chr1_KI270708v1_random	127682	484	0
chr1_KI270709v1_random	66860	550	0
chr1_KI270710v1_random	40176	12	0
chr1_KI270711v1_random	42210	10814	0
chr1_KI270712v1_random	176043	1785	0
chr1_KI270713v1_random	40745	3996	0
chr1_KI270714v1_random	41717	1491	0
chr2	242193529	4924101	10
chr20	64444167	1098604	3
chr21	46709983	555037	2
chr22	50818468	1008156	5
chr22_KI270731v1_random	150754	6327	0
chr22_KI270732v1_random	41543	70	0
chr22_KI270733v1_random	179772	1807	0
chr22_KI270734v1_random	165050	7786	0
chr22_KI270735v1_random	42811	162	1
chr22_KI270736v1_random	181920	572	5
chr22_KI270737v1_random	103838	129	0
chr22_KI270738v1_random	99375	137	0
chr22_KI270739v1_random	73985	10	0
chr2_KI270715v1_random	161471	38	0
chr2_KI270716v1_random	153799	42	0
chr3	198295559	3229645	8
chr3_GL000221v1_random	155397	746	0
chr4	190214555	2408229	8
chr4_GL000008v2_random	209709	948	0
chr5	181538259	2702657	9
chr5_GL000208v1_random	92689	28	0
chr6	170805979	2356242	9
chr7	159345973	2748254	16
chr8	145138636	1628741	5
chr9	138394717	2241680	4
chr9_KI270717v1_random	40062	388	0
chr9_KI270718v1_random	38054	1845	0
chr9_KI270719v1_random	176845	1719	0
chr9_KI270720v1_random	39050	2564	0
chr1_KI270762v1_alt	354444	5269	0
chr1_KI270766v1_alt	256271	24773	0
chr1_KI270760v1_alt	109528	117	0
chr1_KI270765v1_alt	185285	1994	0
chr1_GL383518v1_alt	182439	5904	0
chr1_GL383519v1_alt	110268	10054	0
chr1_GL383520v2_alt	366580	2801	0
chr1_KI270764v1_alt	50258	30	0
chr1_KI270763v1_alt	911658	14929	0
chr1_KI270759v1_alt	425601	2572	0
chr1_KI270761v1_alt	165834	10090	0
chr2_KI270770v1_alt	136240	129	0
chr2_KI270773v1_alt	70887	562	0
chr2_KI270774v1_alt	223625	1611	0
chr2_KI270769v1_alt	120616	2428	0
chr2_GL383521v1_alt	143390	156	0
chr2_KI270772v1_alt	133041	607	0
chr2_KI270775v1_alt	138019	68	0
chr2_KI270771v1_alt	110395	34	0
chr2_KI270768v1_alt	110099	1442	0
chr2_GL582966v2_alt	96131	2883	0
chr2_GL383522v1_alt	123821	4370	0
chr2_KI270776v1_alt	174166	1517	0
chr2_KI270767v1_alt	161578	480	0
chr3_JH636055v2_alt	173151	2753	0
chr3_KI270783v1_alt	109187	46	0
chr3_KI270780v1_alt	224108	585	0
chr3_GL383526v1_alt	180671	1107	0
chr3_KI270777v1_alt	173649	2610	0
chr3_KI270778v1_alt	248252	90	0
chr3_KI270781v1_alt	113034	78	0
chr3_KI270779v1_alt	205312	12091	0
chr3_KI270782v1_alt	162429	772	0
chr3_KI270784v1_alt	184404	3753	0
chr4_KI270790v1_alt	220246	124	0
chr4_GL383528v1_alt	376187	138	0
chr4_KI270787v1_alt	111943	62	0
chr4_GL000257v2_alt	586476	15287	0
chr4_KI270788v1_alt	158965	75	0
chr4_GL383527v1_alt	164536	2946	0
chr4_KI270785v1_alt	119912	63	0
chr4_KI270789v1_alt	205944	421	0
chr4_KI270786v1_alt	244096	74	0
chr5_KI270793v1_alt	126136	501	0
chr5_KI270792v1_alt	179043	2306	0
chr5_KI270791v1_alt	195710	3689	0
chr5_GL383532v1_alt	82728	34	0
chr5_GL949742v1_alt	226852	104	0
chr5_KI270794v1_alt	164558	1141	0
chr5_GL339449v2_alt	1612928	55728	0
chr5_GL383530v1_alt	101241	32	0
chr5_KI270796v1_alt	172708	91	0
chr5_GL383531v1_alt	173459	74	0
chr5_KI270795v1_alt	131892	3302	0
chr6_GL000250v2_alt	4672374	17031	0
chr6_KI270800v1_alt	175808	1052	0
chr6_KI270799v1_alt	152148	44	0
chr6_GL383533v1_alt	124736	446	0
chr6_KI270801v1_alt	870480	6064	0
chr6_KI270802v1_alt	75005	89	0
chr6_KB021644v2_alt	185823	167	0
chr6_KI270797v1_alt	197536	2594	0
chr6_KI270798v1_alt	271782	2236	0
chr7_KI270804v1_alt	157952	265	0
chr7_KI270809v1_alt	209586	4963	0
chr7_KI270806v1_alt	158166	3787	0
chr7_GL383534v2_alt	119183	2562	0
chr7_KI270803v1_alt	1111570	19799	0
chr7_KI270808v1_alt	271455	863	0
chr7_KI270807v1_alt	126434	214	0
chr7_KI270805v1_alt	209988	248	0
chr8_KI270818v1_alt	145606	189	0
chr8_KI270812v1_alt	282736	307	0
chr8_KI270811v1_alt	292436	363	0
chr8_KI270821v1_alt	985506	8374	0
chr8_KI270813v1_alt	300230	23356	0
chr8_KI270822v1_alt	624492	8192	0
chr8_KI270814v1_alt	141812	218	0
chr8_KI270810v1_alt	374415	183	0
chr8_KI270819v1_alt	133535	1233	0
chr8_KI270820v1_alt	36640	167	0
chr8_KI270817v1_alt	158983	812	0
chr8_KI270816v1_alt	305841	7983	0
chr8_KI270815v1_alt	132244	1041	0
chr9_GL383539v1_alt	162988	786	0
chr9_GL383540v1_alt	71551	996	0
chr9_GL383541v1_alt	171286	950	0
chr9_GL383542v1_alt	60032	477	0
chr9_KI270823v1_alt	439082	1486	0
chr10_GL383545v1_alt	179254	1436	0
chr10_KI270824v1_alt	181496	823	0
chr10_GL383546v1_alt	309802	3046	0
chr10_KI270825v1_alt	188315	3152	0
chr11_KI270832v1_alt	210133	5628	0
chr11_KI270830v1_alt	177092	1158	0
chr11_KI270831v1_alt	296895	4579	0
chr11_KI270829v1_alt	204059	2443	0
chr11_GL383547v1_alt	154407	61	0
chr11_JH159136v1_alt	200998	6648	0
chr11_JH159137v1_alt	191409	1792	0
chr11_KI270827v1_alt	67707	84	0
chr11_KI270826v1_alt	186169	235	0
chr12_GL877875v1_alt	167313	2202	0
chr12_GL877876v1_alt	408271	6409	0
chr12_KI270837v1_alt	40090	1009	0
chr12_GL383549v1_alt	120804	74	0
chr12_KI270835v1_alt	238139	928	0
chr12_GL383550v2_alt	169178	802	0
chr12_GL383552v1_alt	138655	623	0
chr12_GL383553v2_alt	152874	1717	0
chr12_KI270834v1_alt	119498	6044	1
chr12_GL383551v1_alt	184319	153	0
chr12_KI270833v1_alt	76061	2174	0
chr12_KI270836v1_alt	56134	62	0
chr13_KI270840v1_alt	191684	853	0
chr13_KI270839v1_alt	180306	648	0
chr13_KI270843v1_alt	103832	38	0
chr13_KI270841v1_alt	169134	56	0
chr13_KI270838v1_alt	306913	1798	0
chr13_KI270842v1_alt	37287	47	0
chr14_KI270844v1_alt	322166	4600	0
chr14_KI270847v1_alt	1511111	22132	0
chr14_KI270845v1_alt	180703	627	0
chr14_KI270846v1_alt	1351393	29655	3
chr15_KI270852v1_alt	478999	9260	0
chr15_KI270851v1_alt	263054	7494	0
chr15_KI270848v1_alt	327382	5198	0
chr15_GL383554v1_alt	296527	3098	0
chr15_KI270849v1_alt	244917	3538	0
chr15_GL383555v2_alt	388773	1983	0
chr15_KI270850v1_alt	430880	4312	0
chr16_KI270854v1_alt	134193	1785	0
chr16_KI270856v1_alt	63982	149	0
chr16_KI270855v1_alt	232857	4558	0
chr16_KI270853v1_alt	2659700	99797	0
chr16_GL383556v1_alt	192462	6146	0
chr16_GL383557v1_alt	89672	1495	0
chr17_GL383563v3_alt	375691	1113	0
chr17_KI270862v1_alt	391357	3262	0
chr17_KI270861v1_alt	196688	8512	0
chr17_KI270857v1_alt	2877074	56643	0
chr17_JH159146v1_alt	278131	9771	0
chr17_JH159147v1_alt	70345	5364	0
chr17_GL383564v2_alt	133151	4337	0
chr17_GL000258v2_alt	1821992	21892	0
chr17_GL383565v1_alt	223995	91	0
chr17_KI270858v1_alt	235827	132	0
chr17_KI270859v1_alt	108763	140	0
chr17_GL383566v1_alt	90219	119	0
chr17_KI270860v1_alt	178921	2017	0
chr18_KI270864v1_alt	111737	52	0
chr18_GL383567v1_alt	289831	1021	0
chr18_GL383570v1_alt	164789	87	0
chr18_GL383571v1_alt	198278	1778	0
chr18_GL383568v1_alt	104552	59	0
chr18_GL383569v1_alt	167950	135	0
chr18_GL383572v1_alt	159547	351	0
chr18_KI270863v1_alt	167999	1005	0
chr19_KI270868v1_alt	61734	683	0
chr19_KI270865v1_alt	52969	785	0
chr19_GL383573v1_alt	385657	1579	0
chr19_GL383575v2_alt	170222	1161	0
chr19_GL383576v1_alt	188024	1223	0
chr19_GL383574v1_alt	155864	1549	0
chr19_KI270866v1_alt	43156	993	0
chr19_KI270867v1_alt	233762	2277	0
chr19_GL949746v1_alt	987716	10177	0
chr20_GL383577v2_alt	128386	139	0
chr20_KI270869v1_alt	118774	2054	0
chr20_KI270871v1_alt	58661	795	0
chr20_KI270870v1_alt	183433	3168	0
chr21_GL383578v2_alt	63917	34	0
chr21_KI270874v1_alt	166743	76	0
chr21_KI270873v1_alt	143900	337	0
chr21_GL383579v2_alt	201197	79	0
chr21_GL383580v2_alt	74653	1042	0
chr21_GL383581v2_alt	116689	3513	0
chr21_KI270872v1_alt	82692	1305	0
chr22_KI270875v1_alt	259914	4329	0
chr22_KI270878v1_alt	186262	1237	0
chr22_KI270879v1_alt	304135	16950	0
chr22_KI270876v1_alt	263666	2170	0
chr22_KI270877v1_alt	101331	1050	0
chr22_GL383583v2_alt	96924	973	0
chr22_GL383582v2_alt	162811	4163	0
chrX_KI270880v1_alt	284869	468	1
chrX_KI270881v1_alt	144206	757	0
chr19_KI270882v1_alt	248807	918	0
chr19_KI270883v1_alt	170399	579	0
chr19_KI270884v1_alt	157053	297	0
chr19_KI270885v1_alt	171027	339	0
chr19_KI270886v1_alt	204239	548	0
chr19_KI270887v1_alt	209512	612	0
chr19_KI270888v1_alt	155532	347	0
chr19_KI270889v1_alt	170698	285	0
chr19_KI270890v1_alt	184499	633	0
chr19_KI270891v1_alt	170680	300	0
chr1_KI270892v1_alt	162212	10062	0
chr2_KI270894v1_alt	214158	3075	0
chr2_KI270893v1_alt	161218	462	0
chr3_KI270895v1_alt	162896	3900	0
chr4_KI270896v1_alt	378547	4390	0
chr5_KI270897v1_alt	1144418	33374	0
chr5_KI270898v1_alt	130957	3287	0
chr6_GL000251v2_alt	4795265	44863	0
chr7_KI270899v1_alt	190869	2760	0
chr8_KI270901v1_alt	136959	202	0
chr8_KI270900v1_alt	318687	729	0
chr11_KI270902v1_alt	106711	11092	0
chr11_KI270903v1_alt	214625	1698	0
chr12_KI270904v1_alt	572349	8104	0
chr15_KI270906v1_alt	196384	1589	0
chr15_KI270905v1_alt	5161414	69402	0
chr17_KI270907v1_alt	137721	212	0
chr17_KI270910v1_alt	157099	1808	0
chr17_KI270909v1_alt	325800	6385	0
chr17_JH159148v1_alt	88070	1851	0
chr17_KI270908v1_alt	1423190	30275	0
chr18_KI270912v1_alt	174061	146	0
chr18_KI270911v1_alt	157710	305	0
chr19_GL949747v2_alt	729520	4413	0
chr22_KB663609v1_alt	74013	1783	0
chrX_KI270913v1_alt	274009	1508	0
chr19_KI270914v1_alt	205194	684	0
chr19_KI270915v1_alt	170665	371	0
chr19_KI270916v1_alt	184516	564	0
chr19_KI270917v1_alt	190932	429	0
chr19_KI270918v1_alt	123111	209	0
chr19_KI270919v1_alt	170701	364	0
chr19_KI270920v1_alt	198005	609	0
chr19_KI270921v1_alt	282224	1011	0
chr19_KI270922v1_alt	187935	446	0
chr19_KI270923v1_alt	189352	524	0
chr3_KI270924v1_alt	166540	5267	0
chr4_KI270925v1_alt	555799	830	0
chr6_GL000252v2_alt	4604811	47118	0
chr8_KI270926v1_alt	229282	1405	0
chr11_KI270927v1_alt	218612	9857	0
chr19_GL949748v2_alt	1064304	2470	0
chr22_KI270928v1_alt	176103	3989	0
chr19_KI270929v1_alt	186203	464	0
chr19_KI270930v1_alt	200773	605	0
chr19_KI270931v1_alt	170148	363	0
chr19_KI270932v1_alt	215732	730	0
chr19_KI270933v1_alt	170537	621	0
chr19_GL000209v2_alt	177381	652	0
chr3_KI270934v1_alt	163458	3934	0
chr6_GL000253v2_alt	4677643	32407	0
chr19_GL949749v2_alt	1091841	2444	0
chr3_KI270935v1_alt	197351	5786	0
chr6_GL000254v2_alt	4827813	39593	0
chr19_GL949750v2_alt	1066390	2402	0
chr3_KI270936v1_alt	164170	4013	1
chr6_GL000255v2_alt	4606388	41646	0
chr19_GL949751v2_alt	1002683	2556	0
chr3_KI270937v1_alt	165607	4181	0
chr6_GL000256v2_alt	4929269	42110	0
chr19_GL949752v1_alt	987100	10674	0
chr6_KI270758v1_alt	76752	374	0
chr19_GL949753v2_alt	796479	6234	0
chr19_KI270938v1_alt	1066800	10918	0
chrM	16569	7453	0
chrUn_KI270302v1	2274	0	0
chrUn_KI270304v1	2165	2	0
chrUn_KI270303v1	1942	0	0
chrUn_KI270305v1	1472	0	0
chrUn_KI270322v1	21476	4	0
chrUn_KI270320v1	4416	8	0
chrUn_KI270310v1	1201	4	0
chrUn_KI270316v1	1444	0	0
chrUn_KI270315v1	2276	0	0
chrUn_KI270312v1	998	0	0
chrUn_KI270311v1	12399	4	0
chrUn_KI270317v1	37690	0	0
chrUn_KI270412v1	1179	0	0
chrUn_KI270411v1	2646	2	0
chrUn_KI270414v1	2489	0	0
chrUn_KI270419v1	1029	0	0
chrUn_KI270418v1	2145	2	0
chrUn_KI270420v1	2321	4	0
chrUn_KI270424v1	2140	0	0
chrUn_KI270417v1	2043	0	0
chrUn_KI270422v1	1445	4	0
chrUn_KI270423v1	981	0	0
chrUn_KI270425v1	1884	0	0
chrUn_KI270429v1	1361	0	0
chrUn_KI270442v1	392061	3573	0
chrUn_KI270466v1	1233	55	0
chrUn_KI270465v1	1774	2	0
chrUn_KI270467v1	3920	153	0
chrUn_KI270435v1	92983	100	0
chrUn_KI270438v1	112505	3761	0
chrUn_KI270468v1	4055	2	0
chrUn_KI270510v1	2415	4	0
chrUn_KI270509v1	2318	2	0
chrUn_KI270518v1	2186	2	0
chrUn_KI270508v1	1951	2	0
chrUn_KI270516v1	1300	4	0
chrUn_KI270512v1	22689	19	0
chrUn_KI270519v1	138126	119	0
chrUn_KI270522v1	5674	2	0
chrUn_KI270511v1	8127	0	0
chrUn_KI270515v1	6361	14	0
chrUn_KI270507v1	5353	6	0
chrUn_KI270517v1	3253	2	0
chrUn_KI270529v1	1899	0	0
chrUn_KI270528v1	2983	0	0
chrUn_KI270530v1	2168	0	0
chrUn_KI270539v1	993	0	0
chrUn_KI270538v1	91309	63	0
chrUn_KI270544v1	1202	0	0
chrUn_KI270548v1	1599	0	0
chrUn_KI270583v1	1400	2	0
chrUn_KI270587v1	2969	0	0
chrUn_KI270580v1	1553	2	0
chrUn_KI270581v1	7046	4	0
chrUn_KI270579v1	31033	12	0
chrUn_KI270589v1	44474	48	0
chrUn_KI270590v1	4685	9	0
chrUn_KI270584v1	4513	4	0
chrUn_KI270582v1	6504	6	0
chrUn_KI270588v1	6158	2	0
chrUn_KI270593v1	3041	6	0
chrUn_KI270591v1	5796	23	0
chrUn_KI270330v1	1652	34	0
chrUn_KI270329v1	1040	0	0
chrUn_KI270334v1	1368	0	0
chrUn_KI270333v1	2699	40	0
chrUn_KI270335v1	1048	0	0
chrUn_KI270338v1	1428	2	0
chrUn_KI270340v1	1428	2	0
chrUn_KI270336v1	1026	8	0
chrUn_KI270337v1	1121	35	0
chrUn_KI270363v1	1803	0	0
chrUn_KI270364v1	2855	2	0
chrUn_KI270362v1	3530	2	0
chrUn_KI270366v1	8320	0	0
chrUn_KI270378v1	1048	0	0
chrUn_KI270379v1	1045	0	0
chrUn_KI270389v1	1298	0	0
chrUn_KI270390v1	2387	0	0
chrUn_KI270387v1	1537	0	0
chrUn_KI270395v1	1143	0	0
chrUn_KI270396v1	1880	0	0
chrUn_KI270388v1	1216	0	0
chrUn_KI270394v1	970	0	0
chrUn_KI270386v1	1788	0	0
chrUn_KI270391v1	1484	0	0
chrUn_KI270383v1	1750	0	0
chrUn_KI270393v1	1308	0	0
chrUn_KI270384v1	1658	0	0
chrUn_KI270392v1	971	0	0
chrUn_KI270381v1	1930	0	0
chrUn_KI270385v1	990	0	0
chrUn_KI270382v1	4215	0	0
chrUn_KI270376v1	1136	2	0
chrUn_KI270374v1	2656	0	0
chrUn_KI270372v1	1650	0	0
chrUn_KI270373v1	1451	0	0
chrUn_KI270375v1	2378	0	0
chrUn_KI270371v1	2805	0	0
chrUn_KI270448v1	7992	10	0
chrUn_KI270521v1	7642	0	0
chrUn_GL000195v1	182896	416	0
chrUn_GL000219v1	179198	5282	0
chrUn_GL000220v1	161802	1633	0
chrUn_GL000224v1	179693	2615	0
chrUn_KI270741v1	157432	251	0
chrUn_GL000226v1	15008	52	0
chrUn_GL000213v1	164239	7479	0
chrUn_KI270743v1	210658	737	0
chrUn_KI270744v1	168472	2594	0
chrUn_KI270745v1	41891	50	0
chrUn_KI270746v1	66486	9805	0
chrUn_KI270747v1	198735	355	0
chrUn_KI270748v1	93321	73	0
chrUn_KI270749v1	158759	1254	0
chrUn_KI270750v1	148850	3038	0
chrUn_KI270751v1	150742	682	0
chrUn_KI270752v1	27745	0	0
chrUn_KI270753v1	62944	143	0
chrUn_KI270754v1	40191	756	0
chrUn_KI270755v1	36723	10	0
chrUn_KI270756v1	79590	92	0
chrUn_KI270757v1	71251	99	0
chrUn_GL000214v1	137718	709	0
chrUn_KI270742v1	186739	1322	0
chrUn_GL000216v2	176608	1156	1
chrUn_GL000218v1	161147	2280	0
chrX	156040895	1873357	9
chrY	57227415	221083	16
chrY_KI270740v1_random	37240	18	0
*	0	0	72608
