chr1	248956422	36579463	1069
chr10	133797422	14942844	667
chr11	135086622	17176832	906
chr11_KI270721v1_random	100316	2939	0
chr12	133275309	16889158	575
chr13	114364328	7139484	305
chr14	107043718	10356411	316
chr14_GL000009v2_random	201709	41318	2
chr14_GL000225v1_random	211173	99843	311
chr14_KI270722v1_random	194050	4554	2
chr14_GL000194v1_random	191469	16177	0
chr14_KI270723v1_random	38115	16384	13
chr14_KI270724v1_random	39555	13756	12
chr14_KI270725v1_random	172810	23366	0
chr14_KI270726v1_random	43739	30104	1
chr15	101991189	11604412	343
chr15_KI270727v1_random	448248	34047	1
chr16	90338345	11345561	402
chr16_KI270728v1_random	1872759	217174	20
chr17	83257441	15140718	451
chr17_GL000205v2_random	185591	27225	2
chr17_KI270729v1_random	280839	22238	28
chr17_KI270730v1_random	112551	6185	37
chr18	80373285	5868050	234
chr19	58617616	13059142	3523
chr1_KI270706v1_random	175055	37825	0
chr1_KI270707v1_random	32032	478	0
chr1_KI270708v1_random	127682	2995	0
chr1_KI270709v1_random	66860	6436	1
chr1_KI270710v1_random	40176	634	0
chr1_KI270711v1_random	42210	458842	3
chr1_KI270712v1_random	176043	15223	1
chr1_KI270713v1_random	40745	17148	2
chr1_KI270714v1_random	41717	15201	0
chr2	242193529	26514409	811
chr20	64444167	6982621	302
chr21	46709983	3787461	244
chr22	50818468	5203765	186
chr22_KI270731v1_random	150754	11622	0
chr22_KI270732v1_random	41543	8232	2
chr22_KI270733v1_random	179772	147703	5
chr22_KI270734v1_random	165050	12709	7
chr22_KI270735v1_random	42811	4756	5
chr22_KI270736v1_random	181920	15421	169
chr22_KI270737v1_random	103838	2387	5
chr22_KI270738v1_random	99375	1293	0
chr22_KI270739v1_random	73985	271	0
chr2_KI270715v1_random	161471	873	0
chr2_KI270716v1_random	153799	982	0
chr3	198295559	19627971	862
chr3_GL000221v1_random	155397	50793	1
chr4	190214555	15691750	660
chr4_GL000008v2_random	209709	31760	7
chr5	181538259	16255942	666
chr5_GL000208v1_random	92689	919	0
chr6	170805979	16223398	469
chr7	159345973	16684442	2860
chr8	145138636	11726675	388
chr9	138394717	14225460	411
chr9_KI270717v1_random	40062	7965	0
chr9_KI270718v1_random	38054	8824	0
chr9_KI270719v1_random	176845	19387	1
chr9_KI270720v1_random	39050	13467	1
chr1_KI270762v1_alt	354444	21000	0
chr1_KI270766v1_alt	256271	189256	8
chr1_KI270760v1_alt	109528	1239	1
chr1_KI270765v1_alt	185285	11977	0
chr1_GL383518v1_alt	182439	42043	0
chr1_GL383519v1_alt	110268	33473	3
chr1_GL383520v2_alt	366580	17401	0
chr1_KI270764v1_alt	50258	693	0
chr1_KI270763v1_alt	911658	41684	0
chr1_KI270759v1_alt	425601	9666	1
chr1_KI270761v1_alt	165834	28302	1
chr2_KI270770v1_alt	136240	1131	0
chr2_KI270773v1_alt	70887	2887	1
chr2_KI270774v1_alt	223625	9095	1
chr2_KI270769v1_alt	120616	8443	0
chr2_GL383521v1_alt	143390	1395	1
chr2_KI270772v1_alt	133041	9764	1
chr2_KI270775v1_alt	138019	809	0
chr2_KI270771v1_alt	110395	807	0
chr2_KI270768v1_alt	110099	6058	0
chr2_GL582966v2_alt	96131	7055	0
chr2_GL383522v1_alt	123821	24716	0
chr2_KI270776v1_alt	174166	5106	2
chr2_KI270767v1_alt	161578	2384	0
chr3_JH636055v2_alt	173151	17590	1
chr3_KI270783v1_alt	109187	617	0
chr3_KI270780v1_alt	224108	7824	0
chr3_GL383526v1_alt	180671	7740	1
chr3_KI270777v1_alt	173649	8843	0
chr3_KI270778v1_alt	248252	1158	1
chr3_KI270781v1_alt	113034	1106	0
chr3_KI270779v1_alt	205312	12902	0
chr3_KI270782v1_alt	162429	4774	2
chr3_KI270784v1_alt	184404	7924	1
chr4_KI270790v1_alt	220246	2173	0
chr4_GL383528v1_alt	376187	1714	0
chr4_KI270787v1_alt	111943	743	0
chr4_GL000257v2_alt	586476	97841	1
chr4_KI270788v1_alt	158965	842	0
chr4_GL383527v1_alt	164536	19286	3
chr4_KI270785v1_alt	119912	766	0
chr4_KI270789v1_alt	205944	4315	0
chr4_KI270786v1_alt	244096	1081	0
chr5_KI270793v1_alt	126136	3308	0
chr5_KI270792v1_alt	179043	10169	1
chr5_KI270791v1_alt	195710	17892	1
chr5_GL383532v1_alt	82728	410	0
chr5_GL949742v1_alt	226852	1347	0
chr5_KI270794v1_alt	164558	10614	0
chr5_GL339449v2_alt	1612928	188325	2
chr5_GL383530v1_alt	101241	640	0
chr5_KI270796v1_alt	172708	1061	0
chr5_GL383531v1_alt	173459	1053	0
chr5_KI270795v1_alt	131892	9105	0
chr6_GL000250v2_alt	4672374	100397	4
chr6_KI270800v1_alt	175808	5178	0
chr6_KI270799v1_alt	152148	703	0
chr6_GL383533v1_alt	124736	5655	0
chr6_KI270801v1_alt	870480	39042	3
chr6_KI270802v1_alt	75005	682	0
chr6_KB021644v2_alt	185823	1388	0
chr6_KI270797v1_alt	197536	14396	0
chr6_KI270798v1_alt	271782	22017	1
chr7_KI270804v1_alt	157952	1840	0
chr7_KI270809v1_alt	209586	19562	1
chr7_KI270806v1_alt	158166	17363	0
chr7_GL383534v2_alt	119183	23080	1
chr7_KI270803v1_alt	1111570	199370	2
chr7_KI270808v1_alt	271455	7087	0
chr7_KI270807v1_alt	126434	1828	0
chr7_KI270805v1_alt	209988	2812	0
chr8_KI270818v1_alt	145606	1665	0
chr8_KI270812v1_alt	282736	3020	0
chr8_KI270811v1_alt	292436	3443	0
chr8_KI270821v1_alt	985506	47714	3
chr8_KI270813v1_alt	300230	99266	2
chr8_KI270822v1_alt	624492	36556	2
chr8_KI270814v1_alt	141812	3560	0
chr8_KI270810v1_alt	374415	2149	0
chr8_KI270819v1_alt	133535	6689	0
chr8_KI270820v1_alt	36640	865	1
chr8_KI270817v1_alt	158983	5458	0
chr8_KI270816v1_alt	305841	30363	0
chr8_KI270815v1_alt	132244	5830	0
chr9_GL383539v1_alt	162988	3100	0
chr9_GL383540v1_alt	71551	10439	0
chr9_GL383541v1_alt	171286	8105	2
chr9_GL383542v1_alt	60032	3776	0
chr9_KI270823v1_alt	439082	15525	1
chr10_GL383545v1_alt	179254	11801	0
chr10_KI270824v1_alt	181496	13140	1
chr10_GL383546v1_alt	309802	19884	1
chr10_KI270825v1_alt	188315	20502	1
chr11_KI270832v1_alt	210133	20905	0
chr11_KI270830v1_alt	177092	9705	0
chr11_KI270831v1_alt	296895	29570	3
chr11_KI270829v1_alt	204059	20246	0
chr11_GL383547v1_alt	154407	925	0
chr11_JH159136v1_alt	200998	59229	3
chr11_JH159137v1_alt	191409	16041	0
chr11_KI270827v1_alt	67707	965	2
chr11_KI270826v1_alt	186169	1891	0
chr12_GL877875v1_alt	167313	11674	0
chr12_GL877876v1_alt	408271	47173	1
chr12_KI270837v1_alt	40090	9630	0
chr12_GL383549v1_alt	120804	710	2
chr12_KI270835v1_alt	238139	22559	0
chr12_GL383550v2_alt	169178	9060	1
chr12_GL383552v1_alt	138655	2786	0
chr12_GL383553v2_alt	152874	14315	0
chr12_KI270834v1_alt	119498	25255	2
chr12_GL383551v1_alt	184319	1235	0
chr12_KI270833v1_alt	76061	15771	0
chr12_KI270836v1_alt	56134	437	0
chr13_KI270840v1_alt	191684	20213	0
chr13_KI270839v1_alt	180306	4094	0
chr13_KI270843v1_alt	103832	479	0
chr13_KI270841v1_alt	169134	866	0
chr13_KI270838v1_alt	306913	8533	0
chr13_KI270842v1_alt	37287	449	0
chr14_KI270844v1_alt	322166	31461	0
chr14_KI270847v1_alt	1511111	141278	3
chr14_KI270845v1_alt	180703	3646	0
chr14_KI270846v1_alt	1351393	246019	37
chr15_KI270852v1_alt	478999	34531	0
chr15_KI270851v1_alt	263054	64102	0
chr15_KI270848v1_alt	327382	46789	0
chr15_GL383554v1_alt	296527	44793	1
chr15_KI270849v1_alt	244917	16224	0
chr15_GL383555v2_alt	388773	6532	2
chr15_KI270850v1_alt	430880	40644	1
chr16_KI270854v1_alt	134193	6256	1
chr16_KI270856v1_alt	63982	983	0
chr16_KI270855v1_alt	232857	20477	1
chr16_KI270853v1_alt	2659700	418330	8
chr16_GL383556v1_alt	192462	23773	0
chr16_GL383557v1_alt	89672	8986	0
chr17_GL383563v3_alt	375691	6504	1
chr17_KI270862v1_alt	391357	16839	0
chr17_KI270861v1_alt	196688	52190	0
chr17_KI270857v1_alt	2877074	570362	12
chr17_JH159146v1_alt	278131	43693	1
chr17_JH159147v1_alt	70345	5817	0
chr17_GL383564v2_alt	133151	28760	0
chr17_GL000258v2_alt	1821992	132166	6
chr17_GL383565v1_alt	223995	1220	0
chr17_KI270858v1_alt	235827	2056	0
chr17_KI270859v1_alt	108763	1695	1
chr17_GL383566v1_alt	90219	752	0
chr17_KI270860v1_alt	178921	9036	0
chr18_KI270864v1_alt	111737	582	0
chr18_GL383567v1_alt	289831	11368	0
chr18_GL383570v1_alt	164789	1293	1
chr18_GL383571v1_alt	198278	12907	0
chr18_GL383568v1_alt	104552	448	0
chr18_GL383569v1_alt	167950	1127	0
chr18_GL383572v1_alt	159547	3100	0
chr18_KI270863v1_alt	167999	6381	0
chr19_KI270868v1_alt	61734	3929	1
chr19_KI270865v1_alt	52969	1632	0
chr19_GL383573v1_alt	385657	26092	2
chr19_GL383575v2_alt	170222	20506	0
chr19_GL383576v1_alt	188024	17754	0
chr19_GL383574v1_alt	155864	8120	0
chr19_KI270866v1_alt	43156	4488	0
chr19_KI270867v1_alt	233762	13933	2
chr19_GL949746v1_alt	987716	58451	0
chr20_GL383577v2_alt	128386	1306	0
chr20_KI270869v1_alt	118774	13282	0
chr20_KI270871v1_alt	58661	4801	0
chr20_KI270870v1_alt	183433	21495	1
chr21_GL383578v2_alt	63917	343	0
chr21_KI270874v1_alt	166743	1044	0
chr21_KI270873v1_alt	143900	2824	0
chr21_GL383579v2_alt	201197	1341	0
chr21_GL383580v2_alt	74653	2726	0
chr21_GL383581v2_alt	116689	18909	0
chr21_KI270872v1_alt	82692	5749	0
chr22_KI270875v1_alt	259914	38933	2
chr22_KI270878v1_alt	186262	5456	1
chr22_KI270879v1_alt	304135	24807	2
chr22_KI270876v1_alt	263666	23036	0
chr22_KI270877v1_alt	101331	6763	1
chr22_GL383583v2_alt	96924	4404	1
chr22_GL383582v2_alt	162811	15759	1
chrX_KI270880v1_alt	284869	3264	2
chrX_KI270881v1_alt	144206	8305	0
chr19_KI270882v1_alt	248807	3541	0
chr19_KI270883v1_alt	170399	10668	0
chr19_KI270884v1_alt	157053	4750	0
chr19_KI270885v1_alt	171027	8930	0
chr19_KI270886v1_alt	204239	3757	0
chr19_KI270887v1_alt	209512	8199	0
chr19_KI270888v1_alt	155532	4051	0
chr19_KI270889v1_alt	170698	8865	0
chr19_KI270890v1_alt	184499	3747	0
chr19_KI270891v1_alt	170680	9275	0
chr1_KI270892v1_alt	162212	27990	0
chr2_KI270894v1_alt	214158	20229	0
chr2_KI270893v1_alt	161218	2271	0
chr3_KI270895v1_alt	162896	9277	0
chr4_KI270896v1_alt	378547	31577	4
chr5_KI270897v1_alt	1144418	130578	4
chr5_KI270898v1_alt	130957	10001	3
chr6_GL000251v2_alt	4795265	324202	8
chr7_KI270899v1_alt	190869	2560	0
chr8_KI270901v1_alt	136959	1457	0
chr8_KI270900v1_alt	318687	4517	0
chr11_KI270902v1_alt	106711	67638	1
chr11_KI270903v1_alt	214625	17333	0
chr12_KI270904v1_alt	572349	79503	2
chr15_KI270906v1_alt	196384	23704	0
chr15_KI270905v1_alt	5161414	436939	10
chr17_KI270907v1_alt	137721	2170	0
chr17_KI270910v1_alt	157099	6855	3
chr17_KI270909v1_alt	325800	125151	1
chr17_JH159148v1_alt	88070	13079	0
chr17_KI270908v1_alt	1423190	195285	2
chr18_KI270912v1_alt	174061	1240	0
chr18_KI270911v1_alt	157710	2440	0
chr19_GL949747v2_alt	729520	26276	0
chr22_KB663609v1_alt	74013	4649	0
chrX_KI270913v1_alt	274009	5867	4
chr19_KI270914v1_alt	205194	7044	0
chr19_KI270915v1_alt	170665	9468	0
chr19_KI270916v1_alt	184516	3259	1
chr19_KI270917v1_alt	190932	10568	0
chr19_KI270918v1_alt	123111	6495	0
chr19_KI270919v1_alt	170701	12221	0
chr19_KI270920v1_alt	198005	8338	0
chr19_KI270921v1_alt	282224	4933	0
chr19_KI270922v1_alt	187935	10703	0
chr19_KI270923v1_alt	189352	8447	1
chr3_KI270924v1_alt	166540	8390	0
chr4_KI270925v1_alt	555799	7237	0
chr6_GL000252v2_alt	4604811	277137	5
chr8_KI270926v1_alt	229282	6049	1
chr11_KI270927v1_alt	218612	39625	3
chr19_GL949748v2_alt	1064304	16079	0
chr22_KI270928v1_alt	176103	15838	0
chr19_KI270929v1_alt	186203	13729	0
chr19_KI270930v1_alt	200773	10576	0
chr19_KI270931v1_alt	170148	9587	2
chr19_KI270932v1_alt	215732	7006	0
chr19_KI270933v1_alt	170537	14906	0
chr19_GL000209v2_alt	177381	2754	0
chr3_KI270934v1_alt	163458	9246	0
chr6_GL000253v2_alt	4677643	196055	3
chr19_GL949749v2_alt	1091841	15192	0
chr3_KI270935v1_alt	197351	14315	0
chr6_GL000254v2_alt	4827813	249599	2
chr19_GL949750v2_alt	1066390	14392	0
chr3_KI270936v1_alt	164170	8493	0
chr6_GL000255v2_alt	4606388	265727	5
chr19_GL949751v2_alt	1002683	18039	0
chr3_KI270937v1_alt	165607	10240	0
chr6_GL000256v2_alt	4929269	248463	2
chr19_GL949752v1_alt	987100	70109	1
chr6_KI270758v1_alt	76752	1854	0
chr19_GL949753v2_alt	796479	34551	0
chr19_KI270938v1_alt	1066800	70001	4
chrM	16569	7394	0
chrUn_KI270302v1	2274	26	0
chrUn_KI270304v1	2165	11	0
chrUn_KI270303v1	1942	12	0
chrUn_KI270305v1	1472	15	0
chrUn_KI270322v1	21476	84	0
chrUn_KI270320v1	4416	202	0
chrUn_KI270310v1	1201	64	0
chrUn_KI270316v1	1444	6	0
chrUn_KI270315v1	2276	21	0
chrUn_KI270312v1	998	5	0
chrUn_KI270311v1	12399	47	0
chrUn_KI270317v1	37690	12	0
chrUn_KI270412v1	1179	12	0
chrUn_KI270411v1	2646	44	0
chrUn_KI270414v1	2489	23	0
chrUn_KI270419v1	1029	20	0
chrUn_KI270418v1	2145	56	0
chrUn_KI270420v1	2321	84	0
chrUn_KI270424v1	2140	2	0
chrUn_KI270417v1	2043	11	0
chrUn_KI270422v1	1445	0	0
chrUn_KI270423v1	981	7	0
chrUn_KI270425v1	1884	3	0
chrUn_KI270429v1	1361	84	0
chrUn_KI270442v1	392061	51343	40
chrUn_KI270466v1	1233	2613	1
chrUn_KI270465v1	1774	56	0
chrUn_KI270467v1	3920	11162	6
chrUn_KI270435v1	92983	2066	4
chrUn_KI270438v1	112505	94043	29
chrUn_KI270468v1	4055	43	0
chrUn_KI270510v1	2415	79	0
chrUn_KI270509v1	2318	75	0
chrUn_KI270518v1	2186	44	0
chrUn_KI270508v1	1951	79	0
chrUn_KI270516v1	1300	45	0
chrUn_KI270512v1	22689	572	0
chrUn_KI270519v1	138126	2826	1
chrUn_KI270522v1	5674	29	0
chrUn_KI270511v1	8127	96	0
chrUn_KI270515v1	6361	172	0
chrUn_KI270507v1	5353	113	0
chrUn_KI270517v1	3253	107	0
chrUn_KI270529v1	1899	15	0
chrUn_KI270528v1	2983	15	0
chrUn_KI270530v1	2168	26	0
chrUn_KI270539v1	993	2	0
chrUn_KI270538v1	91309	1351	0
chrUn_KI270544v1	1202	14	0
chrUn_KI270548v1	1599	2	0
chrUn_KI270583v1	1400	41	0
chrUn_KI270587v1	2969	184	0
chrUn_KI270580v1	1553	34	0
chrUn_KI270581v1	7046	100	0
chrUn_KI270579v1	31033	212	0
chrUn_KI270589v1	44474	1405	15
chrUn_KI270590v1	4685	218	0
chrUn_KI270584v1	4513	85	0
chrUn_KI270582v1	6504	88	0
chrUn_KI270588v1	6158	148	0
chrUn_KI270593v1	3041	83	0
chrUn_KI270591v1	5796	496	0
chrUn_KI270330v1	1652	521	0
chrUn_KI270329v1	1040	5	0
chrUn_KI270334v1	1368	15	0
chrUn_KI270333v1	2699	869	1
chrUn_KI270335v1	1048	8	0
chrUn_KI270338v1	1428	22	0
chrUn_KI270340v1	1428	56	0
chrUn_KI270336v1	1026	182	0
chrUn_KI270337v1	1121	977	1
chrUn_KI270363v1	1803	11	0
chrUn_KI270364v1	2855	8	0
chrUn_KI270362v1	3530	13	0
chrUn_KI270366v1	8320	66	0
chrUn_KI270378v1	1048	0	0
chrUn_KI270379v1	1045	6	0
chrUn_KI270389v1	1298	5	0
chrUn_KI270390v1	2387	8	0
chrUn_KI270387v1	1537	6	0
chrUn_KI270395v1	1143	31	0
chrUn_KI270396v1	1880	12	0
chrUn_KI270388v1	1216	0	0
chrUn_KI270394v1	970	7	0
chrUn_KI270386v1	1788	17	0
chrUn_KI270391v1	1484	3	0
chrUn_KI270383v1	1750	0	0
chrUn_KI270393v1	1308	10	0
chrUn_KI270384v1	1658	12	0
chrUn_KI270392v1	971	0	0
chrUn_KI270381v1	1930	4	0
chrUn_KI270385v1	990	4	0
chrUn_KI270382v1	4215	6	0
chrUn_KI270376v1	1136	0	0
chrUn_KI270374v1	2656	5	0
chrUn_KI270372v1	1650	6	0
chrUn_KI270373v1	1451	0	0
chrUn_KI270375v1	2378	18	0
chrUn_KI270371v1	2805	11	0
chrUn_KI270448v1	7992	115	0
chrUn_KI270521v1	7642	84	0
chrUn_GL000195v1	182896	6889	0
chrUn_GL000219v1	179198	22393	5
chrUn_GL000220v1	161802	89184	4
chrUn_GL000224v1	179693	13873	0
chrUn_KI270741v1	157432	1077	0
chrUn_GL000226v1	15008	1035	0
chrUn_GL000213v1	164239	15935	2
chrUn_KI270743v1	210658	6670	0
chrUn_KI270744v1	168472	46671	3
chrUn_KI270745v1	41891	5691	1
chrUn_KI270746v1	66486	57461	4
chrUn_KI270747v1	198735	7201	2
chrUn_KI270748v1	93321	1859	0
chrUn_KI270749v1	158759	5672	0
chrUn_KI270750v1	148850	8643	0
chrUn_KI270751v1	150742	31198	4
chrUn_KI270752v1	27745	3	0
chrUn_KI270753v1	62944	1714	0
chrUn_KI270754v1	40191	5017	0
chrUn_KI270755v1	36723	151	0
chrUn_KI270756v1	79590	2065	14
chrUn_KI270757v1	71251	2242	7
chrUn_GL000214v1	137718	33641	2
chrUn_KI270742v1	186739	59989	0
chrUn_GL000216v2	176608	32984	93
chrUn_GL000218v1	161147	9902	0
chrX	156040895	18162889	487
chrY	57227415	243775	512
chrY_KI270740v1_random	37240	0	0
*	0	0	60356
