chr1	248956422	12809624	170
chr10	133797422	6044852	67
chr11	135086622	6493406	215
chr11_KI270721v1_random	100316	712	0
chr12	133275309	6863250	119
chr13	114364328	2952863	79
chr14	107043718	3746892	40
chr14_GL000009v2_random	201709	9497	0
chr14_GL000225v1_random	211173	3453	13
chr14_KI270722v1_random	194050	597	2
chr14_GL000194v1_random	191469	5490	0
chr14_KI270723v1_random	38115	1082	1
chr14_KI270724v1_random	39555	1175	1
chr14_KI270725v1_random	172810	1064	0
chr14_KI270726v1_random	43739	178	0
chr15	101991189	3901068	50
chr15_KI270727v1_random	448248	20191	0
chr16	90338345	3607669	65
chr16_KI270728v1_random	1872759	67940	1
chr17	83257441	5571626	57
chr17_GL000205v2_random	185591	15709	0
chr17_KI270729v1_random	280839	1217	2
chr17_KI270730v1_random	112551	399	0
chr18	80373285	2147176	38
chr19	58617616	4489910	96
chr1_KI270706v1_random	175055	11679	0
chr1_KI270707v1_random	32032	78	0
chr1_KI270708v1_random	127682	1236	0
chr1_KI270709v1_random	66860	626	0
chr1_KI270710v1_random	40176	122	0
chr1_KI270711v1_random	42210	27159	0
chr1_KI270712v1_random	176043	2650	0
chr1_KI270713v1_random	40745	4676	0
chr1_KI270714v1_random	41717	2622	0
chr2	242193529	8790573	147
chr20	64444167	2872532	53
chr21	46709983	1323858	35
chr22	50818468	1950890	32
chr22_KI270731v1_random	150754	7884	1
chr22_KI270732v1_random	41543	320	0
chr22_KI270733v1_random	179772	7284	1
chr22_KI270734v1_random	165050	7824	1
chr22_KI270735v1_random	42811	330	0
chr22_KI270736v1_random	181920	845	10
chr22_KI270737v1_random	103838	142	0
chr22_KI270738v1_random	99375	120	0
chr22_KI270739v1_random	73985	51	0
chr2_KI270715v1_random	161471	52	0
chr2_KI270716v1_random	153799	84	0
chr3	198295559	7111711	88
chr3_GL000221v1_random	155397	14619	0
chr4	190214555	5337625	81
chr4_GL000008v2_random	209709	10818	1
chr5	181538259	5721078	266
chr5_GL000208v1_random	92689	98	0
chr6	170805979	6415343	70
chr7	159345973	6176026	100
chr8	145138636	4432557	69
chr9	138394717	5519470	71
chr9_KI270717v1_random	40062	265	0
chr9_KI270718v1_random	38054	3355	1
chr9_KI270719v1_random	176845	2111	0
chr9_KI270720v1_random	39050	4391	0
chr1_KI270762v1_alt	354444	6246	0
chr1_KI270766v1_alt	256271	22867	0
chr1_KI270760v1_alt	109528	468	0
chr1_KI270765v1_alt	185285	2365	0
chr1_GL383518v1_alt	182439	16671	0
chr1_GL383519v1_alt	110268	14305	0
chr1_GL383520v2_alt	366580	8340	0
chr1_KI270764v1_alt	50258	166	0
chr1_KI270763v1_alt	911658	14587	0
chr1_KI270759v1_alt	425601	1530	0
chr1_KI270761v1_alt	165834	8652	0
chr2_KI270770v1_alt	136240	403	0
chr2_KI270773v1_alt	70887	199	0
chr2_KI270774v1_alt	223625	3262	0
chr2_KI270769v1_alt	120616	3086	1
chr2_GL383521v1_alt	143390	376	0
chr2_KI270772v1_alt	133041	753	0
chr2_KI270775v1_alt	138019	293	0
chr2_KI270771v1_alt	110395	211	0
chr2_KI270768v1_alt	110099	1669	0
chr2_GL582966v2_alt	96131	349	0
chr2_GL383522v1_alt	123821	4214	0
chr2_KI270776v1_alt	174166	1182	0
chr2_KI270767v1_alt	161578	901	0
chr3_JH636055v2_alt	173151	8301	0
chr3_KI270783v1_alt	109187	202	0
chr3_KI270780v1_alt	224108	1661	0
chr3_GL383526v1_alt	180671	3006	0
chr3_KI270777v1_alt	173649	1859	0
chr3_KI270778v1_alt	248252	267	0
chr3_KI270781v1_alt	113034	360	0
chr3_KI270779v1_alt	205312	3680	0
chr3_KI270782v1_alt	162429	2536	0
chr3_KI270784v1_alt	184404	3035	0
chr4_KI270790v1_alt	220246	326	0
chr4_GL383528v1_alt	376187	459	0
chr4_KI270787v1_alt	111943	253	0
chr4_GL000257v2_alt	586476	33393	0
chr4_KI270788v1_alt	158965	327	0
chr4_GL383527v1_alt	164536	9585	0
chr4_KI270785v1_alt	119912	222	0
chr4_KI270789v1_alt	205944	1626	0
chr4_KI270786v1_alt	244096	341	0
chr5_KI270793v1_alt	126136	1287	0
chr5_KI270792v1_alt	179043	3182	0
chr5_KI270791v1_alt	195710	8822	0
chr5_GL383532v1_alt	82728	81	0
chr5_GL949742v1_alt	226852	404	0
chr5_KI270794v1_alt	164558	2668	0
chr5_GL339449v2_alt	1612928	50520	0
chr5_GL383530v1_alt	101241	221	0
chr5_KI270796v1_alt	172708	278	0
chr5_GL383531v1_alt	173459	313	0
chr5_KI270795v1_alt	131892	2232	0
chr6_GL000250v2_alt	4672374	40048	1
chr6_KI270800v1_alt	175808	997	0
chr6_KI270799v1_alt	152148	197	0
chr6_GL383533v1_alt	124736	1611	0
chr6_KI270801v1_alt	870480	17613	0
chr6_KI270802v1_alt	75005	284	0
chr6_KB021644v2_alt	185823	506	0
chr6_KI270797v1_alt	197536	9715	0
chr6_KI270798v1_alt	271782	7130	0
chr7_KI270804v1_alt	157952	452	0
chr7_KI270809v1_alt	209586	11612	0
chr7_KI270806v1_alt	158166	7987	0
chr7_GL383534v2_alt	119183	4613	0
chr7_KI270803v1_alt	1111570	34759	0
chr7_KI270808v1_alt	271455	2856	0
chr7_KI270807v1_alt	126434	514	0
chr7_KI270805v1_alt	209988	943	0
chr8_KI270818v1_alt	145606	611	0
chr8_KI270812v1_alt	282736	1186	0
chr8_KI270811v1_alt	292436	911	0
chr8_KI270821v1_alt	985506	21896	1
chr8_KI270813v1_alt	300230	40233	0
chr8_KI270822v1_alt	624492	18262	0
chr8_KI270814v1_alt	141812	743	0
chr8_KI270810v1_alt	374415	826	0
chr8_KI270819v1_alt	133535	1488	0
chr8_KI270820v1_alt	36640	298	0
chr8_KI270817v1_alt	158983	2331	0
chr8_KI270816v1_alt	305841	7844	0
chr8_KI270815v1_alt	132244	787	0
chr9_GL383539v1_alt	162988	1577	0
chr9_GL383540v1_alt	71551	4649	0
chr9_GL383541v1_alt	171286	4317	0
chr9_GL383542v1_alt	60032	1976	0
chr9_KI270823v1_alt	439082	6712	0
chr10_GL383545v1_alt	179254	3103	0
chr10_KI270824v1_alt	181496	1930	0
chr10_GL383546v1_alt	309802	6731	0
chr10_KI270825v1_alt	188315	8111	0
chr11_KI270832v1_alt	210133	7714	0
chr11_KI270830v1_alt	177092	1322	0
chr11_KI270831v1_alt	296895	9721	0
chr11_KI270829v1_alt	204059	7709	0
chr11_GL383547v1_alt	154407	187	0
chr11_JH159136v1_alt	200998	13505	0
chr11_JH159137v1_alt	191409	5299	0
chr11_KI270827v1_alt	67707	294	0
chr11_KI270826v1_alt	186169	734	0
chr12_GL877875v1_alt	167313	3318	0
chr12_GL877876v1_alt	408271	9305	0
chr12_KI270837v1_alt	40090	3662	0
chr12_GL383549v1_alt	120804	248	0
chr12_KI270835v1_alt	238139	3289	0
chr12_GL383550v2_alt	169178	2021	0
chr12_GL383552v1_alt	138655	1577	0
chr12_GL383553v2_alt	152874	7894	0
chr12_KI270834v1_alt	119498	1811	0
chr12_GL383551v1_alt	184319	543	0
chr12_KI270833v1_alt	76061	7585	0
chr12_KI270836v1_alt	56134	136	0
chr13_KI270840v1_alt	191684	8623	0
chr13_KI270839v1_alt	180306	579	0
chr13_KI270843v1_alt	103832	170	0
chr13_KI270841v1_alt	169134	266	0
chr13_KI270838v1_alt	306913	5338	0
chr13_KI270842v1_alt	37287	161	0
chr14_KI270844v1_alt	322166	16351	0
chr14_KI270847v1_alt	1511111	63063	0
chr14_KI270845v1_alt	180703	1118	0
chr14_KI270846v1_alt	1351393	3754	0
chr15_KI270852v1_alt	478999	20156	0
chr15_KI270851v1_alt	263054	22812	0
chr15_KI270848v1_alt	327382	16460	0
chr15_GL383554v1_alt	296527	8539	0
chr15_KI270849v1_alt	244917	7248	0
chr15_GL383555v2_alt	388773	4194	0
chr15_KI270850v1_alt	430880	13999	0
chr16_KI270854v1_alt	134193	3027	0
chr16_KI270856v1_alt	63982	211	0
chr16_KI270855v1_alt	232857	9505	0
chr16_KI270853v1_alt	2659700	104800	2
chr16_GL383556v1_alt	192462	9701	0
chr16_GL383557v1_alt	89672	4988	0
chr17_GL383563v3_alt	375691	1753	0
chr17_KI270862v1_alt	391357	11661	0
chr17_KI270861v1_alt	196688	16503	0
chr17_KI270857v1_alt	2877074	166150	2
chr17_JH159146v1_alt	278131	18911	0
chr17_JH159147v1_alt	70345	2382	0
chr17_GL383564v2_alt	133151	14249	0
chr17_GL000258v2_alt	1821992	26514	1
chr17_GL383565v1_alt	223995	426	0
chr17_KI270858v1_alt	235827	758	0
chr17_KI270859v1_alt	108763	763	0
chr17_GL383566v1_alt	90219	312	0
chr17_KI270860v1_alt	178921	2270	0
chr18_KI270864v1_alt	111737	156	0
chr18_GL383567v1_alt	289831	3069	0
chr18_GL383570v1_alt	164789	364	1
chr18_GL383571v1_alt	198278	2897	0
chr18_GL383568v1_alt	104552	181	0
chr18_GL383569v1_alt	167950	396	0
chr18_GL383572v1_alt	159547	539	0
chr18_KI270863v1_alt	167999	2438	0
chr19_KI270868v1_alt	61734	1236	0
chr19_KI270865v1_alt	52969	159	0
chr19_GL383573v1_alt	385657	6471	0
chr19_GL383575v2_alt	170222	3712	0
chr19_GL383576v1_alt	188024	3372	0
chr19_GL383574v1_alt	155864	5438	0
chr19_KI270866v1_alt	43156	2744	0
chr19_KI270867v1_alt	233762	7567	0
chr19_GL949746v1_alt	987716	23746	0
chr20_GL383577v2_alt	128386	554	0
chr20_KI270869v1_alt	118774	4832	0
chr20_KI270871v1_alt	58661	1755	0
chr20_KI270870v1_alt	183433	7470	0
chr21_GL383578v2_alt	63917	123	0
chr21_KI270874v1_alt	166743	333	0
chr21_KI270873v1_alt	143900	1438	0
chr21_GL383579v2_alt	201197	308	0
chr21_GL383580v2_alt	74653	865	0
chr21_GL383581v2_alt	116689	9636	0
chr21_KI270872v1_alt	82692	3288	0
chr22_KI270875v1_alt	259914	7343	0
chr22_KI270878v1_alt	186262	2692	0
chr22_KI270879v1_alt	304135	15081	0
chr22_KI270876v1_alt	263666	7266	0
chr22_KI270877v1_alt	101331	4150	0
chr22_GL383583v2_alt	96924	2805	0
chr22_GL383582v2_alt	162811	6794	0
chrX_KI270880v1_alt	284869	410	2
chrX_KI270881v1_alt	144206	3080	0
chr19_KI270882v1_alt	248807	3487	0
chr19_KI270883v1_alt	170399	3764	0
chr19_KI270884v1_alt	157053	2881	0
chr19_KI270885v1_alt	171027	1866	0
chr19_KI270886v1_alt	204239	3573	0
chr19_KI270887v1_alt	209512	1935	0
chr19_KI270888v1_alt	155532	2504	0
chr19_KI270889v1_alt	170698	1839	0
chr19_KI270890v1_alt	184499	2343	0
chr19_KI270891v1_alt	170680	1969	0
chr1_KI270892v1_alt	162212	8655	0
chr2_KI270894v1_alt	214158	1386	0
chr2_KI270893v1_alt	161218	933	0
chr3_KI270895v1_alt	162896	3294	0
chr4_KI270896v1_alt	378547	5738	0
chr5_KI270897v1_alt	1144418	30114	0
chr5_KI270898v1_alt	130957	2207	0
chr6_GL000251v2_alt	4795265	110179	0
chr7_KI270899v1_alt	190869	566	0
chr8_KI270901v1_alt	136959	465	0
chr8_KI270900v1_alt	318687	811	0
chr11_KI270902v1_alt	106711	535	0
chr11_KI270903v1_alt	214625	1942	0
chr12_KI270904v1_alt	572349	16110	0
chr15_KI270906v1_alt	196384	5722	0
chr15_KI270905v1_alt	5161414	110523	5
chr17_KI270907v1_alt	137721	659	0
chr17_KI270910v1_alt	157099	5852	0
chr17_KI270909v1_alt	325800	35872	1
chr17_JH159148v1_alt	88070	2076	0
chr17_KI270908v1_alt	1423190	47541	0
chr18_KI270912v1_alt	174061	440	0
chr18_KI270911v1_alt	157710	494	0
chr19_GL949747v2_alt	729520	11659	0
chr22_KB663609v1_alt	74013	2315	0
chrX_KI270913v1_alt	274009	650	0
chr19_KI270914v1_alt	205194	4441	0
chr19_KI270915v1_alt	170665	1924	0
chr19_KI270916v1_alt	184516	2112	0
chr19_KI270917v1_alt	190932	2143	0
chr19_KI270918v1_alt	123111	936	0
chr19_KI270919v1_alt	170701	2458	0
chr19_KI270920v1_alt	198005	2650	0
chr19_KI270921v1_alt	282224	3767	0
chr19_KI270922v1_alt	187935	2673	0
chr19_KI270923v1_alt	189352	3416	0
chr3_KI270924v1_alt	166540	3780	0
chr4_KI270925v1_alt	555799	2786	0
chr6_GL000252v2_alt	4604811	94220	0
chr8_KI270926v1_alt	229282	1517	0
chr11_KI270927v1_alt	218612	840	0
chr19_GL949748v2_alt	1064304	7114	0
chr22_KI270928v1_alt	176103	7227	0
chr19_KI270929v1_alt	186203	3346	0
chr19_KI270930v1_alt	200773	9219	0
chr19_KI270931v1_alt	170148	1939	0
chr19_KI270932v1_alt	215732	5423	0
chr19_KI270933v1_alt	170537	5900	0
chr19_GL000209v2_alt	177381	1968	0
chr3_KI270934v1_alt	163458	3369	0
chr6_GL000253v2_alt	4677643	73680	0
chr19_GL949749v2_alt	1091841	5518	0
chr3_KI270935v1_alt	197351	4447	0
chr6_GL000254v2_alt	4827813	82969	0
chr19_GL949750v2_alt	1066390	5979	0
chr3_KI270936v1_alt	164170	3361	0
chr6_GL000255v2_alt	4606388	95713	1
chr19_GL949751v2_alt	1002683	5965	0
chr3_KI270937v1_alt	165607	3412	0
chr6_GL000256v2_alt	4929269	84287	1
chr19_GL949752v1_alt	987100	22248	0
chr6_KI270758v1_alt	76752	1266	0
chr19_GL949753v2_alt	796479	17644	0
chr19_KI270938v1_alt	1066800	28301	0
chrM	16569	6678	1
chrUn_KI270302v1	2274	2	0
chrUn_KI270304v1	2165	4	0
chrUn_KI270303v1	1942	1	0
chrUn_KI270305v1	1472	0	0
chrUn_KI270322v1	21476	10	0
chrUn_KI270320v1	4416	11	0
chrUn_KI270310v1	1201	6	0
chrUn_KI270316v1	1444	0	0
chrUn_KI270315v1	2276	4	0
chrUn_KI270312v1	998	0	0
chrUn_KI270311v1	12399	2	0
chrUn_KI270317v1	37690	0	0
chrUn_KI270412v1	1179	0	0
chrUn_KI270411v1	2646	11	0
chrUn_KI270414v1	2489	2	0
chrUn_KI270419v1	1029	6	0
chrUn_KI270418v1	2145	5	0
chrUn_KI270420v1	2321	2	0
chrUn_KI270424v1	2140	2	0
chrUn_KI270417v1	2043	0	0
chrUn_KI270422v1	1445	0	0
chrUn_KI270423v1	981	8	0
chrUn_KI270425v1	1884	0	0
chrUn_KI270429v1	1361	2	0
chrUn_KI270442v1	392061	7755	2
chrUn_KI270466v1	1233	252	0
chrUn_KI270465v1	1774	10	0
chrUn_KI270467v1	3920	1119	0
chrUn_KI270435v1	92983	209	0
chrUn_KI270438v1	112505	3501	1
chrUn_KI270468v1	4055	3	0
chrUn_KI270510v1	2415	5	0
chrUn_KI270509v1	2318	6	0
chrUn_KI270518v1	2186	8	0
chrUn_KI270508v1	1951	20	0
chrUn_KI270516v1	1300	1	0
chrUn_KI270512v1	22689	39	0
chrUn_KI270519v1	138126	263	0
chrUn_KI270522v1	5674	7	0
chrUn_KI270511v1	8127	16	0
chrUn_KI270515v1	6361	25	0
chrUn_KI270507v1	5353	15	0
chrUn_KI270517v1	3253	7	0
chrUn_KI270529v1	1899	0	0
chrUn_KI270528v1	2983	4	0
chrUn_KI270530v1	2168	1	0
chrUn_KI270539v1	993	0	0
chrUn_KI270538v1	91309	180	0
chrUn_KI270544v1	1202	2	0
chrUn_KI270548v1	1599	0	0
chrUn_KI270583v1	1400	0	0
chrUn_KI270587v1	2969	19	0
chrUn_KI270580v1	1553	2	0
chrUn_KI270581v1	7046	13	0
chrUn_KI270579v1	31033	22	0
chrUn_KI270589v1	44474	83	1
chrUn_KI270590v1	4685	14	0
chrUn_KI270584v1	4513	25	0
chrUn_KI270582v1	6504	9	0
chrUn_KI270588v1	6158	11	0
chrUn_KI270593v1	3041	11	0
chrUn_KI270591v1	5796	38	0
chrUn_KI270330v1	1652	50	0
chrUn_KI270329v1	1040	0	0
chrUn_KI270334v1	1368	2	0
chrUn_KI270333v1	2699	56	0
chrUn_KI270335v1	1048	8	0
chrUn_KI270338v1	1428	6	0
chrUn_KI270340v1	1428	7	0
chrUn_KI270336v1	1026	12	0
chrUn_KI270337v1	1121	38	0
chrUn_KI270363v1	1803	0	0
chrUn_KI270364v1	2855	2	0
chrUn_KI270362v1	3530	3	0
chrUn_KI270366v1	8320	3	0
chrUn_KI270378v1	1048	0	0
chrUn_KI270379v1	1045	0	0
chrUn_KI270389v1	1298	1	0
chrUn_KI270390v1	2387	0	0
chrUn_KI270387v1	1537	3	0
chrUn_KI270395v1	1143	0	0
chrUn_KI270396v1	1880	2	0
chrUn_KI270388v1	1216	0	0
chrUn_KI270394v1	970	0	0
chrUn_KI270386v1	1788	8	0
chrUn_KI270391v1	1484	0	0
chrUn_KI270383v1	1750	0	0
chrUn_KI270393v1	1308	0	0
chrUn_KI270384v1	1658	2	0
chrUn_KI270392v1	971	0	0
chrUn_KI270381v1	1930	0	0
chrUn_KI270385v1	990	0	0
chrUn_KI270382v1	4215	0	0
chrUn_KI270376v1	1136	0	0
chrUn_KI270374v1	2656	0	0
chrUn_KI270372v1	1650	0	0
chrUn_KI270373v1	1451	0	0
chrUn_KI270375v1	2378	2	0
chrUn_KI270371v1	2805	0	0
chrUn_KI270448v1	7992	19	0
chrUn_KI270521v1	7642	4	0
chrUn_GL000195v1	182896	1655	0
chrUn_GL000219v1	179198	6117	0
chrUn_GL000220v1	161802	5409	0
chrUn_GL000224v1	179693	2206	0
chrUn_KI270741v1	157432	412	1
chrUn_GL000226v1	15008	31	0
chrUn_GL000213v1	164239	8391	0
chrUn_KI270743v1	210658	1032	0
chrUn_KI270744v1	168472	31025	0
chrUn_KI270745v1	41891	409	0
chrUn_KI270746v1	66486	10718	0
chrUn_KI270747v1	198735	129	0
chrUn_KI270748v1	93321	388	0
chrUn_KI270749v1	158759	1935	0
chrUn_KI270750v1	148850	7884	0
chrUn_KI270751v1	150742	9290	0
chrUn_KI270752v1	27745	1	0
chrUn_KI270753v1	62944	422	0
chrUn_KI270754v1	40191	241	0
chrUn_KI270755v1	36723	36	0
chrUn_KI270756v1	79590	118	2
chrUn_KI270757v1	71251	206	0
chrUn_GL000214v1	137718	9536	0
chrUn_KI270742v1	186739	19254	0
chrUn_GL000216v2	176608	2552	1
chrUn_GL000218v1	161147	1986	0
chrX	156040895	5949484	77
chrY	57227415	65560	22
chrY_KI270740v1_random	37240	0	0
*	0	0	38084
