chr1	248956422	8022507	7
chr10	133797422	3131902	17
chr11	135086622	3669390	14
chr11_KI270721v1_random	100316	1103	0
chr12	133275309	3418334	15
chr13	114364328	1336408	1
chr14	107043718	2093705	8
chr14_GL000009v2_random	201709	960	0
chr14_GL000225v1_random	211173	2839	0
chr14_KI270722v1_random	194050	318	0
chr14_GL000194v1_random	191469	1922	0
chr14_KI270723v1_random	38115	326	0
chr14_KI270724v1_random	39555	498	0
chr14_KI270725v1_random	172810	1863	0
chr14_KI270726v1_random	43739	4134	0
chr15	101991189	2396912	7
chr15_KI270727v1_random	448248	11113	0
chr16	90338345	2748896	5
chr16_KI270728v1_random	1872759	36010	0
chr17	83257441	3778882	17
chr17_GL000205v2_random	185591	2359	0
chr17_KI270729v1_random	280839	3088	3
chr17_KI270730v1_random	112551	474	0
chr18	80373285	1076579	4
chr19	58617616	3059804	81
chr1_KI270706v1_random	175055	1093	0
chr1_KI270707v1_random	32032	18	0
chr1_KI270708v1_random	127682	961	0
chr1_KI270709v1_random	66860	518	0
chr1_KI270710v1_random	40176	20	0
chr1_KI270711v1_random	42210	18181	0
chr1_KI270712v1_random	176043	2158	0
chr1_KI270713v1_random	40745	5730	0
chr1_KI270714v1_random	41717	1858	0
chr2	242193529	6245040	14
chr20	64444167	1553347	7
chr21	46709983	731650	7
chr22	50818468	1542133	6
chr22_KI270731v1_random	150754	13752	0
chr22_KI270732v1_random	41543	122	0
chr22_KI270733v1_random	179772	3207	0
chr22_KI270734v1_random	165050	16732	0
chr22_KI270735v1_random	42811	376	0
chr22_KI270736v1_random	181920	1006	6
chr22_KI270737v1_random	103838	325	0
chr22_KI270738v1_random	99375	153	0
chr22_KI270739v1_random	73985	18	0
chr2_KI270715v1_random	161471	50	0
chr2_KI270716v1_random	153799	66	0
chr3	198295559	4242402	8
chr3_GL000221v1_random	155397	790	0
chr4	190214555	2961721	8
chr4_GL000008v2_random	209709	1145	0
chr5	181538259	3460895	9
chr5_GL000208v1_random	92689	51	0
chr6	170805979	2985676	3
chr7	159345973	3670159	12
chr8	145138636	2159198	7
chr9	138394717	2984666	6
chr9_KI270717v1_random	40062	341	0
chr9_KI270718v1_random	38054	1968	0
chr9_KI270719v1_random	176845	2165	0
chr9_KI270720v1_random	39050	2382	0
chr1_KI270762v1_alt	354444	10066	0
chr1_KI270766v1_alt	256271	31050	0
chr1_KI270760v1_alt	109528	229	0
chr1_KI270765v1_alt	185285	2004	0
chr1_GL383518v1_alt	182439	8839	0
chr1_GL383519v1_alt	110268	16483	0
chr1_GL383520v2_alt	366580	3309	0
chr1_KI270764v1_alt	50258	76	0
chr1_KI270763v1_alt	911658	17691	0
chr1_KI270759v1_alt	425601	3801	0
chr1_KI270761v1_alt	165834	14466	0
chr2_KI270770v1_alt	136240	259	0
chr2_KI270773v1_alt	70887	811	0
chr2_KI270774v1_alt	223625	2140	0
chr2_KI270769v1_alt	120616	3316	0
chr2_GL383521v1_alt	143390	184	0
chr2_KI270772v1_alt	133041	882	0
chr2_KI270775v1_alt	138019	102	0
chr2_KI270771v1_alt	110395	98	0
chr2_KI270768v1_alt	110099	1598	0
chr2_GL582966v2_alt	96131	3340	0
chr2_GL383522v1_alt	123821	5011	0
chr2_KI270776v1_alt	174166	3077	0
chr2_KI270767v1_alt	161578	645	0
chr3_JH636055v2_alt	173151	3123	0
chr3_KI270783v1_alt	109187	96	0
chr3_KI270780v1_alt	224108	738	0
chr3_GL383526v1_alt	180671	1299	0
chr3_KI270777v1_alt	173649	2893	0
chr3_KI270778v1_alt	248252	152	0
chr3_KI270781v1_alt	113034	214	0
chr3_KI270779v1_alt	205312	8537	0
chr3_KI270782v1_alt	162429	1186	0
chr3_KI270784v1_alt	184404	4879	0
chr4_KI270790v1_alt	220246	240	0
chr4_GL383528v1_alt	376187	237	0
chr4_KI270787v1_alt	111943	105	0
chr4_GL000257v2_alt	586476	20606	0
chr4_KI270788v1_alt	158965	132	0
chr4_GL383527v1_alt	164536	3093	0
chr4_KI270785v1_alt	119912	104	0
chr4_KI270789v1_alt	205944	504	0
chr4_KI270786v1_alt	244096	120	0
chr5_KI270793v1_alt	126136	899	0
chr5_KI270792v1_alt	179043	3598	0
chr5_KI270791v1_alt	195710	5933	0
chr5_GL383532v1_alt	82728	77	0
chr5_GL949742v1_alt	226852	171	0
chr5_KI270794v1_alt	164558	1828	0
chr5_GL339449v2_alt	1612928	56038	0
chr5_GL383530v1_alt	101241	77	0
chr5_KI270796v1_alt	172708	138	0
chr5_GL383531v1_alt	173459	160	0
chr5_KI270795v1_alt	131892	4714	0
chr6_GL000250v2_alt	4672374	24199	0
chr6_KI270800v1_alt	175808	1333	0
chr6_KI270799v1_alt	152148	68	0
chr6_GL383533v1_alt	124736	722	0
chr6_KI270801v1_alt	870480	7291	0
chr6_KI270802v1_alt	75005	279	0
chr6_KB021644v2_alt	185823	313	0
chr6_KI270797v1_alt	197536	3226	0
chr6_KI270798v1_alt	271782	3269	0
chr7_KI270804v1_alt	157952	476	0
chr7_KI270809v1_alt	209586	7652	0
chr7_KI270806v1_alt	158166	4442	0
chr7_GL383534v2_alt	119183	3240	0
chr7_KI270803v1_alt	1111570	26826	0
chr7_KI270808v1_alt	271455	1299	0
chr7_KI270807v1_alt	126434	368	0
chr7_KI270805v1_alt	209988	606	0
chr8_KI270818v1_alt	145606	377	0
chr8_KI270812v1_alt	282736	605	0
chr8_KI270811v1_alt	292436	764	0
chr8_KI270821v1_alt	985506	11235	0
chr8_KI270813v1_alt	300230	32954	0
chr8_KI270822v1_alt	624492	8457	0
chr8_KI270814v1_alt	141812	341	0
chr8_KI270810v1_alt	374415	273	0
chr8_KI270819v1_alt	133535	2632	0
chr8_KI270820v1_alt	36640	255	0
chr8_KI270817v1_alt	158983	1348	0
chr8_KI270816v1_alt	305841	14021	0
chr8_KI270815v1_alt	132244	1454	0
chr9_GL383539v1_alt	162988	1036	0
chr9_GL383540v1_alt	71551	1514	0
chr9_GL383541v1_alt	171286	1231	0
chr9_GL383542v1_alt	60032	503	0
chr9_KI270823v1_alt	439082	2049	0
chr10_GL383545v1_alt	179254	1684	0
chr10_KI270824v1_alt	181496	958	0
chr10_GL383546v1_alt	309802	4140	0
chr10_KI270825v1_alt	188315	4842	0
chr11_KI270832v1_alt	210133	9415	0
chr11_KI270830v1_alt	177092	1966	0
chr11_KI270831v1_alt	296895	6542	0
chr11_KI270829v1_alt	204059	3027	0
chr11_GL383547v1_alt	154407	101	0
chr11_JH159136v1_alt	200998	7083	0
chr11_JH159137v1_alt	191409	1897	0
chr11_KI270827v1_alt	67707	211	0
chr11_KI270826v1_alt	186169	398	0
chr12_GL877875v1_alt	167313	3099	0
chr12_GL877876v1_alt	408271	7396	0
chr12_KI270837v1_alt	40090	2553	0
chr12_GL383549v1_alt	120804	133	0
chr12_KI270835v1_alt	238139	1124	0
chr12_GL383550v2_alt	169178	1071	0
chr12_GL383552v1_alt	138655	753	0
chr12_GL383553v2_alt	152874	1988	0
chr12_KI270834v1_alt	119498	7910	0
chr12_GL383551v1_alt	184319	220	0
chr12_KI270833v1_alt	76061	2366	0
chr12_KI270836v1_alt	56134	122	0
chr13_KI270840v1_alt	191684	1371	0
chr13_KI270839v1_alt	180306	866	0
chr13_KI270843v1_alt	103832	74	0
chr13_KI270841v1_alt	169134	98	0
chr13_KI270838v1_alt	306913	2576	0
chr13_KI270842v1_alt	37287	124	0
chr14_KI270844v1_alt	322166	5202	0
chr14_KI270847v1_alt	1511111	30297	0
chr14_KI270845v1_alt	180703	1200	0
chr14_KI270846v1_alt	1351393	43802	1
chr15_KI270852v1_alt	478999	11915	0
chr15_KI270851v1_alt	263054	11466	0
chr15_KI270848v1_alt	327382	7230	0
chr15_GL383554v1_alt	296527	4660	0
chr15_KI270849v1_alt	244917	4882	0
chr15_GL383555v2_alt	388773	3454	0
chr15_KI270850v1_alt	430880	6043	0
chr16_KI270854v1_alt	134193	2864	0
chr16_KI270856v1_alt	63982	248	0
chr16_KI270855v1_alt	232857	7984	0
chr16_KI270853v1_alt	2659700	136510	0
chr16_GL383556v1_alt	192462	8015	0
chr16_GL383557v1_alt	89672	2039	0
chr17_GL383563v3_alt	375691	1916	0
chr17_KI270862v1_alt	391357	5126	0
chr17_KI270861v1_alt	196688	13676	0
chr17_KI270857v1_alt	2877074	85245	0
chr17_JH159146v1_alt	278131	13091	0
chr17_JH159147v1_alt	70345	6207	0
chr17_GL383564v2_alt	133151	6161	0
chr17_GL000258v2_alt	1821992	24248	0
chr17_GL383565v1_alt	223995	179	0
chr17_KI270858v1_alt	235827	216	0
chr17_KI270859v1_alt	108763	252	0
chr17_GL383566v1_alt	90219	185	0
chr17_KI270860v1_alt	178921	3288	0
chr18_KI270864v1_alt	111737	72	0
chr18_GL383567v1_alt	289831	1456	0
chr18_GL383570v1_alt	164789	144	0
chr18_GL383571v1_alt	198278	1987	0
chr18_GL383568v1_alt	104552	76	0
chr18_GL383569v1_alt	167950	244	0
chr18_GL383572v1_alt	159547	642	0
chr18_KI270863v1_alt	167999	1493	0
chr19_KI270868v1_alt	61734	1900	0
chr19_KI270865v1_alt	52969	2048	0
chr19_GL383573v1_alt	385657	1797	0
chr19_GL383575v2_alt	170222	1323	0
chr19_GL383576v1_alt	188024	1317	0
chr19_GL383574v1_alt	155864	2222	0
chr19_KI270866v1_alt	43156	1873	0
chr19_KI270867v1_alt	233762	3266	0
chr19_GL949746v1_alt	987716	14312	0
chr20_GL383577v2_alt	128386	245	0
chr20_KI270869v1_alt	118774	2675	0
chr20_KI270871v1_alt	58661	1539	0
chr20_KI270870v1_alt	183433	4838	0
chr21_GL383578v2_alt	63917	64	0
chr21_KI270874v1_alt	166743	128	0
chr21_KI270873v1_alt	143900	384	0
chr21_GL383579v2_alt	201197	150	0
chr21_GL383580v2_alt	74653	1463	0
chr21_GL383581v2_alt	116689	4033	0
chr21_KI270872v1_alt	82692	2219	0
chr22_KI270875v1_alt	259914	6016	0
chr22_KI270878v1_alt	186262	2024	0
chr22_KI270879v1_alt	304135	30111	0
chr22_KI270876v1_alt	263666	2908	0
chr22_KI270877v1_alt	101331	1577	0
chr22_GL383583v2_alt	96924	1280	0
chr22_GL383582v2_alt	162811	5250	0
chrX_KI270880v1_alt	284869	1133	0
chrX_KI270881v1_alt	144206	894	0
chr19_KI270882v1_alt	248807	498	0
chr19_KI270883v1_alt	170399	566	0
chr19_KI270884v1_alt	157053	369	0
chr19_KI270885v1_alt	171027	468	0
chr19_KI270886v1_alt	204239	436	0
chr19_KI270887v1_alt	209512	537	0
chr19_KI270888v1_alt	155532	414	0
chr19_KI270889v1_alt	170698	486	0
chr19_KI270890v1_alt	184499	504	0
chr19_KI270891v1_alt	170680	494	0
chr1_KI270892v1_alt	162212	14335	0
chr2_KI270894v1_alt	214158	2678	1
chr2_KI270893v1_alt	161218	628	0
chr3_KI270895v1_alt	162896	5087	0
chr4_KI270896v1_alt	378547	5601	0
chr5_KI270897v1_alt	1144418	28408	0
chr5_KI270898v1_alt	130957	5051	0
chr6_GL000251v2_alt	4795265	69973	0
chr7_KI270899v1_alt	190869	4679	0
chr8_KI270901v1_alt	136959	294	0
chr8_KI270900v1_alt	318687	1313	0
chr11_KI270902v1_alt	106711	17684	0
chr11_KI270903v1_alt	214625	2750	0
chr12_KI270904v1_alt	572349	10810	0
chr15_KI270906v1_alt	196384	1924	0
chr15_KI270905v1_alt	5161414	88443	0
chr17_KI270907v1_alt	137721	435	0
chr17_KI270910v1_alt	157099	2851	0
chr17_KI270909v1_alt	325800	16562	0
chr17_JH159148v1_alt	88070	2451	0
chr17_KI270908v1_alt	1423190	36144	0
chr18_KI270912v1_alt	174061	280	0
chr18_KI270911v1_alt	157710	577	0
chr19_GL949747v2_alt	729520	5853	0
chr22_KB663609v1_alt	74013	3460	0
chrX_KI270913v1_alt	274009	2495	0
chr19_KI270914v1_alt	205194	563	0
chr19_KI270915v1_alt	170665	437	0
chr19_KI270916v1_alt	184516	410	0
chr19_KI270917v1_alt	190932	644	0
chr19_KI270918v1_alt	123111	312	0
chr19_KI270919v1_alt	170701	730	0
chr19_KI270920v1_alt	198005	512	0
chr19_KI270921v1_alt	282224	669	0
chr19_KI270922v1_alt	187935	615	0
chr19_KI270923v1_alt	189352	764	0
chr3_KI270924v1_alt	166540	5652	0
chr4_KI270925v1_alt	555799	717	0
chr6_GL000252v2_alt	4604811	70612	0
chr8_KI270926v1_alt	229282	1759	0
chr11_KI270927v1_alt	218612	17604	0
chr19_GL949748v2_alt	1064304	3561	0
chr22_KI270928v1_alt	176103	6958	0
chr19_KI270929v1_alt	186203	631	0
chr19_KI270930v1_alt	200773	649	0
chr19_KI270931v1_alt	170148	480	0
chr19_KI270932v1_alt	215732	648	0
chr19_KI270933v1_alt	170537	436	0
chr19_GL000209v2_alt	177381	493	0
chr3_KI270934v1_alt	163458	5081	0
chr6_GL000253v2_alt	4677643	51369	0
chr19_GL949749v2_alt	1091841	3526	0
chr3_KI270935v1_alt	197351	11024	0
chr6_GL000254v2_alt	4827813	64021	0
chr19_GL949750v2_alt	1066390	3444	0
chr3_KI270936v1_alt	164170	5278	0
chr6_GL000255v2_alt	4606388	65188	0
chr19_GL949751v2_alt	1002683	3583	0
chr3_KI270937v1_alt	165607	5779	0
chr6_GL000256v2_alt	4929269	62728	0
chr19_GL949752v1_alt	987100	16015	1
chr6_KI270758v1_alt	76752	418	0
chr19_GL949753v2_alt	796479	9239	0
chr19_KI270938v1_alt	1066800	17639	0
chrM	16569	13270	0
chrUn_KI270302v1	2274	0	0
chrUn_KI270304v1	2165	0	0
chrUn_KI270303v1	1942	2	0
chrUn_KI270305v1	1472	0	0
chrUn_KI270322v1	21476	2	0
chrUn_KI270320v1	4416	2	0
chrUn_KI270310v1	1201	8	0
chrUn_KI270316v1	1444	0	0
chrUn_KI270315v1	2276	2	0
chrUn_KI270312v1	998	2	0
chrUn_KI270311v1	12399	0	0
chrUn_KI270317v1	37690	2	0
chrUn_KI270412v1	1179	0	0
chrUn_KI270411v1	2646	0	0
chrUn_KI270414v1	2489	0	0
chrUn_KI270419v1	1029	4	0
chrUn_KI270418v1	2145	2	0
chrUn_KI270420v1	2321	2	0
chrUn_KI270424v1	2140	2	0
chrUn_KI270417v1	2043	0	0
chrUn_KI270422v1	1445	0	0
chrUn_KI270423v1	981	0	0
chrUn_KI270425v1	1884	2	0
chrUn_KI270429v1	1361	2	0
chrUn_KI270442v1	392061	4367	0
chrUn_KI270466v1	1233	69	0
chrUn_KI270465v1	1774	6	0
chrUn_KI270467v1	3920	356	0
chrUn_KI270435v1	92983	94	0
chrUn_KI270438v1	112505	4907	0
chrUn_KI270468v1	4055	0	0
chrUn_KI270510v1	2415	2	0
chrUn_KI270509v1	2318	0	0
chrUn_KI270518v1	2186	6	0
chrUn_KI270508v1	1951	2	0
chrUn_KI270516v1	1300	0	0
chrUn_KI270512v1	22689	15	0
chrUn_KI270519v1	138126	179	0
chrUn_KI270522v1	5674	2	0
chrUn_KI270511v1	8127	4	0
chrUn_KI270515v1	6361	24	0
chrUn_KI270507v1	5353	2	0
chrUn_KI270517v1	3253	6	0
chrUn_KI270529v1	1899	0	0
chrUn_KI270528v1	2983	1	0
chrUn_KI270530v1	2168	0	0
chrUn_KI270539v1	993	0	0
chrUn_KI270538v1	91309	109	0
chrUn_KI270544v1	1202	1	0
chrUn_KI270548v1	1599	0	0
chrUn_KI270583v1	1400	2	0
chrUn_KI270587v1	2969	4	0
chrUn_KI270580v1	1553	2	0
chrUn_KI270581v1	7046	2	0
chrUn_KI270579v1	31033	10	0
chrUn_KI270589v1	44474	86	0
chrUn_KI270590v1	4685	16	0
chrUn_KI270584v1	4513	2	0
chrUn_KI270582v1	6504	4	0
chrUn_KI270588v1	6158	12	0
chrUn_KI270593v1	3041	11	0
chrUn_KI270591v1	5796	23	0
chrUn_KI270330v1	1652	32	0
chrUn_KI270329v1	1040	0	0
chrUn_KI270334v1	1368	0	0
chrUn_KI270333v1	2699	61	0
chrUn_KI270335v1	1048	0	0
chrUn_KI270338v1	1428	2	0
chrUn_KI270340v1	1428	0	0
chrUn_KI270336v1	1026	25	0
chrUn_KI270337v1	1121	50	0
chrUn_KI270363v1	1803	2	0
chrUn_KI270364v1	2855	0	0
chrUn_KI270362v1	3530	0	0
chrUn_KI270366v1	8320	6	0
chrUn_KI270378v1	1048	0	0
chrUn_KI270379v1	1045	0	0
chrUn_KI270389v1	1298	0	0
chrUn_KI270390v1	2387	0	0
chrUn_KI270387v1	1537	0	0
chrUn_KI270395v1	1143	0	0
chrUn_KI270396v1	1880	0	0
chrUn_KI270388v1	1216	0	0
chrUn_KI270394v1	970	0	0
chrUn_KI270386v1	1788	0	0
chrUn_KI270391v1	1484	0	0
chrUn_KI270383v1	1750	0	0
chrUn_KI270393v1	1308	0	0
chrUn_KI270384v1	1658	0	0
chrUn_KI270392v1	971	0	0
chrUn_KI270381v1	1930	0	0
chrUn_KI270385v1	990	0	0
chrUn_KI270382v1	4215	2	0
chrUn_KI270376v1	1136	0	0
chrUn_KI270374v1	2656	0	0
chrUn_KI270372v1	1650	0	0
chrUn_KI270373v1	1451	0	0
chrUn_KI270375v1	2378	0	0
chrUn_KI270371v1	2805	0	0
chrUn_KI270448v1	7992	6	0
chrUn_KI270521v1	7642	12	0
chrUn_GL000195v1	182896	587	0
chrUn_GL000219v1	179198	1309	2
chrUn_GL000220v1	161802	2149	0
chrUn_GL000224v1	179693	1528	0
chrUn_KI270741v1	157432	83	0
chrUn_GL000226v1	15008	27	0
chrUn_GL000213v1	164239	9312	0
chrUn_KI270743v1	210658	881	0
chrUn_KI270744v1	168472	2630	0
chrUn_KI270745v1	41891	38	0
chrUn_KI270746v1	66486	14504	0
chrUn_KI270747v1	198735	366	0
chrUn_KI270748v1	93321	193	0
chrUn_KI270749v1	158759	1474	0
chrUn_KI270750v1	148850	3397	0
chrUn_KI270751v1	150742	778	0
chrUn_KI270752v1	27745	0	0
chrUn_KI270753v1	62944	213	0
chrUn_KI270754v1	40191	1261	0
chrUn_KI270755v1	36723	22	0
chrUn_KI270756v1	79590	189	0
chrUn_KI270757v1	71251	134	0
chrUn_GL000214v1	137718	1471	0
chrUn_KI270742v1	186739	1059	0
chrUn_GL000216v2	176608	2323	3
chrUn_GL000218v1	161147	2408	0
chrX	156040895	2434037	3
chrY	57227415	279201	20
chrY_KI270740v1_random	37240	12	0
*	0	0	29088
