chr1	248956422	7699225	211
chr10	133797422	3588075	97
chr11	135086622	4049756	170
chr11_KI270721v1_random	100316	802	0
chr12	133275309	4023361	119
chr13	114364328	1704078	84
chr14	107043718	2244297	68
chr14_GL000009v2_random	201709	5654	1
chr14_GL000225v1_random	211173	3326	16
chr14_KI270722v1_random	194050	815	0
chr14_GL000194v1_random	191469	3274	0
chr14_KI270723v1_random	38115	1009	1
chr14_KI270724v1_random	39555	538	0
chr14_KI270725v1_random	172810	713	0
chr14_KI270726v1_random	43739	45	0
chr15	101991189	2372385	51
chr15_KI270727v1_random	448248	9195	1
chr16	90338345	2444387	85
chr16_KI270728v1_random	1872759	34572	1
chr17	83257441	3545822	88
chr17_GL000205v2_random	185591	9585	0
chr17_KI270729v1_random	280839	1124	4
chr17_KI270730v1_random	112551	381	3
chr18	80373285	1286187	56
chr19	58617616	3067133	117
chr1_KI270706v1_random	175055	5245	1
chr1_KI270707v1_random	32032	95	0
chr1_KI270708v1_random	127682	114	0
chr1_KI270709v1_random	66860	683	0
chr1_KI270710v1_random	40176	63	0
chr1_KI270711v1_random	42210	15323	0
chr1_KI270712v1_random	176043	1896	1
chr1_KI270713v1_random	40745	2929	0
chr1_KI270714v1_random	41717	3023	0
chr2	242193529	5173298	133
chr20	64444167	1887483	51
chr21	46709983	845455	36
chr22	50818468	1366708	64
chr22_KI270731v1_random	150754	2020	0
chr22_KI270732v1_random	41543	316	0
chr22_KI270733v1_random	179772	5550	1
chr22_KI270734v1_random	165050	4803	0
chr22_KI270735v1_random	42811	328	0
chr22_KI270736v1_random	181920	1087	8
chr22_KI270737v1_random	103838	124	0
chr22_KI270738v1_random	99375	102	0
chr22_KI270739v1_random	73985	29	0
chr2_KI270715v1_random	161471	78	0
chr2_KI270716v1_random	153799	53	0
chr3	198295559	4236372	205
chr3_GL000221v1_random	155397	6721	0
chr4	190214555	3074626	94
chr4_GL000008v2_random	209709	3567	2
chr5	181538259	3414752	141
chr5_GL000208v1_random	92689	75	0
chr6	170805979	3738507	101
chr7	159345973	3714565	125
chr8	145138636	2624421	84
chr9	138394717	3310956	104
chr9_KI270717v1_random	40062	157	0
chr9_KI270718v1_random	38054	1879	0
chr9_KI270719v1_random	176845	1629	0
chr9_KI270720v1_random	39050	2182	0
chr1_KI270762v1_alt	354444	6753	0
chr1_KI270766v1_alt	256271	14106	0
chr1_KI270760v1_alt	109528	511	0
chr1_KI270765v1_alt	185285	1498	0
chr1_GL383518v1_alt	182439	9572	0
chr1_GL383519v1_alt	110268	10045	0
chr1_GL383520v2_alt	366580	4027	0
chr1_KI270764v1_alt	50258	170	0
chr1_KI270763v1_alt	911658	7922	0
chr1_KI270759v1_alt	425601	1348	0
chr1_KI270761v1_alt	165834	5472	0
chr2_KI270770v1_alt	136240	480	0
chr2_KI270773v1_alt	70887	225	0
chr2_KI270774v1_alt	223625	3002	0
chr2_KI270769v1_alt	120616	2254	0
chr2_GL383521v1_alt	143390	307	1
chr2_KI270772v1_alt	133041	497	0
chr2_KI270775v1_alt	138019	177	0
chr2_KI270771v1_alt	110395	156	0
chr2_KI270768v1_alt	110099	1240	0
chr2_GL582966v2_alt	96131	348	0
chr2_GL383522v1_alt	123821	2249	0
chr2_KI270776v1_alt	174166	1536	2
chr2_KI270767v1_alt	161578	655	0
chr3_JH636055v2_alt	173151	2902	0
chr3_KI270783v1_alt	109187	201	0
chr3_KI270780v1_alt	224108	1091	0
chr3_GL383526v1_alt	180671	1505	0
chr3_KI270777v1_alt	173649	1164	0
chr3_KI270778v1_alt	248252	239	0
chr3_KI270781v1_alt	113034	371	0
chr3_KI270779v1_alt	205312	2742	1
chr3_KI270782v1_alt	162429	1907	0
chr3_KI270784v1_alt	184404	2376	0
chr4_KI270790v1_alt	220246	313	0
chr4_GL383528v1_alt	376187	488	0
chr4_KI270787v1_alt	111943	205	0
chr4_GL000257v2_alt	586476	15499	0
chr4_KI270788v1_alt	158965	218	0
chr4_GL383527v1_alt	164536	4925	0
chr4_KI270785v1_alt	119912	207	0
chr4_KI270789v1_alt	205944	1027	0
chr4_KI270786v1_alt	244096	327	0
chr5_KI270793v1_alt	126136	1136	0
chr5_KI270792v1_alt	179043	4744	0
chr5_KI270791v1_alt	195710	7029	0
chr5_GL383532v1_alt	82728	91	0
chr5_GL949742v1_alt	226852	333	0
chr5_KI270794v1_alt	164558	1855	0
chr5_GL339449v2_alt	1612928	27063	0
chr5_GL383530v1_alt	101241	153	0
chr5_KI270796v1_alt	172708	247	0
chr5_GL383531v1_alt	173459	299	0
chr5_KI270795v1_alt	131892	1472	0
chr6_GL000250v2_alt	4672374	25154	1
chr6_KI270800v1_alt	175808	703	0
chr6_KI270799v1_alt	152148	146	0
chr6_GL383533v1_alt	124736	1001	0
chr6_KI270801v1_alt	870480	9431	1
chr6_KI270802v1_alt	75005	331	0
chr6_KB021644v2_alt	185823	645	0
chr6_KI270797v1_alt	197536	6015	0
chr6_KI270798v1_alt	271782	4779	0
chr7_KI270804v1_alt	157952	607	0
chr7_KI270809v1_alt	209586	6648	0
chr7_KI270806v1_alt	158166	3914	0
chr7_GL383534v2_alt	119183	2454	0
chr7_KI270803v1_alt	1111570	16579	0
chr7_KI270808v1_alt	271455	1777	0
chr7_KI270807v1_alt	126434	610	0
chr7_KI270805v1_alt	209988	1111	0
chr8_KI270818v1_alt	145606	752	0
chr8_KI270812v1_alt	282736	1468	0
chr8_KI270811v1_alt	292436	1217	1
chr8_KI270821v1_alt	985506	14257	0
chr8_KI270813v1_alt	300230	10416	0
chr8_KI270822v1_alt	624492	8697	0
chr8_KI270814v1_alt	141812	697	0
chr8_KI270810v1_alt	374415	585	0
chr8_KI270819v1_alt	133535	1868	0
chr8_KI270820v1_alt	36640	349	0
chr8_KI270817v1_alt	158983	1931	0
chr8_KI270816v1_alt	305841	8680	0
chr8_KI270815v1_alt	132244	675	0
chr9_GL383539v1_alt	162988	1092	0
chr9_GL383540v1_alt	71551	2779	0
chr9_GL383541v1_alt	171286	2689	0
chr9_GL383542v1_alt	60032	1119	0
chr9_KI270823v1_alt	439082	3684	0
chr10_GL383545v1_alt	179254	1578	0
chr10_KI270824v1_alt	181496	940	0
chr10_GL383546v1_alt	309802	4455	0
chr10_KI270825v1_alt	188315	6786	0
chr11_KI270832v1_alt	210133	8684	1
chr11_KI270830v1_alt	177092	1857	0
chr11_KI270831v1_alt	296895	7563	2
chr11_KI270829v1_alt	204059	4163	0
chr11_GL383547v1_alt	154407	198	0
chr11_JH159136v1_alt	200998	7270	0
chr11_JH159137v1_alt	191409	2376	0
chr11_KI270827v1_alt	67707	284	0
chr11_KI270826v1_alt	186169	754	0
chr12_GL877875v1_alt	167313	2972	0
chr12_GL877876v1_alt	408271	5960	0
chr12_KI270837v1_alt	40090	1532	0
chr12_GL383549v1_alt	120804	226	0
chr12_KI270835v1_alt	238139	1886	0
chr12_GL383550v2_alt	169178	1019	0
chr12_GL383552v1_alt	138655	876	0
chr12_GL383553v2_alt	152874	4119	0
chr12_KI270834v1_alt	119498	1601	0
chr12_GL383551v1_alt	184319	527	0
chr12_KI270833v1_alt	76061	4151	0
chr12_KI270836v1_alt	56134	198	0
chr13_KI270840v1_alt	191684	3133	0
chr13_KI270839v1_alt	180306	559	0
chr13_KI270843v1_alt	103832	110	0
chr13_KI270841v1_alt	169134	252	0
chr13_KI270838v1_alt	306913	3573	0
chr13_KI270842v1_alt	37287	180	0
chr14_KI270844v1_alt	322166	8002	0
chr14_KI270847v1_alt	1511111	38136	0
chr14_KI270845v1_alt	180703	1301	0
chr14_KI270846v1_alt	1351393	5765	2
chr15_KI270852v1_alt	478999	9028	1
chr15_KI270851v1_alt	263054	15534	1
chr15_KI270848v1_alt	327382	9784	0
chr15_GL383554v1_alt	296527	6830	0
chr15_KI270849v1_alt	244917	3276	0
chr15_GL383555v2_alt	388773	3747	1
chr15_KI270850v1_alt	430880	8303	0
chr16_KI270854v1_alt	134193	2381	0
chr16_KI270856v1_alt	63982	245	0
chr16_KI270855v1_alt	232857	7831	0
chr16_KI270853v1_alt	2659700	64186	1
chr16_GL383556v1_alt	192462	6816	0
chr16_GL383557v1_alt	89672	2434	0
chr17_GL383563v3_alt	375691	1916	0
chr17_KI270862v1_alt	391357	7996	1
chr17_KI270861v1_alt	196688	11867	0
chr17_KI270857v1_alt	2877074	80632	1
chr17_JH159146v1_alt	278131	10548	0
chr17_JH159147v1_alt	70345	2231	0
chr17_GL383564v2_alt	133151	9389	1
chr17_GL000258v2_alt	1821992	19212	0
chr17_GL383565v1_alt	223995	354	0
chr17_KI270858v1_alt	235827	476	1
chr17_KI270859v1_alt	108763	564	0
chr17_GL383566v1_alt	90219	350	0
chr17_KI270860v1_alt	178921	2154	0
chr18_KI270864v1_alt	111737	180	0
chr18_GL383567v1_alt	289831	1626	0
chr18_GL383570v1_alt	164789	361	1
chr18_GL383571v1_alt	198278	1760	0
chr18_GL383568v1_alt	104552	176	0
chr18_GL383569v1_alt	167950	541	0
chr18_GL383572v1_alt	159547	642	0
chr18_KI270863v1_alt	167999	2121	0
chr19_KI270868v1_alt	61734	1480	0
chr19_KI270865v1_alt	52969	266	0
chr19_GL383573v1_alt	385657	3655	1
chr19_GL383575v2_alt	170222	2025	0
chr19_GL383576v1_alt	188024	1741	0
chr19_GL383574v1_alt	155864	3020	0
chr19_KI270866v1_alt	43156	2017	0
chr19_KI270867v1_alt	233762	4872	0
chr19_GL949746v1_alt	987716	19567	0
chr20_GL383577v2_alt	128386	499	0
chr20_KI270869v1_alt	118774	3854	0
chr20_KI270871v1_alt	58661	2179	0
chr20_KI270870v1_alt	183433	5770	0
chr21_GL383578v2_alt	63917	92	0
chr21_KI270874v1_alt	166743	238	0
chr21_KI270873v1_alt	143900	896	0
chr21_GL383579v2_alt	201197	254	1
chr21_GL383580v2_alt	74653	517	0
chr21_GL383581v2_alt	116689	4710	0
chr21_KI270872v1_alt	82692	3134	0
chr22_KI270875v1_alt	259914	4517	0
chr22_KI270878v1_alt	186262	2100	0
chr22_KI270879v1_alt	304135	11616	0
chr22_KI270876v1_alt	263666	4186	1
chr22_KI270877v1_alt	101331	2907	0
chr22_GL383583v2_alt	96924	2034	0
chr22_GL383582v2_alt	162811	4249	0
chrX_KI270880v1_alt	284869	500	1
chrX_KI270881v1_alt	144206	1841	0
chr19_KI270882v1_alt	248807	5619	0
chr19_KI270883v1_alt	170399	1319	0
chr19_KI270884v1_alt	157053	1378	0
chr19_KI270885v1_alt	171027	1283	0
chr19_KI270886v1_alt	204239	3842	0
chr19_KI270887v1_alt	209512	2852	0
chr19_KI270888v1_alt	155532	1413	0
chr19_KI270889v1_alt	170698	1313	0
chr19_KI270890v1_alt	184499	3168	0
chr19_KI270891v1_alt	170680	1417	0
chr1_KI270892v1_alt	162212	5367	0
chr2_KI270894v1_alt	214158	1099	1
chr2_KI270893v1_alt	161218	616	0
chr3_KI270895v1_alt	162896	2235	0
chr4_KI270896v1_alt	378547	3698	0
chr5_KI270897v1_alt	1144418	16414	0
chr5_KI270898v1_alt	130957	1656	0
chr6_GL000251v2_alt	4795265	65582	1
chr7_KI270899v1_alt	190869	617	0
chr8_KI270901v1_alt	136959	645	0
chr8_KI270900v1_alt	318687	886	0
chr11_KI270902v1_alt	106711	857	0
chr11_KI270903v1_alt	214625	1861	0
chr12_KI270904v1_alt	572349	8750	0
chr15_KI270906v1_alt	196384	3816	0
chr15_KI270905v1_alt	5161414	74718	2
chr17_KI270907v1_alt	137721	758	0
chr17_KI270910v1_alt	157099	4738	0
chr17_KI270909v1_alt	325800	13049	0
chr17_JH159148v1_alt	88070	1515	0
chr17_KI270908v1_alt	1423190	31681	4
chr18_KI270912v1_alt	174061	477	0
chr18_KI270911v1_alt	157710	634	0
chr19_GL949747v2_alt	729520	10540	0
chr22_KB663609v1_alt	74013	2213	0
chrX_KI270913v1_alt	274009	887	4
chr19_KI270914v1_alt	205194	2582	0
chr19_KI270915v1_alt	170665	1258	0
chr19_KI270916v1_alt	184516	2859	0
chr19_KI270917v1_alt	190932	1463	0
chr19_KI270918v1_alt	123111	1047	0
chr19_KI270919v1_alt	170701	1613	0
chr19_KI270920v1_alt	198005	2647	0
chr19_KI270921v1_alt	282224	5892	0
chr19_KI270922v1_alt	187935	1693	0
chr19_KI270923v1_alt	189352	2253	0
chr3_KI270924v1_alt	166540	3512	0
chr4_KI270925v1_alt	555799	1875	0
chr6_GL000252v2_alt	4604811	70315	3
chr8_KI270926v1_alt	229282	1477	0
chr11_KI270927v1_alt	218612	1122	0
chr19_GL949748v2_alt	1064304	4828	1
chr22_KI270928v1_alt	176103	5080	0
chr19_KI270929v1_alt	186203	1919	0
chr19_KI270930v1_alt	200773	2500	0
chr19_KI270931v1_alt	170148	1390	0
chr19_KI270932v1_alt	215732	3111	0
chr19_KI270933v1_alt	170537	2562	0
chr19_GL000209v2_alt	177381	3162	0
chr3_KI270934v1_alt	163458	2135	0
chr6_GL000253v2_alt	4677643	47579	1
chr19_GL949749v2_alt	1091841	4664	0
chr3_KI270935v1_alt	197351	2489	0
chr6_GL000254v2_alt	4827813	62661	2
chr19_GL949750v2_alt	1066390	4115	0
chr3_KI270936v1_alt	164170	2183	0
chr6_GL000255v2_alt	4606388	55986	1
chr19_GL949751v2_alt	1002683	5218	1
chr3_KI270937v1_alt	165607	2076	0
chr6_GL000256v2_alt	4929269	57937	0
chr19_GL949752v1_alt	987100	17577	0
chr6_KI270758v1_alt	76752	693	0
chr19_GL949753v2_alt	796479	14254	0
chr19_KI270938v1_alt	1066800	23058	0
chrM	16569	3191	0
chrUn_KI270302v1	2274	0	0
chrUn_KI270304v1	2165	0	0
chrUn_KI270303v1	1942	2	0
chrUn_KI270305v1	1472	2	0
chrUn_KI270322v1	21476	8	0
chrUn_KI270320v1	4416	12	0
chrUn_KI270310v1	1201	4	0
chrUn_KI270316v1	1444	0	0
chrUn_KI270315v1	2276	0	0
chrUn_KI270312v1	998	2	0
chrUn_KI270311v1	12399	0	0
chrUn_KI270317v1	37690	0	0
chrUn_KI270412v1	1179	0	0
chrUn_KI270411v1	2646	1	0
chrUn_KI270414v1	2489	3	0
chrUn_KI270419v1	1029	0	0
chrUn_KI270418v1	2145	4	0
chrUn_KI270420v1	2321	0	0
chrUn_KI270424v1	2140	0	0
chrUn_KI270417v1	2043	1	0
chrUn_KI270422v1	1445	2	0
chrUn_KI270423v1	981	0	0
chrUn_KI270425v1	1884	4	0
chrUn_KI270429v1	1361	6	0
chrUn_KI270442v1	392061	4247	5
chrUn_KI270466v1	1233	82	0
chrUn_KI270465v1	1774	8	0
chrUn_KI270467v1	3920	344	0
chrUn_KI270435v1	92983	156	0
chrUn_KI270438v1	112505	2349	3
chrUn_KI270468v1	4055	8	0
chrUn_KI270510v1	2415	8	0
chrUn_KI270509v1	2318	5	0
chrUn_KI270518v1	2186	4	0
chrUn_KI270508v1	1951	4	0
chrUn_KI270516v1	1300	4	0
chrUn_KI270512v1	22689	32	0
chrUn_KI270519v1	138126	189	0
chrUn_KI270522v1	5674	0	0
chrUn_KI270511v1	8127	4	0
chrUn_KI270515v1	6361	26	0
chrUn_KI270507v1	5353	24	0
chrUn_KI270517v1	3253	8	0
chrUn_KI270529v1	1899	0	0
chrUn_KI270528v1	2983	2	0
chrUn_KI270530v1	2168	2	0
chrUn_KI270539v1	993	0	0
chrUn_KI270538v1	91309	156	0
chrUn_KI270544v1	1202	2	0
chrUn_KI270548v1	1599	0	0
chrUn_KI270583v1	1400	6	0
chrUn_KI270587v1	2969	20	0
chrUn_KI270580v1	1553	0	0
chrUn_KI270581v1	7046	4	0
chrUn_KI270579v1	31033	12	0
chrUn_KI270589v1	44474	104	0
chrUn_KI270590v1	4685	23	0
chrUn_KI270584v1	4513	7	0
chrUn_KI270582v1	6504	6	0
chrUn_KI270588v1	6158	4	0
chrUn_KI270593v1	3041	13	0
chrUn_KI270591v1	5796	30	0
chrUn_KI270330v1	1652	30	0
chrUn_KI270329v1	1040	2	0
chrUn_KI270334v1	1368	0	0
chrUn_KI270333v1	2699	153	1
chrUn_KI270335v1	1048	2	0
chrUn_KI270338v1	1428	2	0
chrUn_KI270340v1	1428	2	0
chrUn_KI270336v1	1026	30	0
chrUn_KI270337v1	1121	122	0
chrUn_KI270363v1	1803	0	0
chrUn_KI270364v1	2855	2	0
chrUn_KI270362v1	3530	8	0
chrUn_KI270366v1	8320	6	0
chrUn_KI270378v1	1048	0	0
chrUn_KI270379v1	1045	0	0
chrUn_KI270389v1	1298	0	0
chrUn_KI270390v1	2387	0	0
chrUn_KI270387v1	1537	2	0
chrUn_KI270395v1	1143	6	0
chrUn_KI270396v1	1880	0	0
chrUn_KI270388v1	1216	0	0
chrUn_KI270394v1	970	0	0
chrUn_KI270386v1	1788	0	0
chrUn_KI270391v1	1484	0	0
chrUn_KI270383v1	1750	0	0
chrUn_KI270393v1	1308	0	0
chrUn_KI270384v1	1658	0	0
chrUn_KI270392v1	971	0	0
chrUn_KI270381v1	1930	2	0
chrUn_KI270385v1	990	1	0
chrUn_KI270382v1	4215	2	0
chrUn_KI270376v1	1136	0	0
chrUn_KI270374v1	2656	1	0
chrUn_KI270372v1	1650	0	0
chrUn_KI270373v1	1451	0	0
chrUn_KI270375v1	2378	0	0
chrUn_KI270371v1	2805	2	0
chrUn_KI270448v1	7992	13	0
chrUn_KI270521v1	7642	12	0
chrUn_GL000195v1	182896	1343	0
chrUn_GL000219v1	179198	2126	0
chrUn_GL000220v1	161802	3719	0
chrUn_GL000224v1	179693	1666	0
chrUn_KI270741v1	157432	139	0
chrUn_GL000226v1	15008	67	0
chrUn_GL000213v1	164239	3803	0
chrUn_KI270743v1	210658	1214	0
chrUn_KI270744v1	168472	9827	1
chrUn_KI270745v1	41891	377	0
chrUn_KI270746v1	66486	3376	0
chrUn_KI270747v1	198735	114	0
chrUn_KI270748v1	93321	380	0
chrUn_KI270749v1	158759	1143	0
chrUn_KI270750v1	148850	4968	0
chrUn_KI270751v1	150742	3189	0
chrUn_KI270752v1	27745	0	0
chrUn_KI270753v1	62944	569	0
chrUn_KI270754v1	40191	520	0
chrUn_KI270755v1	36723	64	0
chrUn_KI270756v1	79590	72	3
chrUn_KI270757v1	71251	145	0
chrUn_GL000214v1	137718	3189	0
chrUn_KI270742v1	186739	12032	0
chrUn_GL000216v2	176608	1653	4
chrUn_GL000218v1	161147	4260	0
chrX	156040895	3545854	118
chrY	57227415	45500	34
chrY_KI270740v1_random	37240	0	0
*	0	0	497452
