chr1	248956422	11338020	374
chr10	133797422	5224975	170
chr11	135086622	5834352	279
chr11_KI270721v1_random	100316	947	0
chr12	133275309	5985849	209
chr13	114364328	2459069	116
chr14	107043718	3292518	133
chr14_GL000009v2_random	201709	8441	0
chr14_GL000225v1_random	211173	4164	22
chr14_KI270722v1_random	194050	789	0
chr14_GL000194v1_random	191469	3669	0
chr14_KI270723v1_random	38115	896	2
chr14_KI270724v1_random	39555	981	1
chr14_KI270725v1_random	172810	905	0
chr14_KI270726v1_random	43739	112	0
chr15	101991189	3475228	125
chr15_KI270727v1_random	448248	18163	0
chr16	90338345	3415182	124
chr16_KI270728v1_random	1872759	17883	0
chr17	83257441	5177578	158
chr17_GL000205v2_random	185591	12162	0
chr17_KI270729v1_random	280839	1590	2
chr17_KI270730v1_random	112551	587	5
chr18	80373285	1826582	65
chr19	58617616	4399070	154
chr1_KI270706v1_random	175055	8454	1
chr1_KI270707v1_random	32032	99	0
chr1_KI270708v1_random	127682	459	0
chr1_KI270709v1_random	66860	2202	0
chr1_KI270710v1_random	40176	95	0
chr1_KI270711v1_random	42210	18009	1
chr1_KI270712v1_random	176043	2585	0
chr1_KI270713v1_random	40745	2937	0
chr1_KI270714v1_random	41717	2871	0
chr2	242193529	7485343	283
chr20	64444167	2681541	113
chr21	46709983	1193515	64
chr22	50818468	1914788	89
chr22_KI270731v1_random	150754	7759	3
chr22_KI270732v1_random	41543	346	0
chr22_KI270733v1_random	179772	9628	0
chr22_KI270734v1_random	165050	10337	6
chr22_KI270735v1_random	42811	341	0
chr22_KI270736v1_random	181920	973	10
chr22_KI270737v1_random	103838	185	0
chr22_KI270738v1_random	99375	171	0
chr22_KI270739v1_random	73985	32	0
chr2_KI270715v1_random	161471	210	0
chr2_KI270716v1_random	153799	153	0
chr3	198295559	6159927	217
chr3_GL000221v1_random	155397	9369	1
chr4	190214555	4440541	208
chr4_GL000008v2_random	209709	7848	0
chr5	181538259	4887866	255
chr5_GL000208v1_random	92689	137	0
chr6	170805979	5462027	193
chr7	159345973	5373453	176
chr8	145138636	3735195	155
chr9	138394717	4769153	149
chr9_KI270717v1_random	40062	188	0
chr9_KI270718v1_random	38054	1939	0
chr9_KI270719v1_random	176845	2174	0
chr9_KI270720v1_random	39050	3033	0
chr1_KI270762v1_alt	354444	8104	0
chr1_KI270766v1_alt	256271	20685	0
chr1_KI270760v1_alt	109528	613	0
chr1_KI270765v1_alt	185285	1874	0
chr1_GL383518v1_alt	182439	15489	0
chr1_GL383519v1_alt	110268	14820	2
chr1_GL383520v2_alt	366580	6639	1
chr1_KI270764v1_alt	50258	101	0
chr1_KI270763v1_alt	911658	11481	0
chr1_KI270759v1_alt	425601	1408	0
chr1_KI270761v1_alt	165834	8688	0
chr2_KI270770v1_alt	136240	372	0
chr2_KI270773v1_alt	70887	268	0
chr2_KI270774v1_alt	223625	3335	0
chr2_KI270769v1_alt	120616	3084	0
chr2_GL383521v1_alt	143390	411	0
chr2_KI270772v1_alt	133041	536	1
chr2_KI270775v1_alt	138019	216	0
chr2_KI270771v1_alt	110395	177	0
chr2_KI270768v1_alt	110099	1559	0
chr2_GL582966v2_alt	96131	311	0
chr2_GL383522v1_alt	123821	3603	0
chr2_KI270776v1_alt	174166	1574	0
chr2_KI270767v1_alt	161578	780	0
chr3_JH636055v2_alt	173151	4894	1
chr3_KI270783v1_alt	109187	256	0
chr3_KI270780v1_alt	224108	1629	0
chr3_GL383526v1_alt	180671	2389	0
chr3_KI270777v1_alt	173649	1493	0
chr3_KI270778v1_alt	248252	239	0
chr3_KI270781v1_alt	113034	397	0
chr3_KI270779v1_alt	205312	3325	1
chr3_KI270782v1_alt	162429	2632	0
chr3_KI270784v1_alt	184404	2158	0
chr4_KI270790v1_alt	220246	354	0
chr4_GL383528v1_alt	376187	428	0
chr4_KI270787v1_alt	111943	245	0
chr4_GL000257v2_alt	586476	23563	1
chr4_KI270788v1_alt	158965	268	0
chr4_GL383527v1_alt	164536	7236	0
chr4_KI270785v1_alt	119912	238	0
chr4_KI270789v1_alt	205944	1306	0
chr4_KI270786v1_alt	244096	285	0
chr5_KI270793v1_alt	126136	1519	0
chr5_KI270792v1_alt	179043	4831	0
chr5_KI270791v1_alt	195710	9950	0
chr5_GL383532v1_alt	82728	72	0
chr5_GL949742v1_alt	226852	242	0
chr5_KI270794v1_alt	164558	2365	0
chr5_GL339449v2_alt	1612928	41710	0
chr5_GL383530v1_alt	101241	204	0
chr5_KI270796v1_alt	172708	239	0
chr5_GL383531v1_alt	173459	300	0
chr5_KI270795v1_alt	131892	1869	0
chr6_GL000250v2_alt	4672374	41333	0
chr6_KI270800v1_alt	175808	890	0
chr6_KI270799v1_alt	152148	196	0
chr6_GL383533v1_alt	124736	1365	0
chr6_KI270801v1_alt	870480	14490	0
chr6_KI270802v1_alt	75005	211	0
chr6_KB021644v2_alt	185823	545	0
chr6_KI270797v1_alt	197536	8303	0
chr6_KI270798v1_alt	271782	6677	0
chr7_KI270804v1_alt	157952	486	0
chr7_KI270809v1_alt	209586	11490	0
chr7_KI270806v1_alt	158166	6162	0
chr7_GL383534v2_alt	119183	3606	0
chr7_KI270803v1_alt	1111570	24876	1
chr7_KI270808v1_alt	271455	2377	0
chr7_KI270807v1_alt	126434	539	0
chr7_KI270805v1_alt	209988	1129	0
chr8_KI270818v1_alt	145606	660	0
chr8_KI270812v1_alt	282736	1296	0
chr8_KI270811v1_alt	292436	892	0
chr8_KI270821v1_alt	985506	19647	0
chr8_KI270813v1_alt	300230	15496	2
chr8_KI270822v1_alt	624492	12411	0
chr8_KI270814v1_alt	141812	789	0
chr8_KI270810v1_alt	374415	708	0
chr8_KI270819v1_alt	133535	1855	0
chr8_KI270820v1_alt	36640	291	0
chr8_KI270817v1_alt	158983	2324	0
chr8_KI270816v1_alt	305841	9845	0
chr8_KI270815v1_alt	132244	736	0
chr9_GL383539v1_alt	162988	1456	0
chr9_GL383540v1_alt	71551	4303	0
chr9_GL383541v1_alt	171286	3560	0
chr9_GL383542v1_alt	60032	1532	0
chr9_KI270823v1_alt	439082	5236	0
chr10_GL383545v1_alt	179254	2717	0
chr10_KI270824v1_alt	181496	1410	0
chr10_GL383546v1_alt	309802	6169	0
chr10_KI270825v1_alt	188315	8807	0
chr11_KI270832v1_alt	210133	11216	0
chr11_KI270830v1_alt	177092	1714	0
chr11_KI270831v1_alt	296895	11200	0
chr11_KI270829v1_alt	204059	6543	0
chr11_GL383547v1_alt	154407	135	0
chr11_JH159136v1_alt	200998	11028	0
chr11_JH159137v1_alt	191409	3542	0
chr11_KI270827v1_alt	67707	263	0
chr11_KI270826v1_alt	186169	687	0
chr12_GL877875v1_alt	167313	3574	0
chr12_GL877876v1_alt	408271	7331	0
chr12_KI270837v1_alt	40090	2119	0
chr12_GL383549v1_alt	120804	220	0
chr12_KI270835v1_alt	238139	2780	0
chr12_GL383550v2_alt	169178	1532	0
chr12_GL383552v1_alt	138655	1298	1
chr12_GL383553v2_alt	152874	6264	0
chr12_KI270834v1_alt	119498	1859	0
chr12_GL383551v1_alt	184319	441	0
chr12_KI270833v1_alt	76061	5670	0
chr12_KI270836v1_alt	56134	101	0
chr13_KI270840v1_alt	191684	4859	0
chr13_KI270839v1_alt	180306	486	0
chr13_KI270843v1_alt	103832	130	0
chr13_KI270841v1_alt	169134	233	0
chr13_KI270838v1_alt	306913	4761	0
chr13_KI270842v1_alt	37287	206	0
chr14_KI270844v1_alt	322166	12720	0
chr14_KI270847v1_alt	1511111	56395	1
chr14_KI270845v1_alt	180703	1240	0
chr14_KI270846v1_alt	1351393	4443	2
chr15_KI270852v1_alt	478999	18137	1
chr15_KI270851v1_alt	263054	18376	2
chr15_KI270848v1_alt	327382	14278	0
chr15_GL383554v1_alt	296527	8797	0
chr15_KI270849v1_alt	244917	5084	1
chr15_GL383555v2_alt	388773	4538	1
chr15_KI270850v1_alt	430880	12119	1
chr16_KI270854v1_alt	134193	3115	0
chr16_KI270856v1_alt	63982	247	0
chr16_KI270855v1_alt	232857	10375	0
chr16_KI270853v1_alt	2659700	102646	3
chr16_GL383556v1_alt	192462	8975	1
chr16_GL383557v1_alt	89672	4335	0
chr17_GL383563v3_alt	375691	1753	0
chr17_KI270862v1_alt	391357	11242	0
chr17_KI270861v1_alt	196688	17137	0
chr17_KI270857v1_alt	2877074	121663	5
chr17_JH159146v1_alt	278131	17647	0
chr17_JH159147v1_alt	70345	4078	0
chr17_GL383564v2_alt	133151	13481	0
chr17_GL000258v2_alt	1821992	33243	8
chr17_GL383565v1_alt	223995	330	0
chr17_KI270858v1_alt	235827	582	0
chr17_KI270859v1_alt	108763	636	0
chr17_GL383566v1_alt	90219	335	0
chr17_KI270860v1_alt	178921	2586	0
chr18_KI270864v1_alt	111737	119	0
chr18_GL383567v1_alt	289831	1865	1
chr18_GL383570v1_alt	164789	350	0
chr18_GL383571v1_alt	198278	2527	0
chr18_GL383568v1_alt	104552	181	0
chr18_GL383569v1_alt	167950	489	0
chr18_GL383572v1_alt	159547	681	0
chr18_KI270863v1_alt	167999	2443	0
chr19_KI270868v1_alt	61734	1737	1
chr19_KI270865v1_alt	52969	228	0
chr19_GL383573v1_alt	385657	5077	0
chr19_GL383575v2_alt	170222	3021	0
chr19_GL383576v1_alt	188024	2384	0
chr19_GL383574v1_alt	155864	4405	0
chr19_KI270866v1_alt	43156	3043	0
chr19_KI270867v1_alt	233762	6824	0
chr19_GL949746v1_alt	987716	28528	0
chr20_GL383577v2_alt	128386	467	0
chr20_KI270869v1_alt	118774	5136	0
chr20_KI270871v1_alt	58661	2422	1
chr20_KI270870v1_alt	183433	7707	0
chr21_GL383578v2_alt	63917	123	0
chr21_KI270874v1_alt	166743	234	0
chr21_KI270873v1_alt	143900	1331	0
chr21_GL383579v2_alt	201197	301	2
chr21_GL383580v2_alt	74653	610	0
chr21_GL383581v2_alt	116689	7905	0
chr21_KI270872v1_alt	82692	4231	0
chr22_KI270875v1_alt	259914	4835	0
chr22_KI270878v1_alt	186262	2325	0
chr22_KI270879v1_alt	304135	15440	0
chr22_KI270876v1_alt	263666	6807	0
chr22_KI270877v1_alt	101331	3753	0
chr22_GL383583v2_alt	96924	2801	1
chr22_GL383582v2_alt	162811	6261	0
chrX_KI270880v1_alt	284869	590	0
chrX_KI270881v1_alt	144206	1351	0
chr19_KI270882v1_alt	248807	1567	0
chr19_KI270883v1_alt	170399	5044	0
chr19_KI270884v1_alt	157053	1135	0
chr19_KI270885v1_alt	171027	3620	0
chr19_KI270886v1_alt	204239	1602	0
chr19_KI270887v1_alt	209512	3395	0
chr19_KI270888v1_alt	155532	1817	0
chr19_KI270889v1_alt	170698	3780	0
chr19_KI270890v1_alt	184499	1112	0
chr19_KI270891v1_alt	170680	3914	0
chr1_KI270892v1_alt	162212	8692	0
chr2_KI270894v1_alt	214158	1083	0
chr2_KI270893v1_alt	161218	755	1
chr3_KI270895v1_alt	162896	3156	1
chr4_KI270896v1_alt	378547	4890	0
chr5_KI270897v1_alt	1144418	24069	2
chr5_KI270898v1_alt	130957	2129	0
chr6_GL000251v2_alt	4795265	102923	3
chr7_KI270899v1_alt	190869	584	0
chr8_KI270901v1_alt	136959	489	0
chr8_KI270900v1_alt	318687	930	0
chr11_KI270902v1_alt	106711	773	0
chr11_KI270903v1_alt	214625	2257	0
chr12_KI270904v1_alt	572349	13659	0
chr15_KI270906v1_alt	196384	5228	0
chr15_KI270905v1_alt	5161414	105436	3
chr17_KI270907v1_alt	137721	876	0
chr17_KI270910v1_alt	157099	6116	0
chr17_KI270909v1_alt	325800	18161	0
chr17_JH159148v1_alt	88070	1119	0
chr17_KI270908v1_alt	1423190	62912	0
chr18_KI270912v1_alt	174061	424	0
chr18_KI270911v1_alt	157710	665	0
chr19_GL949747v2_alt	729520	12219	1
chr22_KB663609v1_alt	74013	2627	0
chrX_KI270913v1_alt	274009	909	0
chr19_KI270914v1_alt	205194	3334	0
chr19_KI270915v1_alt	170665	3653	0
chr19_KI270916v1_alt	184516	1337	0
chr19_KI270917v1_alt	190932	4119	0
chr19_KI270918v1_alt	123111	2709	0
chr19_KI270919v1_alt	170701	3685	0
chr19_KI270920v1_alt	198005	3385	0
chr19_KI270921v1_alt	282224	1906	0
chr19_KI270922v1_alt	187935	5325	0
chr19_KI270923v1_alt	189352	2405	0
chr3_KI270924v1_alt	166540	4449	0
chr4_KI270925v1_alt	555799	2300	0
chr6_GL000252v2_alt	4604811	91853	6
chr8_KI270926v1_alt	229282	1548	1
chr11_KI270927v1_alt	218612	977	0
chr19_GL949748v2_alt	1064304	6308	0
chr22_KI270928v1_alt	176103	6740	0
chr19_KI270929v1_alt	186203	3045	1
chr19_KI270930v1_alt	200773	1968	0
chr19_KI270931v1_alt	170148	3901	0
chr19_KI270932v1_alt	215732	2989	0
chr19_KI270933v1_alt	170537	2700	0
chr19_GL000209v2_alt	177381	1303	0
chr3_KI270934v1_alt	163458	3052	1
chr6_GL000253v2_alt	4677643	72523	3
chr19_GL949749v2_alt	1091841	6475	0
chr3_KI270935v1_alt	197351	3299	0
chr6_GL000254v2_alt	4827813	82990	5
chr19_GL949750v2_alt	1066390	6087	0
chr3_KI270936v1_alt	164170	2788	0
chr6_GL000255v2_alt	4606388	86742	4
chr19_GL949751v2_alt	1002683	7520	0
chr3_KI270937v1_alt	165607	2823	0
chr6_GL000256v2_alt	4929269	90187	3
chr19_GL949752v1_alt	987100	29638	0
chr6_KI270758v1_alt	76752	566	0
chr19_GL949753v2_alt	796479	17154	0
chr19_KI270938v1_alt	1066800	33311	2
chrM	16569	11401	0
chrUn_KI270302v1	2274	2	0
chrUn_KI270304v1	2165	2	0
chrUn_KI270303v1	1942	2	0
chrUn_KI270305v1	1472	1	0
chrUn_KI270322v1	21476	11	0
chrUn_KI270320v1	4416	12	0
chrUn_KI270310v1	1201	15	0
chrUn_KI270316v1	1444	0	0
chrUn_KI270315v1	2276	0	0
chrUn_KI270312v1	998	2	0
chrUn_KI270311v1	12399	9	0
chrUn_KI270317v1	37690	0	0
chrUn_KI270412v1	1179	4	0
chrUn_KI270411v1	2646	9	0
chrUn_KI270414v1	2489	2	0
chrUn_KI270419v1	1029	0	0
chrUn_KI270418v1	2145	2	0
chrUn_KI270420v1	2321	6	0
chrUn_KI270424v1	2140	0	0
chrUn_KI270417v1	2043	6	0
chrUn_KI270422v1	1445	4	0
chrUn_KI270423v1	981	7	0
chrUn_KI270425v1	1884	0	0
chrUn_KI270429v1	1361	4	0
chrUn_KI270442v1	392061	5529	6
chrUn_KI270466v1	1233	236	0
chrUn_KI270465v1	1774	10	0
chrUn_KI270467v1	3920	1000	1
chrUn_KI270435v1	92983	244	0
chrUn_KI270438v1	112505	5350	3
chrUn_KI270468v1	4055	11	0
chrUn_KI270510v1	2415	18	0
chrUn_KI270509v1	2318	6	0
chrUn_KI270518v1	2186	8	0
chrUn_KI270508v1	1951	11	0
chrUn_KI270516v1	1300	11	0
chrUn_KI270512v1	22689	64	0
chrUn_KI270519v1	138126	283	0
chrUn_KI270522v1	5674	6	0
chrUn_KI270511v1	8127	12	0
chrUn_KI270515v1	6361	37	0
chrUn_KI270507v1	5353	37	0
chrUn_KI270517v1	3253	16	0
chrUn_KI270529v1	1899	2	0
chrUn_KI270528v1	2983	2	0
chrUn_KI270530v1	2168	2	0
chrUn_KI270539v1	993	0	0
chrUn_KI270538v1	91309	362	0
chrUn_KI270544v1	1202	2	0
chrUn_KI270548v1	1599	1	0
chrUn_KI270583v1	1400	6	0
chrUn_KI270587v1	2969	11	0
chrUn_KI270580v1	1553	0	0
chrUn_KI270581v1	7046	18	0
chrUn_KI270579v1	31033	29	0
chrUn_KI270589v1	44474	135	0
chrUn_KI270590v1	4685	47	0
chrUn_KI270584v1	4513	20	0
chrUn_KI270582v1	6504	12	0
chrUn_KI270588v1	6158	18	0
chrUn_KI270593v1	3041	9	0
chrUn_KI270591v1	5796	49	0
chrUn_KI270330v1	1652	103	0
chrUn_KI270329v1	1040	2	0
chrUn_KI270334v1	1368	0	0
chrUn_KI270333v1	2699	207	0
chrUn_KI270335v1	1048	1	0
chrUn_KI270338v1	1428	1	0
chrUn_KI270340v1	1428	12	0
chrUn_KI270336v1	1026	46	0
chrUn_KI270337v1	1121	194	1
chrUn_KI270363v1	1803	2	0
chrUn_KI270364v1	2855	0	0
chrUn_KI270362v1	3530	2	0
chrUn_KI270366v1	8320	4	0
chrUn_KI270378v1	1048	0	0
chrUn_KI270379v1	1045	0	0
chrUn_KI270389v1	1298	0	0
chrUn_KI270390v1	2387	2	0
chrUn_KI270387v1	1537	4	0
chrUn_KI270395v1	1143	8	0
chrUn_KI270396v1	1880	4	0
chrUn_KI270388v1	1216	0	0
chrUn_KI270394v1	970	2	0
chrUn_KI270386v1	1788	4	0
chrUn_KI270391v1	1484	0	0
chrUn_KI270383v1	1750	0	0
chrUn_KI270393v1	1308	0	0
chrUn_KI270384v1	1658	2	0
chrUn_KI270392v1	971	2	0
chrUn_KI270381v1	1930	0	0
chrUn_KI270385v1	990	1	0
chrUn_KI270382v1	4215	4	0
chrUn_KI270376v1	1136	0	0
chrUn_KI270374v1	2656	2	0
chrUn_KI270372v1	1650	0	0
chrUn_KI270373v1	1451	0	0
chrUn_KI270375v1	2378	0	0
chrUn_KI270371v1	2805	2	0
chrUn_KI270448v1	7992	19	0
chrUn_KI270521v1	7642	32	0
chrUn_GL000195v1	182896	1336	0
chrUn_GL000219v1	179198	5087	3
chrUn_GL000220v1	161802	5789	0
chrUn_GL000224v1	179693	2931	0
chrUn_KI270741v1	157432	266	0
chrUn_GL000226v1	15008	201	0
chrUn_GL000213v1	164239	5533	0
chrUn_KI270743v1	210658	1355	0
chrUn_KI270744v1	168472	19906	2
chrUn_KI270745v1	41891	503	0
chrUn_KI270746v1	66486	7673	0
chrUn_KI270747v1	198735	182	0
chrUn_KI270748v1	93321	425	0
chrUn_KI270749v1	158759	1440	0
chrUn_KI270750v1	148850	5200	0
chrUn_KI270751v1	150742	4402	0
chrUn_KI270752v1	27745	1	0
chrUn_KI270753v1	62944	393	0
chrUn_KI270754v1	40191	300	0
chrUn_KI270755v1	36723	31	0
chrUn_KI270756v1	79590	149	0
chrUn_KI270757v1	71251	264	0
chrUn_GL000214v1	137718	4788	0
chrUn_KI270742v1	186739	17033	0
chrUn_GL000216v2	176608	2586	3
chrUn_GL000218v1	161147	4232	1
chrX	156040895	2643076	86
chrY	57227415	443588	41
chrY_KI270740v1_random	37240	35	0
*	0	0	19188
