chr1	248956422	13612664	295
chr10	133797422	6670049	303
chr11	135086622	7030709	173
chr11_KI270721v1_random	100316	1228	0
chr12	133275309	7183100	159
chr13	114364328	3807000	94
chr14	107043718	4548451	111
chr14_GL000009v2_random	201709	8837	0
chr14_GL000225v1_random	211173	50130	32
chr14_KI270722v1_random	194050	2019	0
chr14_GL000194v1_random	191469	11604	0
chr14_KI270723v1_random	38115	2414	0
chr14_KI270724v1_random	39555	2632	2
chr14_KI270725v1_random	172810	10808	0
chr14_KI270726v1_random	43739	414	0
chr15	101991189	4744177	94
chr15_KI270727v1_random	448248	14888	0
chr16	90338345	4872326	133
chr16_KI270728v1_random	1872759	63309	2
chr17	83257441	5597101	169
chr17_GL000205v2_random	185591	18447	2
chr17_KI270729v1_random	280839	59522	54
chr17_KI270730v1_random	112551	9846	53
chr18	80373285	3178704	59
chr19	58617616	4764023	757
chr1_KI270706v1_random	175055	11123	0
chr1_KI270707v1_random	32032	990	0
chr1_KI270708v1_random	127682	3770	0
chr1_KI270709v1_random	66860	29402	1
chr1_KI270710v1_random	40176	896	0
chr1_KI270711v1_random	42210	16980	0
chr1_KI270712v1_random	176043	7935	0
chr1_KI270713v1_random	40745	4467	0
chr1_KI270714v1_random	41717	1538	1
chr2	242193529	12241462	287
chr20	64444167	3192051	138
chr21	46709983	1873503	129
chr22	50818468	2295388	88
chr22_KI270731v1_random	150754	8463	2
chr22_KI270732v1_random	41543	4180	0
chr22_KI270733v1_random	179772	42215	0
chr22_KI270734v1_random	165050	12627	9
chr22_KI270735v1_random	42811	7258	12
chr22_KI270736v1_random	181920	21160	136
chr22_KI270737v1_random	103838	5999	10
chr22_KI270738v1_random	99375	2725	0
chr22_KI270739v1_random	73985	827	0
chr2_KI270715v1_random	161471	3001	0
chr2_KI270716v1_random	153799	3626	0
chr3	198295559	9187401	215
chr3_GL000221v1_random	155397	13675	0
chr4	190214555	7912378	241
chr4_GL000008v2_random	209709	15367	12
chr5	181538259	7865145	266
chr5_GL000208v1_random	92689	3199	0
chr6	170805979	7386841	147
chr7	159345973	7792340	165
chr8	145138636	5958137	140
chr9	138394717	6139061	106
chr9_KI270717v1_random	40062	2021	0
chr9_KI270718v1_random	38054	3360	0
chr9_KI270719v1_random	176845	11963	0
chr9_KI270720v1_random	39050	4746	0
chr1_KI270762v1_alt	354444	11192	1
chr1_KI270766v1_alt	256271	34053	1
chr1_KI270760v1_alt	109528	1148	0
chr1_KI270765v1_alt	185285	5942	0
chr1_GL383518v1_alt	182439	10350	0
chr1_GL383519v1_alt	110268	10467	0
chr1_GL383520v2_alt	366580	7039	0
chr1_KI270764v1_alt	50258	569	0
chr1_KI270763v1_alt	911658	24080	1
chr1_KI270759v1_alt	425601	7144	0
chr1_KI270761v1_alt	165834	7212	0
chr2_KI270770v1_alt	136240	1423	0
chr2_KI270773v1_alt	70887	1954	0
chr2_KI270774v1_alt	223625	7165	0
chr2_KI270769v1_alt	120616	3314	0
chr2_GL383521v1_alt	143390	1524	1
chr2_KI270772v1_alt	133041	6896	0
chr2_KI270775v1_alt	138019	1486	0
chr2_KI270771v1_alt	110395	1042	1
chr2_KI270768v1_alt	110099	3538	0
chr2_GL582966v2_alt	96131	5406	0
chr2_GL383522v1_alt	123821	9172	0
chr2_KI270776v1_alt	174166	2821	0
chr2_KI270767v1_alt	161578	1542	0
chr3_JH636055v2_alt	173151	5316	0
chr3_KI270783v1_alt	109187	1109	0
chr3_KI270780v1_alt	224108	6092	1
chr3_GL383526v1_alt	180671	3816	0
chr3_KI270777v1_alt	173649	6448	0
chr3_KI270778v1_alt	248252	2424	0
chr3_KI270781v1_alt	113034	1163	0
chr3_KI270779v1_alt	205312	19063	0
chr3_KI270782v1_alt	162429	2640	0
chr3_KI270784v1_alt	184404	7686	0
chr4_KI270790v1_alt	220246	2458	0
chr4_GL383528v1_alt	376187	3606	0
chr4_KI270787v1_alt	111943	1284	0
chr4_GL000257v2_alt	586476	27238	0
chr4_KI270788v1_alt	158965	1772	0
chr4_GL383527v1_alt	164536	7930	0
chr4_KI270785v1_alt	119912	1401	0
chr4_KI270789v1_alt	205944	2947	0
chr4_KI270786v1_alt	244096	1478	0
chr5_KI270793v1_alt	126136	1659	0
chr5_KI270792v1_alt	179043	4757	0
chr5_KI270791v1_alt	195710	6676	0
chr5_GL383532v1_alt	82728	569	0
chr5_GL949742v1_alt	226852	2116	0
chr5_KI270794v1_alt	164558	3148	0
chr5_GL339449v2_alt	1612928	77290	1
chr5_GL383530v1_alt	101241	1292	0
chr5_KI270796v1_alt	172708	1669	0
chr5_GL383531v1_alt	173459	1832	0
chr5_KI270795v1_alt	131892	3187	0
chr6_GL000250v2_alt	4672374	14961	1
chr6_KI270800v1_alt	175808	3321	0
chr6_KI270799v1_alt	152148	1587	0
chr6_GL383533v1_alt	124736	2686	0
chr6_KI270801v1_alt	870480	18202	0
chr6_KI270802v1_alt	75005	716	0
chr6_KB021644v2_alt	185823	1685	0
chr6_KI270797v1_alt	197536	8482	1
chr6_KI270798v1_alt	271782	7944	0
chr7_KI270804v1_alt	157952	1213	0
chr7_KI270809v1_alt	209586	8774	0
chr7_KI270806v1_alt	158166	5291	0
chr7_GL383534v2_alt	119183	7282	0
chr7_KI270803v1_alt	1111570	58143	0
chr7_KI270808v1_alt	271455	3731	0
chr7_KI270807v1_alt	126434	1180	0
chr7_KI270805v1_alt	209988	2300	0
chr8_KI270818v1_alt	145606	1685	0
chr8_KI270812v1_alt	282736	2872	0
chr8_KI270811v1_alt	292436	2544	0
chr8_KI270821v1_alt	985506	21459	0
chr8_KI270813v1_alt	300230	44227	0
chr8_KI270822v1_alt	624492	26248	1
chr8_KI270814v1_alt	141812	2187	0
chr8_KI270810v1_alt	374415	4320	0
chr8_KI270819v1_alt	133535	3132	0
chr8_KI270820v1_alt	36640	714	0
chr8_KI270817v1_alt	158983	2858	0
chr8_KI270816v1_alt	305841	12744	0
chr8_KI270815v1_alt	132244	2563	0
chr9_GL383539v1_alt	162988	2814	1
chr9_GL383540v1_alt	71551	2544	0
chr9_GL383541v1_alt	171286	5042	1
chr9_GL383542v1_alt	60032	1986	0
chr9_KI270823v1_alt	439082	7138	0
chr10_GL383545v1_alt	179254	3826	0
chr10_KI270824v1_alt	181496	4872	1
chr10_GL383546v1_alt	309802	7411	0
chr10_KI270825v1_alt	188315	6277	0
chr11_KI270832v1_alt	210133	13582	1
chr11_KI270830v1_alt	177092	3272	0
chr11_KI270831v1_alt	296895	10646	1
chr11_KI270829v1_alt	204059	5380	0
chr11_GL383547v1_alt	154407	1578	0
chr11_JH159136v1_alt	200998	11393	0
chr11_JH159137v1_alt	191409	5311	0
chr11_KI270827v1_alt	67707	781	0
chr11_KI270826v1_alt	186169	1978	0
chr12_GL877875v1_alt	167313	6314	0
chr12_GL877876v1_alt	408271	14487	0
chr12_KI270837v1_alt	40090	5871	0
chr12_GL383549v1_alt	120804	1360	0
chr12_KI270835v1_alt	238139	12840	0
chr12_GL383550v2_alt	169178	4491	0
chr12_GL383552v1_alt	138655	2250	0
chr12_GL383553v2_alt	152874	4977	0
chr12_KI270834v1_alt	119498	11797	0
chr12_GL383551v1_alt	184319	2142	0
chr12_KI270833v1_alt	76061	6024	0
chr12_KI270836v1_alt	56134	785	0
chr13_KI270840v1_alt	191684	6510	1
chr13_KI270839v1_alt	180306	2867	0
chr13_KI270843v1_alt	103832	887	0
chr13_KI270841v1_alt	169134	1668	0
chr13_KI270838v1_alt	306913	5604	0
chr13_KI270842v1_alt	37287	551	0
chr14_KI270844v1_alt	322166	13100	0
chr14_KI270847v1_alt	1511111	53015	1
chr14_KI270845v1_alt	180703	2696	0
chr14_KI270846v1_alt	1351393	95255	2
chr15_KI270852v1_alt	478999	16389	0
chr15_KI270851v1_alt	263054	23569	0
chr15_KI270848v1_alt	327382	19180	1
chr15_GL383554v1_alt	296527	17562	0
chr15_KI270849v1_alt	244917	5966	0
chr15_GL383555v2_alt	388773	5826	1
chr15_KI270850v1_alt	430880	34758	0
chr16_KI270854v1_alt	134193	3208	0
chr16_KI270856v1_alt	63982	728	0
chr16_KI270855v1_alt	232857	8196	0
chr16_KI270853v1_alt	2659700	164082	3
chr16_GL383556v1_alt	192462	8864	0
chr16_GL383557v1_alt	89672	3391	0
chr17_GL383563v3_alt	375691	5390	0
chr17_KI270862v1_alt	391357	8529	0
chr17_KI270861v1_alt	196688	13421	0
chr17_KI270857v1_alt	2877074	140983	3
chr17_JH159146v1_alt	278131	14466	0
chr17_JH159147v1_alt	70345	6010	0
chr17_GL383564v2_alt	133151	10423	0
chr17_GL000258v2_alt	1821992	38922	0
chr17_GL383565v1_alt	223995	2542	0
chr17_KI270858v1_alt	235827	2406	0
chr17_KI270859v1_alt	108763	1344	0
chr17_GL383566v1_alt	90219	796	0
chr17_KI270860v1_alt	178921	4763	0
chr18_KI270864v1_alt	111737	1149	0
chr18_GL383567v1_alt	289831	4110	0
chr18_GL383570v1_alt	164789	1756	0
chr18_GL383571v1_alt	198278	3651	0
chr18_GL383568v1_alt	104552	1075	0
chr18_GL383569v1_alt	167950	1127	0
chr18_GL383572v1_alt	159547	1574	0
chr18_KI270863v1_alt	167999	3332	0
chr19_KI270868v1_alt	61734	1557	1
chr19_KI270865v1_alt	52969	2077	0
chr19_GL383573v1_alt	385657	9795	0
chr19_GL383575v2_alt	170222	6438	1
chr19_GL383576v1_alt	188024	5784	0
chr19_GL383574v1_alt	155864	3954	0
chr19_KI270866v1_alt	43156	2516	0
chr19_KI270867v1_alt	233762	7119	1
chr19_GL949746v1_alt	987716	25061	0
chr20_GL383577v2_alt	128386	1304	0
chr20_KI270869v1_alt	118774	4267	0
chr20_KI270871v1_alt	58661	1666	0
chr20_KI270870v1_alt	183433	6449	0
chr21_GL383578v2_alt	63917	736	0
chr21_KI270874v1_alt	166743	1896	0
chr21_KI270873v1_alt	143900	2215	0
chr21_GL383579v2_alt	201197	2054	0
chr21_GL383580v2_alt	74653	1598	0
chr21_GL383581v2_alt	116689	6380	0
chr21_KI270872v1_alt	82692	3452	0
chr22_KI270875v1_alt	259914	9398	0
chr22_KI270878v1_alt	186262	3604	0
chr22_KI270879v1_alt	304135	13607	0
chr22_KI270876v1_alt	263666	6714	0
chr22_KI270877v1_alt	101331	2083	0
chr22_GL383583v2_alt	96924	2379	0
chr22_GL383582v2_alt	162811	5171	0
chrX_KI270880v1_alt	284869	2812	0
chrX_KI270881v1_alt	144206	3266	0
chr19_KI270882v1_alt	248807	5834	0
chr19_KI270883v1_alt	170399	1812	0
chr19_KI270884v1_alt	157053	4105	0
chr19_KI270885v1_alt	171027	1665	0
chr19_KI270886v1_alt	204239	4534	0
chr19_KI270887v1_alt	209512	2759	1
chr19_KI270888v1_alt	155532	3995	0
chr19_KI270889v1_alt	170698	1671	0
chr19_KI270890v1_alt	184499	6546	0
chr19_KI270891v1_alt	170680	1687	0
chr1_KI270892v1_alt	162212	6999	0
chr2_KI270894v1_alt	214158	17138	0
chr2_KI270893v1_alt	161218	1524	0
chr3_KI270895v1_alt	162896	5298	0
chr4_KI270896v1_alt	378547	11449	0
chr5_KI270897v1_alt	1144418	49148	0
chr5_KI270898v1_alt	130957	2652	0
chr6_GL000251v2_alt	4795265	54775	3
chr7_KI270899v1_alt	190869	4403	0
chr8_KI270901v1_alt	136959	1576	0
chr8_KI270900v1_alt	318687	2825	0
chr11_KI270902v1_alt	106711	37079	0
chr11_KI270903v1_alt	214625	4273	0
chr12_KI270904v1_alt	572349	19290	0
chr15_KI270906v1_alt	196384	10522	1
chr15_KI270905v1_alt	5161414	173812	1
chr17_KI270907v1_alt	137721	1160	0
chr17_KI270910v1_alt	157099	4422	0
chr17_KI270909v1_alt	325800	22572	0
chr17_JH159148v1_alt	88070	1882	0
chr17_KI270908v1_alt	1423190	53641	1
chr18_KI270912v1_alt	174061	1231	0
chr18_KI270911v1_alt	157710	1491	0
chr19_GL949747v2_alt	729520	12182	0
chr22_KB663609v1_alt	74013	1777	0
chrX_KI270913v1_alt	274009	2990	2
chr19_KI270914v1_alt	205194	5044	0
chr19_KI270915v1_alt	170665	1574	0
chr19_KI270916v1_alt	184516	4653	0
chr19_KI270917v1_alt	190932	1865	0
chr19_KI270918v1_alt	123111	641	0
chr19_KI270919v1_alt	170701	2931	0
chr19_KI270920v1_alt	198005	1830	0
chr19_KI270921v1_alt	282224	6245	0
chr19_KI270922v1_alt	187935	2077	0
chr19_KI270923v1_alt	189352	5844	0
chr3_KI270924v1_alt	166540	8607	0
chr4_KI270925v1_alt	555799	5849	0
chr6_GL000252v2_alt	4604811	39371	0
chr8_KI270926v1_alt	229282	3341	0
chr11_KI270927v1_alt	218612	25878	0
chr19_GL949748v2_alt	1064304	7810	0
chr22_KI270928v1_alt	176103	6069	0
chr19_KI270929v1_alt	186203	1780	0
chr19_KI270930v1_alt	200773	3488	0
chr19_KI270931v1_alt	170148	1711	0
chr19_KI270932v1_alt	215732	5614	0
chr19_KI270933v1_alt	170537	2335	0
chr19_GL000209v2_alt	177381	5964	1
chr3_KI270934v1_alt	163458	5251	0
chr6_GL000253v2_alt	4677643	25398	1
chr19_GL949749v2_alt	1091841	5176	0
chr3_KI270935v1_alt	197351	5422	0
chr6_GL000254v2_alt	4827813	41133	1
chr19_GL949750v2_alt	1066390	5179	0
chr3_KI270936v1_alt	164170	5228	0
chr6_GL000255v2_alt	4606388	45192	1
chr19_GL949751v2_alt	1002683	5611	0
chr3_KI270937v1_alt	165607	5127	0
chr6_GL000256v2_alt	4929269	42306	1
chr19_GL949752v1_alt	987100	22121	0
chr6_KI270758v1_alt	76752	140	0
chr19_GL949753v2_alt	796479	16947	1
chr19_KI270938v1_alt	1066800	26484	0
chrM	16569	11652	0
chrUn_KI270302v1	2274	65	0
chrUn_KI270304v1	2165	48	0
chrUn_KI270303v1	1942	81	0
chrUn_KI270305v1	1472	86	0
chrUn_KI270322v1	21476	390	0
chrUn_KI270320v1	4416	631	0
chrUn_KI270310v1	1201	287	0
chrUn_KI270316v1	1444	59	0
chrUn_KI270315v1	2276	108	0
chrUn_KI270312v1	998	39	0
chrUn_KI270311v1	12399	280	0
chrUn_KI270317v1	37690	136	0
chrUn_KI270412v1	1179	62	0
chrUn_KI270411v1	2646	273	0
chrUn_KI270414v1	2489	74	0
chrUn_KI270419v1	1029	32	0
chrUn_KI270418v1	2145	89	0
chrUn_KI270420v1	2321	141	0
chrUn_KI270424v1	2140	43	0
chrUn_KI270417v1	2043	55	0
chrUn_KI270422v1	1445	43	0
chrUn_KI270423v1	981	44	0
chrUn_KI270425v1	1884	22	0
chrUn_KI270429v1	1361	64	0
chrUn_KI270442v1	392061	47505	52
chrUn_KI270466v1	1233	3435	0
chrUn_KI270465v1	1774	178	0
chrUn_KI270467v1	3920	13338	3
chrUn_KI270435v1	92983	5302	7
chrUn_KI270438v1	112505	118465	26
chrUn_KI270468v1	4055	186	0
chrUn_KI270510v1	2415	240	0
chrUn_KI270509v1	2318	251	0
chrUn_KI270518v1	2186	275	0
chrUn_KI270508v1	1951	219	0
chrUn_KI270516v1	1300	186	0
chrUn_KI270512v1	22689	1213	4
chrUn_KI270519v1	138126	8598	4
chrUn_KI270522v1	5674	138	0
chrUn_KI270511v1	8127	397	0
chrUn_KI270515v1	6361	861	0
chrUn_KI270507v1	5353	444	0
chrUn_KI270517v1	3253	427	0
chrUn_KI270529v1	1899	44	0
chrUn_KI270528v1	2983	19	0
chrUn_KI270530v1	2168	66	0
chrUn_KI270539v1	993	7	0
chrUn_KI270538v1	91309	4084	0
chrUn_KI270544v1	1202	98	0
chrUn_KI270548v1	1599	26	0
chrUn_KI270583v1	1400	142	0
chrUn_KI270587v1	2969	81	0
chrUn_KI270580v1	1553	168	0
chrUn_KI270581v1	7046	232	1
chrUn_KI270579v1	31033	699	0
chrUn_KI270589v1	44474	2614	10
chrUn_KI270590v1	4685	668	0
chrUn_KI270584v1	4513	486	0
chrUn_KI270582v1	6504	206	0
chrUn_KI270588v1	6158	449	0
chrUn_KI270593v1	3041	232	0
chrUn_KI270591v1	5796	840	0
chrUn_KI270330v1	1652	690	0
chrUn_KI270329v1	1040	10	0
chrUn_KI270334v1	1368	16	0
chrUn_KI270333v1	2699	3838	1
chrUn_KI270335v1	1048	16	0
chrUn_KI270338v1	1428	20	0
chrUn_KI270340v1	1428	27	0
chrUn_KI270336v1	1026	1140	0
chrUn_KI270337v1	1121	5919	4
chrUn_KI270363v1	1803	32	0
chrUn_KI270364v1	2855	48	0
chrUn_KI270362v1	3530	85	0
chrUn_KI270366v1	8320	175	0
chrUn_KI270378v1	1048	4	0
chrUn_KI270379v1	1045	11	0
chrUn_KI270389v1	1298	38	0
chrUn_KI270390v1	2387	29	0
chrUn_KI270387v1	1537	61	0
chrUn_KI270395v1	1143	82	0
chrUn_KI270396v1	1880	64	0
chrUn_KI270388v1	1216	15	0
chrUn_KI270394v1	970	59	0
chrUn_KI270386v1	1788	34	0
chrUn_KI270391v1	1484	20	0
chrUn_KI270383v1	1750	21	0
chrUn_KI270393v1	1308	29	0
chrUn_KI270384v1	1658	55	0
chrUn_KI270392v1	971	13	0
chrUn_KI270381v1	1930	20	0
chrUn_KI270385v1	990	9	0
chrUn_KI270382v1	4215	17	0
chrUn_KI270376v1	1136	19	0
chrUn_KI270374v1	2656	43	0
chrUn_KI270372v1	1650	15	0
chrUn_KI270373v1	1451	15	0
chrUn_KI270375v1	2378	38	0
chrUn_KI270371v1	2805	16	0
chrUn_KI270448v1	7992	335	0
chrUn_KI270521v1	7642	213	0
chrUn_GL000195v1	182896	6737	0
chrUn_GL000219v1	179198	8345	1
chrUn_GL000220v1	161802	42904	1
chrUn_GL000224v1	179693	18748	2
chrUn_KI270741v1	157432	2109	0
chrUn_GL000226v1	15008	5830	0
chrUn_GL000213v1	164239	10001	0
chrUn_KI270743v1	210658	12451	2
chrUn_KI270744v1	168472	24510	1
chrUn_KI270745v1	41891	1072	0
chrUn_KI270746v1	66486	18860	1
chrUn_KI270747v1	198735	4944	0
chrUn_KI270748v1	93321	1331	0
chrUn_KI270749v1	158759	7321	0
chrUn_KI270750v1	148850	11531	0
chrUn_KI270751v1	150742	11531	1
chrUn_KI270752v1	27745	2	0
chrUn_KI270753v1	62944	2266	0
chrUn_KI270754v1	40191	4231	0
chrUn_KI270755v1	36723	349	0
chrUn_KI270756v1	79590	3666	15
chrUn_KI270757v1	71251	6263	5
chrUn_GL000214v1	137718	13456	1
chrUn_KI270742v1	186739	18430	0
chrUn_GL000216v2	176608	42627	37
chrUn_GL000218v1	161147	19580	0
chrX	156040895	7705167	121
chrY	57227415	209110	400
chrY_KI270740v1_random	37240	0	0
*	0	0	41238
