chr1	248956422	6973639	16
chr10	133797422	2735844	9
chr11	135086622	3166357	14
chr11_KI270721v1_random	100316	911	0
chr12	133275309	2981090	15
chr13	114364328	1224032	4
chr14	107043718	1846729	3
chr14_GL000009v2_random	201709	1338	0
chr14_GL000225v1_random	211173	2731	3
chr14_KI270722v1_random	194050	1077	0
chr14_GL000194v1_random	191469	2687	0
chr14_KI270723v1_random	38115	422	0
chr14_KI270724v1_random	39555	644	0
chr14_KI270725v1_random	172810	1305	0
chr14_KI270726v1_random	43739	1255	0
chr15	101991189	2123368	11
chr15_KI270727v1_random	448248	16157	0
chr16	90338345	2357487	7
chr16_KI270728v1_random	1872759	37104	0
chr17	83257441	3232998	11
chr17_GL000205v2_random	185591	2026	0
chr17_KI270729v1_random	280839	1923	0
chr17_KI270730v1_random	112551	282	2
chr18	80373285	959307	2
chr19	58617616	2591028	109
chr1_KI270706v1_random	175055	1021	0
chr1_KI270707v1_random	32032	38	0
chr1_KI270708v1_random	127682	1143	0
chr1_KI270709v1_random	66860	450	0
chr1_KI270710v1_random	40176	26	0
chr1_KI270711v1_random	42210	14703	0
chr1_KI270712v1_random	176043	2222	0
chr1_KI270713v1_random	40745	5739	0
chr1_KI270714v1_random	41717	1139	0
chr2	242193529	5594008	31
chr20	64444167	1309237	8
chr21	46709983	641729	5
chr22	50818468	1253971	4
chr22_KI270731v1_random	150754	8037	0
chr22_KI270732v1_random	41543	92	0
chr22_KI270733v1_random	179772	2723	0
chr22_KI270734v1_random	165050	8336	0
chr22_KI270735v1_random	42811	179	0
chr22_KI270736v1_random	181920	777	5
chr22_KI270737v1_random	103838	170	0
chr22_KI270738v1_random	99375	171	0
chr22_KI270739v1_random	73985	12	0
chr2_KI270715v1_random	161471	43	0
chr2_KI270716v1_random	153799	33	0
chr3	198295559	3696484	12
chr3_GL000221v1_random	155397	861	0
chr4	190214555	2698326	14
chr4_GL000008v2_random	209709	971	0
chr5	181538259	3081110	17
chr5_GL000208v1_random	92689	41	0
chr6	170805979	2648494	6
chr7	159345973	3198273	12
chr8	145138636	1881172	7
chr9	138394717	2599425	15
chr9_KI270717v1_random	40062	368	0
chr9_KI270718v1_random	38054	2291	0
chr9_KI270719v1_random	176845	1373	0
chr9_KI270720v1_random	39050	2459	0
chr1_KI270762v1_alt	354444	7947	0
chr1_KI270766v1_alt	256271	28857	0
chr1_KI270760v1_alt	109528	155	0
chr1_KI270765v1_alt	185285	2131	0
chr1_GL383518v1_alt	182439	7174	0
chr1_GL383519v1_alt	110268	12793	0
chr1_GL383520v2_alt	366580	3085	0
chr1_KI270764v1_alt	50258	68	0
chr1_KI270763v1_alt	911658	15721	0
chr1_KI270759v1_alt	425601	3294	0
chr1_KI270761v1_alt	165834	10863	0
chr2_KI270770v1_alt	136240	121	0
chr2_KI270773v1_alt	70887	619	0
chr2_KI270774v1_alt	223625	2133	0
chr2_KI270769v1_alt	120616	2727	0
chr2_GL383521v1_alt	143390	122	0
chr2_KI270772v1_alt	133041	779	0
chr2_KI270775v1_alt	138019	82	0
chr2_KI270771v1_alt	110395	70	0
chr2_KI270768v1_alt	110099	1451	0
chr2_GL582966v2_alt	96131	3380	0
chr2_GL383522v1_alt	123821	4765	0
chr2_KI270776v1_alt	174166	2782	0
chr2_KI270767v1_alt	161578	585	0
chr3_JH636055v2_alt	173151	3151	0
chr3_KI270783v1_alt	109187	52	0
chr3_KI270780v1_alt	224108	590	0
chr3_GL383526v1_alt	180671	1088	0
chr3_KI270777v1_alt	173649	2772	0
chr3_KI270778v1_alt	248252	85	0
chr3_KI270781v1_alt	113034	116	0
chr3_KI270779v1_alt	205312	8349	0
chr3_KI270782v1_alt	162429	916	0
chr3_KI270784v1_alt	184404	5882	0
chr4_KI270790v1_alt	220246	121	0
chr4_GL383528v1_alt	376187	127	0
chr4_KI270787v1_alt	111943	58	0
chr4_GL000257v2_alt	586476	19515	0
chr4_KI270788v1_alt	158965	85	0
chr4_GL383527v1_alt	164536	3222	0
chr4_KI270785v1_alt	119912	73	0
chr4_KI270789v1_alt	205944	520	0
chr4_KI270786v1_alt	244096	87	0
chr5_KI270793v1_alt	126136	631	0
chr5_KI270792v1_alt	179043	3304	0
chr5_KI270791v1_alt	195710	4806	0
chr5_GL383532v1_alt	82728	26	0
chr5_GL949742v1_alt	226852	114	0
chr5_KI270794v1_alt	164558	1417	0
chr5_GL339449v2_alt	1612928	64743	0
chr5_GL383530v1_alt	101241	55	0
chr5_KI270796v1_alt	172708	91	0
chr5_GL383531v1_alt	173459	74	0
chr5_KI270795v1_alt	131892	3877	0
chr6_GL000250v2_alt	4672374	20801	0
chr6_KI270800v1_alt	175808	1248	0
chr6_KI270799v1_alt	152148	71	0
chr6_GL383533v1_alt	124736	518	0
chr6_KI270801v1_alt	870480	6319	0
chr6_KI270802v1_alt	75005	208	0
chr6_KB021644v2_alt	185823	235	0
chr6_KI270797v1_alt	197536	2917	0
chr6_KI270798v1_alt	271782	2788	0
chr7_KI270804v1_alt	157952	321	0
chr7_KI270809v1_alt	209586	6582	0
chr7_KI270806v1_alt	158166	4574	0
chr7_GL383534v2_alt	119183	2971	0
chr7_KI270803v1_alt	1111570	22377	0
chr7_KI270808v1_alt	271455	973	0
chr7_KI270807v1_alt	126434	217	0
chr7_KI270805v1_alt	209988	419	0
chr8_KI270818v1_alt	145606	252	0
chr8_KI270812v1_alt	282736	360	0
chr8_KI270811v1_alt	292436	497	0
chr8_KI270821v1_alt	985506	9926	0
chr8_KI270813v1_alt	300230	18375	0
chr8_KI270822v1_alt	624492	7775	0
chr8_KI270814v1_alt	141812	199	0
chr8_KI270810v1_alt	374415	184	0
chr8_KI270819v1_alt	133535	2217	0
chr8_KI270820v1_alt	36640	198	0
chr8_KI270817v1_alt	158983	1133	0
chr8_KI270816v1_alt	305841	11732	0
chr8_KI270815v1_alt	132244	1408	0
chr9_GL383539v1_alt	162988	1019	0
chr9_GL383540v1_alt	71551	1304	0
chr9_GL383541v1_alt	171286	1191	0
chr9_GL383542v1_alt	60032	534	0
chr9_KI270823v1_alt	439082	1805	0
chr10_GL383545v1_alt	179254	1634	0
chr10_KI270824v1_alt	181496	867	0
chr10_GL383546v1_alt	309802	3551	0
chr10_KI270825v1_alt	188315	3983	0
chr11_KI270832v1_alt	210133	8525	0
chr11_KI270830v1_alt	177092	1661	0
chr11_KI270831v1_alt	296895	5826	0
chr11_KI270829v1_alt	204059	2576	0
chr11_GL383547v1_alt	154407	82	0
chr11_JH159136v1_alt	200998	6862	0
chr11_JH159137v1_alt	191409	2044	0
chr11_KI270827v1_alt	67707	90	0
chr11_KI270826v1_alt	186169	243	0
chr12_GL877875v1_alt	167313	3511	0
chr12_GL877876v1_alt	408271	6768	0
chr12_KI270837v1_alt	40090	1945	0
chr12_GL383549v1_alt	120804	104	0
chr12_KI270835v1_alt	238139	1046	0
chr12_GL383550v2_alt	169178	950	0
chr12_GL383552v1_alt	138655	667	0
chr12_GL383553v2_alt	152874	1849	0
chr12_KI270834v1_alt	119498	7204	0
chr12_GL383551v1_alt	184319	154	0
chr12_KI270833v1_alt	76061	2438	0
chr12_KI270836v1_alt	56134	75	0
chr13_KI270840v1_alt	191684	1170	0
chr13_KI270839v1_alt	180306	654	0
chr13_KI270843v1_alt	103832	45	0
chr13_KI270841v1_alt	169134	60	0
chr13_KI270838v1_alt	306913	2113	0
chr13_KI270842v1_alt	37287	53	0
chr14_KI270844v1_alt	322166	4483	0
chr14_KI270847v1_alt	1511111	26018	1
chr14_KI270845v1_alt	180703	828	0
chr14_KI270846v1_alt	1351393	35822	1
chr15_KI270852v1_alt	478999	16573	0
chr15_KI270851v1_alt	263054	13684	0
chr15_KI270848v1_alt	327382	6280	0
chr15_GL383554v1_alt	296527	3878	0
chr15_KI270849v1_alt	244917	8728	0
chr15_GL383555v2_alt	388773	2504	0
chr15_KI270850v1_alt	430880	5135	0
chr16_KI270854v1_alt	134193	2350	0
chr16_KI270856v1_alt	63982	220	0
chr16_KI270855v1_alt	232857	6461	0
chr16_KI270853v1_alt	2659700	119097	0
chr16_GL383556v1_alt	192462	6810	0
chr16_GL383557v1_alt	89672	1870	0
chr17_GL383563v3_alt	375691	1470	0
chr17_KI270862v1_alt	391357	4288	0
chr17_KI270861v1_alt	196688	11291	0
chr17_KI270857v1_alt	2877074	79273	0
chr17_JH159146v1_alt	278131	12571	0
chr17_JH159147v1_alt	70345	4118	0
chr17_GL383564v2_alt	133151	5722	0
chr17_GL000258v2_alt	1821992	31377	0
chr17_GL383565v1_alt	223995	109	0
chr17_KI270858v1_alt	235827	155	0
chr17_KI270859v1_alt	108763	136	0
chr17_GL383566v1_alt	90219	119	0
chr17_KI270860v1_alt	178921	2953	0
chr18_KI270864v1_alt	111737	54	0
chr18_GL383567v1_alt	289831	1429	0
chr18_GL383570v1_alt	164789	92	0
chr18_GL383571v1_alt	198278	1814	0
chr18_GL383568v1_alt	104552	52	0
chr18_GL383569v1_alt	167950	200	0
chr18_GL383572v1_alt	159547	472	0
chr18_KI270863v1_alt	167999	1299	0
chr19_KI270868v1_alt	61734	1452	0
chr19_KI270865v1_alt	52969	1431	0
chr19_GL383573v1_alt	385657	1789	0
chr19_GL383575v2_alt	170222	1195	0
chr19_GL383576v1_alt	188024	1391	0
chr19_GL383574v1_alt	155864	1783	0
chr19_KI270866v1_alt	43156	1316	0
chr19_KI270867v1_alt	233762	2535	0
chr19_GL949746v1_alt	987716	13029	0
chr20_GL383577v2_alt	128386	154	0
chr20_KI270869v1_alt	118774	2417	0
chr20_KI270871v1_alt	58661	1226	0
chr20_KI270870v1_alt	183433	4161	0
chr21_GL383578v2_alt	63917	40	0
chr21_KI270874v1_alt	166743	69	0
chr21_KI270873v1_alt	143900	432	0
chr21_GL383579v2_alt	201197	96	0
chr21_GL383580v2_alt	74653	1270	0
chr21_GL383581v2_alt	116689	3841	0
chr21_KI270872v1_alt	82692	1816	0
chr22_KI270875v1_alt	259914	5714	0
chr22_KI270878v1_alt	186262	1559	0
chr22_KI270879v1_alt	304135	21268	0
chr22_KI270876v1_alt	263666	2461	0
chr22_KI270877v1_alt	101331	1449	0
chr22_GL383583v2_alt	96924	1322	0
chr22_GL383582v2_alt	162811	4605	0
chrX_KI270880v1_alt	284869	886	0
chrX_KI270881v1_alt	144206	879	0
chr19_KI270882v1_alt	248807	423	0
chr19_KI270883v1_alt	170399	370	0
chr19_KI270884v1_alt	157053	363	0
chr19_KI270885v1_alt	171027	407	0
chr19_KI270886v1_alt	204239	263	0
chr19_KI270887v1_alt	209512	489	0
chr19_KI270888v1_alt	155532	423	0
chr19_KI270889v1_alt	170698	457	0
chr19_KI270890v1_alt	184499	536	0
chr19_KI270891v1_alt	170680	791	0
chr1_KI270892v1_alt	162212	10923	0
chr2_KI270894v1_alt	214158	3416	0
chr2_KI270893v1_alt	161218	554	0
chr3_KI270895v1_alt	162896	4602	0
chr4_KI270896v1_alt	378547	5740	0
chr5_KI270897v1_alt	1144418	35054	0
chr5_KI270898v1_alt	130957	4209	0
chr6_GL000251v2_alt	4795265	60942	0
chr7_KI270899v1_alt	190869	3835	0
chr8_KI270901v1_alt	136959	216	0
chr8_KI270900v1_alt	318687	1162	0
chr11_KI270902v1_alt	106711	14875	0
chr11_KI270903v1_alt	214625	2213	0
chr12_KI270904v1_alt	572349	9932	0
chr15_KI270906v1_alt	196384	1779	0
chr15_KI270905v1_alt	5161414	76883	1
chr17_KI270907v1_alt	137721	291	0
chr17_KI270910v1_alt	157099	2256	0
chr17_KI270909v1_alt	325800	20614	0
chr17_JH159148v1_alt	88070	3428	0
chr17_KI270908v1_alt	1423190	31331	0
chr18_KI270912v1_alt	174061	179	0
chr18_KI270911v1_alt	157710	539	0
chr19_GL949747v2_alt	729520	5579	0
chr22_KB663609v1_alt	74013	3855	0
chrX_KI270913v1_alt	274009	1909	0
chr19_KI270914v1_alt	205194	387	0
chr19_KI270915v1_alt	170665	420	0
chr19_KI270916v1_alt	184516	369	0
chr19_KI270917v1_alt	190932	601	0
chr19_KI270918v1_alt	123111	235	0
chr19_KI270919v1_alt	170701	346	0
chr19_KI270920v1_alt	198005	457	0
chr19_KI270921v1_alt	282224	576	0
chr19_KI270922v1_alt	187935	562	0
chr19_KI270923v1_alt	189352	455	0
chr3_KI270924v1_alt	166540	5275	0
chr4_KI270925v1_alt	555799	890	0
chr6_GL000252v2_alt	4604811	56581	0
chr8_KI270926v1_alt	229282	1366	0
chr11_KI270927v1_alt	218612	13351	0
chr19_GL949748v2_alt	1064304	3031	0
chr22_KI270928v1_alt	176103	6226	0
chr19_KI270929v1_alt	186203	590	0
chr19_KI270930v1_alt	200773	402	0
chr19_KI270931v1_alt	170148	532	0
chr19_KI270932v1_alt	215732	455	0
chr19_KI270933v1_alt	170537	337	0
chr19_GL000209v2_alt	177381	454	0
chr3_KI270934v1_alt	163458	4466	0
chr6_GL000253v2_alt	4677643	35577	0
chr19_GL949749v2_alt	1091841	2970	0
chr3_KI270935v1_alt	197351	14381	0
chr6_GL000254v2_alt	4827813	49418	0
chr19_GL949750v2_alt	1066390	2942	0
chr3_KI270936v1_alt	164170	4807	0
chr6_GL000255v2_alt	4606388	52159	0
chr19_GL949751v2_alt	1002683	3056	0
chr3_KI270937v1_alt	165607	4505	0
chr6_GL000256v2_alt	4929269	48218	0
chr19_GL949752v1_alt	987100	13770	0
chr6_KI270758v1_alt	76752	421	0
chr19_GL949753v2_alt	796479	9318	0
chr19_KI270938v1_alt	1066800	15144	0
chrM	16569	9602	0
chrUn_KI270302v1	2274	0	0
chrUn_KI270304v1	2165	0	0
chrUn_KI270303v1	1942	2	0
chrUn_KI270305v1	1472	0	0
chrUn_KI270322v1	21476	3	0
chrUn_KI270320v1	4416	4	0
chrUn_KI270310v1	1201	0	0
chrUn_KI270316v1	1444	0	0
chrUn_KI270315v1	2276	0	0
chrUn_KI270312v1	998	0	0
chrUn_KI270311v1	12399	0	0
chrUn_KI270317v1	37690	0	0
chrUn_KI270412v1	1179	0	0
chrUn_KI270411v1	2646	2	0
chrUn_KI270414v1	2489	0	0
chrUn_KI270419v1	1029	0	0
chrUn_KI270418v1	2145	0	0
chrUn_KI270420v1	2321	0	0
chrUn_KI270424v1	2140	0	0
chrUn_KI270417v1	2043	2	0
chrUn_KI270422v1	1445	4	0
chrUn_KI270423v1	981	2	0
chrUn_KI270425v1	1884	0	0
chrUn_KI270429v1	1361	0	0
chrUn_KI270442v1	392061	2972	0
chrUn_KI270466v1	1233	43	0
chrUn_KI270465v1	1774	2	0
chrUn_KI270467v1	3920	208	0
chrUn_KI270435v1	92983	72	0
chrUn_KI270438v1	112505	5411	0
chrUn_KI270468v1	4055	2	0
chrUn_KI270510v1	2415	4	0
chrUn_KI270509v1	2318	1	0
chrUn_KI270518v1	2186	2	0
chrUn_KI270508v1	1951	2	0
chrUn_KI270516v1	1300	10	0
chrUn_KI270512v1	22689	29	0
chrUn_KI270519v1	138126	123	0
chrUn_KI270522v1	5674	0	0
chrUn_KI270511v1	8127	10	0
chrUn_KI270515v1	6361	5	0
chrUn_KI270507v1	5353	2	0
chrUn_KI270517v1	3253	8	0
chrUn_KI270529v1	1899	2	0
chrUn_KI270528v1	2983	4	0
chrUn_KI270530v1	2168	2	0
chrUn_KI270539v1	993	0	0
chrUn_KI270538v1	91309	97	0
chrUn_KI270544v1	1202	0	0
chrUn_KI270548v1	1599	0	0
chrUn_KI270583v1	1400	0	0
chrUn_KI270587v1	2969	12	0
chrUn_KI270580v1	1553	2	0
chrUn_KI270581v1	7046	6	0
chrUn_KI270579v1	31033	0	0
chrUn_KI270589v1	44474	69	0
chrUn_KI270590v1	4685	12	0
chrUn_KI270584v1	4513	0	0
chrUn_KI270582v1	6504	2	0
chrUn_KI270588v1	6158	4	0
chrUn_KI270593v1	3041	0	0
chrUn_KI270591v1	5796	23	0
chrUn_KI270330v1	1652	6	0
chrUn_KI270329v1	1040	0	0
chrUn_KI270334v1	1368	0	0
chrUn_KI270333v1	2699	51	0
chrUn_KI270335v1	1048	0	0
chrUn_KI270338v1	1428	0	0
chrUn_KI270340v1	1428	4	0
chrUn_KI270336v1	1026	11	1
chrUn_KI270337v1	1121	68	0
chrUn_KI270363v1	1803	2	0
chrUn_KI270364v1	2855	0	0
chrUn_KI270362v1	3530	0	0
chrUn_KI270366v1	8320	4	0
chrUn_KI270378v1	1048	0	0
chrUn_KI270379v1	1045	0	0
chrUn_KI270389v1	1298	0	0
chrUn_KI270390v1	2387	0	0
chrUn_KI270387v1	1537	2	0
chrUn_KI270395v1	1143	0	0
chrUn_KI270396v1	1880	0	0
chrUn_KI270388v1	1216	0	0
chrUn_KI270394v1	970	0	0
chrUn_KI270386v1	1788	0	0
chrUn_KI270391v1	1484	0	0
chrUn_KI270383v1	1750	0	0
chrUn_KI270393v1	1308	0	0
chrUn_KI270384v1	1658	0	0
chrUn_KI270392v1	971	0	0
chrUn_KI270381v1	1930	0	0
chrUn_KI270385v1	990	0	0
chrUn_KI270382v1	4215	4	0
chrUn_KI270376v1	1136	0	0
chrUn_KI270374v1	2656	0	0
chrUn_KI270372v1	1650	0	0
chrUn_KI270373v1	1451	0	0
chrUn_KI270375v1	2378	2	0
chrUn_KI270371v1	2805	0	0
chrUn_KI270448v1	7992	4	0
chrUn_KI270521v1	7642	4	0
chrUn_GL000195v1	182896	485	0
chrUn_GL000219v1	179198	5287	1
chrUn_GL000220v1	161802	1903	0
chrUn_GL000224v1	179693	2617	0
chrUn_KI270741v1	157432	204	0
chrUn_GL000226v1	15008	42	0
chrUn_GL000213v1	164239	9703	0
chrUn_KI270743v1	210658	295	0
chrUn_KI270744v1	168472	2628	0
chrUn_KI270745v1	41891	41	0
chrUn_KI270746v1	66486	13913	0
chrUn_KI270747v1	198735	319	0
chrUn_KI270748v1	93321	104	0
chrUn_KI270749v1	158759	1516	1
chrUn_KI270750v1	148850	2715	0
chrUn_KI270751v1	150742	881	0
chrUn_KI270752v1	27745	1	0
chrUn_KI270753v1	62944	75	0
chrUn_KI270754v1	40191	1002	0
chrUn_KI270755v1	36723	14	0
chrUn_KI270756v1	79590	118	0
chrUn_KI270757v1	71251	94	0
chrUn_GL000214v1	137718	1023	0
chrUn_KI270742v1	186739	1582	0
chrUn_GL000216v2	176608	1711	1
chrUn_GL000218v1	161147	1189	0
chrX	156040895	2168275	6
chrY	57227415	252117	19
chrY_KI270740v1_random	37240	14	0
*	0	0	59966
