# This file was produced by samtools stats (1.23+htslib-1.23) and can be plotted using plot-bamstats
# This file contains statistics for all reads.
# The command line was:  stats data/EAS/JPT/NA18946/aligned/NA18946.bam
# CHK, Checksum	[2]Read Names	[3]Sequences	[4]Qualities
# CHK, CRC32 of reads which passed filtering followed by addition (32bit overflow)
CHK	c295c28c	9aca6a78	b3d4342d
# Summary Numbers. Use `grep ^SN | cut -f 2-` to extract this part.
SN	raw total sequences:	153870	# excluding supplementary and secondary reads
SN	filtered sequences:	0
SN	sequences:	153870
SN	is sorted:	1	# sorted by coordinate
SN	1st fragments:	76935
SN	last fragments:	76935
SN	reads mapped:	153657
SN	reads mapped and paired:	153652	# paired-end technology bit set + both mates mapped
SN	reads unmapped:	213
SN	reads properly paired:	152138	# proper-pair bit set
SN	reads paired:	153870	# paired-end technology bit set
SN	reads duplicated:	0	# PCR or optical duplicate bit set
SN	reads MQ0:	16229	# mapped and MQ=0
SN	reads QC failed:	0
SN	non-primary alignments:	0
SN	supplementary alignments:	43
SN	total length:	15492016	# ignores clipping
SN	total first fragment length:	7746008	# ignores clipping
SN	total last fragment length:	7746008	# ignores clipping
SN	bases mapped:	15470529	# ignores clipping
SN	bases mapped (cigar):	15456415	# more accurate
SN	bases trimmed:	0
SN	bases duplicated:	0
SN	mismatches:	34168	# from NM fields
SN	error rate:	2.210603e-03	# mismatches / bases mapped (cigar)
SN	average length:	101
SN	average first fragment length:	101
SN	average last fragment length:	101
SN	maximum length:	101
SN	maximum first fragment length:	101
SN	maximum last fragment length:	101
SN	average quality:	35.9
SN	insert size average:	171.6
SN	insert size standard deviation:	55.1
SN	inward oriented pairs:	76594
SN	outward oriented pairs:	29
SN	pairs with other orientation:	24
SN	pairs on different chromosomes:	179
SN	percentage of properly paired reads (%):	98.9
# First Fragment Qualities. Use `grep ^FFQ | cut -f 2-` to extract this part.
# Columns correspond to qualities and rows to cycles. First column is the cycle number.
FFQ	1	0	0	370	0	0	0	0	0	0	0	78	0	0	0	0	0	154	0	0	1	0	0	41	212	0	188	767	1053	560	0	3825	26662	0	5801	37223	0	0	0	0	0	0	0	0
FFQ	2	0	0	0	0	0	0	0	0	0	0	39	0	0	0	0	0	451	0	0	46	0	0	63	178	0	170	581	1063	514	0	3152	22128	0	2749	45801	0	0	0	0	0	0	0	0
FFQ	3	0	0	0	0	0	0	0	0	0	0	41	0	0	0	0	0	155	0	0	0	0	0	105	190	0	242	609	1248	727	0	3068	20713	0	2586	47251	0	0	0	0	0	0	0	0
FFQ	4	0	0	0	0	0	0	0	0	0	0	46	0	0	0	0	0	58	0	0	63	0	0	74	0	0	132	256	18	409	15	740	19	1063	1837	0	15260	0	56945	0	0	0	0	0
FFQ	5	0	0	0	0	0	0	0	0	0	0	74	0	0	0	0	0	93	0	0	99	0	0	75	0	0	200	336	15	480	2	916	18	1240	2197	0	16235	0	54955	0	0	0	0	0
FFQ	6	0	0	0	0	0	0	0	0	5	0	67	22	0	0	0	11	15	79	41	50	0	19	11	94	1	233	326	54	256	216	879	115	1359	1899	0	14455	1442	55286	0	0	0	0	0
FFQ	7	0	0	0	0	0	0	0	0	7	0	57	12	0	0	0	7	19	107	49	35	0	7	5	102	0	222	296	52	256	180	849	141	1301	1900	0	14110	1444	55777	0	0	0	0	0
FFQ	8	0	0	0	0	0	0	0	0	7	0	50	18	0	0	0	11	24	93	50	32	0	18	9	88	0	242	304	59	243	178	877	151	1403	1959	0	14318	1432	55369	0	0	0	0	0
FFQ	9	0	0	0	0	0	0	0	0	5	0	51	20	0	0	0	12	17	90	41	48	0	9	5	74	1	245	105	313	209	206	855	94	1129	1258	806	4294	2	8381	4517	54148	0	0	0
FFQ	10	0	0	0	0	0	0	0	0	6	0	85	23	0	0	0	15	23	87	61	44	1	10	10	99	1	312	115	435	200	242	977	114	1283	1369	819	4667	0	8492	5005	52440	0	0	0
FFQ	11	0	0	0	0	0	0	0	0	13	0	46	18	0	0	0	15	25	113	50	44	0	7	10	96	0	254	115	501	104	180	908	123	1233	1298	933	4590	3	8585	4559	53112	0	0	0
FFQ	12	0	0	0	0	0	0	1	0	12	0	78	21	0	0	0	13	24	95	57	45	1	6	4	79	1	274	126	522	55	167	940	103	1295	1353	931	4599	3	8582	4908	52640	0	0	0
FFQ	13	0	0	0	0	0	0	1	1	9	0	74	12	0	0	0	6	16	86	57	49	0	14	12	86	2	258	140	487	35	200	912	96	1250	1301	946	4632	1	8646	4767	52839	0	0	0
FFQ	14	0	0	0	0	0	0	0	0	16	0	84	22	0	0	1	1	32	103	61	45	0	11	7	29	76	277	133	538	41	207	371	572	921	1406	985	803	3024	2441	7298	5046	14631	37753	0
FFQ	15	0	0	0	0	0	0	0	0	10	0	88	21	1	0	0	4	38	95	48	50	1	21	9	37	104	265	116	537	44	229	427	631	937	1380	1023	843	2893	2542	7189	5083	14984	37285	0
FFQ	16	0	0	0	0	0	0	0	0	10	2	78	15	1	0	1	0	27	108	63	48	0	11	13	35	92	229	120	552	41	201	437	621	949	1349	1039	881	2954	2507	7411	5203	15021	36916	0
FFQ	17	0	0	63	0	0	0	0	0	12	0	65	16	0	1	0	3	39	96	53	43	1	16	12	35	94	294	137	561	47	209	435	634	937	1377	993	899	2953	2575	7404	5230	15265	36436	0
FFQ	18	0	0	0	0	0	0	0	0	19	0	66	16	2	0	0	7	37	154	58	44	1	16	10	48	82	303	139	531	28	225	465	644	916	1300	1013	889	2947	2548	7491	5289	15390	36257	0
FFQ	19	0	0	0	0	0	0	1	1	22	4	92	24	0	1	0	7	38	10	185	37	1	22	13	52	114	273	135	579	48	246	514	624	933	960	1659	928	2669	2527	6263	6041	16223	35689	0
FFQ	20	0	0	0	0	0	1	0	2	15	2	70	24	1	0	1	12	42	12	173	65	3	29	13	57	116	259	157	625	51	256	527	689	1015	961	1690	928	2653	2654	6310	6399	16034	35089	0
FFQ	21	0	0	0	0	0	1	1	2	26	4	94	26	1	0	1	8	38	22	179	65	0	23	13	61	146	330	155	609	46	247	574	719	1017	952	1747	1027	2766	2737	6725	6568	16083	33922	0
FFQ	22	0	0	0	0	0	0	1	3	25	10	71	18	0	1	1	17	49	20	147	56	4	23	11	64	144	240	148	602	48	216	542	704	964	968	1655	1084	2651	2892	6799	6795	16266	33696	0
FFQ	23	0	0	0	0	0	1	1	1	23	13	100	27	2	1	2	10	48	26	147	66	1	30	16	73	167	287	167	574	59	254	603	705	970	928	1771	1114	2759	2750	6712	6920	16514	33093	0
FFQ	24	0	0	0	0	0	0	0	2	31	14	68	21	0	1	1	7	46	36	124	64	4	25	20	60	187	277	151	569	48	261	641	650	935	978	1737	1141	2745	2882	6849	6756	15819	33785	0
FFQ	25	0	0	0	0	0	0	1	2	30	17	81	18	1	5	2	20	49	39	118	67	6	26	22	95	207	252	181	540	69	302	675	690	932	998	1759	1302	2858	2944	7353	6611	16058	32605	0
FFQ	26	0	0	0	0	0	1	4	8	56	39	92	23	1	1	3	31	84	49	145	69	6	44	26	95	260	254	165	557	63	282	708	744	933	1128	1770	1323	2882	2945	7321	6809	16347	31667	0
FFQ	27	0	0	0	0	0	1	4	4	66	49	115	20	1	4	3	37	84	75	137	76	6	46	17	90	357	257	197	588	68	306	847	813	912	1048	1827	1486	2905	3033	7692	6482	17055	30227	0
FFQ	28	0	0	0	0	0	3	6	4	69	55	101	18	4	3	6	44	101	78	89	78	9	39	26	109	329	249	197	528	61	279	859	752	887	1115	1862	1459	2941	3007	7758	6801	17497	29512	0
FFQ	29	0	0	0	0	0	0	5	8	70	68	82	8	5	1	0	39	85	74	121	92	9	48	26	118	338	289	177	535	64	314	976	801	790	1171	1952	1599	3026	3007	8231	6600	17550	28656	0
FFQ	30	0	0	0	0	0	1	3	5	74	70	78	3	2	7	7	49	120	72	72	66	10	42	35	93	284	264	160	424	74	253	1024	720	725	1164	1782	1650	2615	3067	7582	7024	16380	30934	0
FFQ	31	0	0	0	0	0	2	9	13	69	92	65	2	3	6	2	50	116	58	73	66	7	51	27	97	315	311	187	444	69	291	1084	704	706	1131	1666	1732	2628	3032	7578	6663	16373	31213	0
FFQ	32	0	0	0	0	0	0	7	11	74	82	36	0	6	10	6	54	108	42	70	60	8	48	39	96	303	273	180	356	82	256	1099	713	655	1172	1616	1859	2495	2969	7674	6184	16464	31827	0
FFQ	33	0	0	0	0	0	1	6	10	84	100	22	0	9	10	3	59	123	39	74	79	12	53	27	93	320	296	213	335	66	258	1016	711	570	1125	1564	1955	2444	3134	7698	5982	16473	31969	0
FFQ	34	0	0	0	0	0	0	10	11	85	83	21	1	6	6	3	75	103	22	83	61	13	60	33	109	312	281	171	335	108	251	1091	750	571	1276	1535	2051	2462	3031	7878	5918	16653	31470	0
FFQ	35	0	0	0	0	0	0	9	14	68	97	17	2	9	6	15	75	116	16	82	77	13	59	47	116	323	311	187	336	103	286	1175	715	567	1307	1562	2174	2473	2987	7994	5594	16617	31376	0
FFQ	36	0	0	0	0	0	1	8	22	97	155	10	0	11	14	14	78	115	25	89	104	16	78	53	120	381	304	247	395	139	337	1163	852	600	1402	1725	2359	2435	2995	8286	5584	16629	30079	0
FFQ	37	0	0	0	0	0	0	9	25	90	123	9	1	8	12	11	92	105	11	83	75	18	89	48	124	357	324	211	380	159	282	1145	806	557	1490	1575	2501	2326	3234	8402	5813	16751	29676	0
FFQ	38	0	0	0	0	0	3	18	24	93	137	3	4	8	12	17	109	113	19	93	83	21	84	63	136	403	347	229	371	155	361	1207	824	591	1631	1620	2653	2390	3322	8520	5744	16916	28597	0
FFQ	39	0	0	0	0	0	4	18	35	80	162	3	2	19	22	21	99	94	14	109	94	25	82	64	184	437	287	243	395	177	333	1231	893	630	1674	1567	2738	2314	3390	8427	6159	16830	28064	0
FFQ	40	0	0	0	0	0	1	22	62	132	213	4	7	18	26	37	153	112	24	134	133	38	83	69	201	488	279	319	444	233	388	1322	979	665	1858	1722	2903	2371	3300	8564	6091	16775	26749	0
FFQ	41	0	0	0	0	0	3	15	51	107	141	2	6	18	24	27	124	82	34	85	81	41	98	73	213	419	339	319	361	237	404	1329	954	670	1898	1640	3051	2284	3543	8463	6491	16630	26662	0
FFQ	42	0	0	0	0	0	3	20	47	101	165	0	8	20	32	38	130	72	19	103	95	44	81	74	217	465	255	363	401	250	367	1317	999	702	1943	1601	3081	2261	3656	8451	6390	16718	26427	0
FFQ	43	0	0	0	0	0	3	20	49	103	147	1	5	16	35	26	142	53	35	95	109	46	84	80	241	436	247	363	398	298	418	1222	979	659	2065	1656	3107	2430	3710	8544	6261	16886	25947	0
FFQ	44	0	0	0	0	0	5	38	57	117	177	6	6	14	46	40	166	57	28	115	112	53	103	115	248	468	211	393	455	357	413	1249	1057	761	2109	1795	3300	2534	3605	8651	6135	16818	25100	0
FFQ	45	0	0	0	0	0	3	29	78	118	153	4	8	17	38	39	154	42	38	109	100	66	84	115	262	473	218	377	440	355	443	1208	1105	810	2145	1763	3459	2524	3722	8804	6167	16787	24656	0
FFQ	46	0	0	0	0	0	3	29	66	130	150	4	4	28	53	52	142	39	55	108	115	96	106	108	301	485	201	405	419	409	466	1201	1107	807	2213	1830	3448	2655	3727	8811	6236	16974	23930	0
FFQ	47	0	0	0	0	0	5	35	75	105	144	0	10	34	55	46	135	25	41	114	84	96	93	144	313	501	171	453	388	478	462	1212	1178	873	2247	1959	3499	2676	3888	8793	6405	16496	23680	0
FFQ	48	0	0	0	0	0	2	43	79	133	151	4	16	32	79	54	147	29	41	152	115	107	105	140	284	489	157	536	437	498	475	1140	1226	945	2342	2040	3720	2858	3994	8959	6259	16562	22561	0
FFQ	49	0	0	0	0	0	3	39	95	136	122	7	12	33	76	54	133	32	42	115	126	126	102	184	401	487	131	548	444	608	491	1144	1218	1003	2358	2203	3522	2913	4164	7942	7521	16254	22119	0
FFQ	50	0	0	0	0	0	4	54	90	166	116	6	15	28	68	69	127	25	46	120	128	117	104	205	326	477	116	529	470	562	537	1110	1309	1020	2338	2403	3732	3131	4136	8037	7711	16390	21086	0
FFQ	51	0	0	0	0	0	8	35	70	103	75	7	8	41	93	63	96	19	34	100	85	118	97	198	379	427	105	541	340	644	453	1176	1207	955	2247	2225	3882	2863	4344	7130	8202	15146	23392	0
FFQ	52	0	0	0	0	0	7	28	89	113	79	4	14	35	95	52	69	24	40	115	97	133	98	167	304	365	91	530	372	625	430	974	1283	958	2239	2235	4003	2989	4356	6836	7883	14790	24384	0
FFQ	53	0	0	0	0	0	6	38	85	127	86	4	19	37	77	49	65	25	65	127	94	132	95	189	318	400	87	589	384	665	497	967	1302	1017	2073	2388	4225	3174	4534	6548	7741	14764	23913	0
FFQ	54	0	0	0	0	0	4	34	87	117	52	3	15	19	98	61	58	19	43	140	93	120	112	195	333	375	76	606	376	681	550	977	1368	1018	2132	2522	4492	3303	4588	6489	7722	14283	23744	0
FFQ	55	0	0	0	0	0	6	35	84	130	57	6	18	26	91	51	46	17	40	113	82	149	107	176	353	247	181	588	378	698	488	876	1338	1078	2073	2650	4740	3335	4605	6444	7832	13821	23945	0
FFQ	56	0	0	0	0	0	11	39	127	144	61	9	26	36	101	61	67	19	52	119	85	127	112	202	355	237	163	623	366	781	559	862	1479	1132	2180	2772	4999	3446	4585	6352	7995	13298	23322	0
FFQ	57	0	0	0	0	0	7	49	96	129	42	5	10	35	105	60	47	14	52	133	89	148	101	239	338	245	168	705	335	822	617	870	1449	1173	2166	3030	5257	3692	4884	6281	7904	13018	22589	0
FFQ	58	0	0	2	0	0	8	36	131	142	41	8	21	35	105	52	50	21	44	145	89	163	96	223	360	200	183	625	367	865	634	865	1494	1230	2177	3119	5654	3948	5047	6339	8054	12745	21582	0
FFQ	59	0	0	2	0	0	10	42	115	144	33	15	32	25	105	49	42	20	68	157	77	152	100	301	353	202	211	760	364	883	651	829	1622	1300	2258	3472	5945	4092	5085	6067	8055	12325	20937	0
FFQ	60	0	0	2	0	0	13	48	156	166	30	16	30	37	106	69	40	22	53	188	99	156	108	325	390	198	232	882	372	941	748	873	1624	1391	2255	3609	6365	4300	5235	6092	8130	11840	19758	0
FFQ	61	0	0	3	0	0	15	48	198	204	34	14	25	35	126	59	41	21	66	230	128	198	134	356	351	201	282	918	420	1020	807	945	1907	1547	2388	3961	6830	4578	5249	6020	8033	11421	18084	0
FFQ	62	0	0	12	0	0	14	62	195	232	29	15	40	39	153	75	41	32	79	254	118	228	136	431	340	200	305	975	392	1143	955	1048	1908	1604	2522	4239	7111	4646	5393	5944	8257	10878	16850	0
FFQ	63	0	0	25	0	0	15	45	190	191	17	18	34	54	128	66	37	28	72	253	96	226	141	386	345	197	258	1025	369	1079	889	1103	1986	1612	2499	4326	7660	4822	5811	5677	8598	10337	16277	0
FFQ	64	0	0	47	0	0	15	59	165	207	20	28	37	40	157	60	41	34	79	251	81	248	155	407	388	194	315	1129	445	1055	994	1079	2075	1813	2551	4590	8147	4968	5943	5348	8579	9871	15277	0
FFQ	65	0	0	73	0	0	21	64	221	224	10	16	54	47	180	63	44	43	74	237	150	266	171	458	411	209	350	1145	368	1115	1142	1185	2120	1797	2694	4948	8643	5323	6038	5344	8484	9223	13936	0
FFQ	66	0	0	108	0	0	35	73	216	266	12	19	59	38	167	69	39	43	97	253	145	283	169	412	418	205	365	1269	428	1159	1251	1180	2309	1934	2745	5189	9070	5592	6079	5123	8625	8572	12873	0
FFQ	67	0	0	144	0	0	31	57	199	194	4	33	51	55	150	49	45	27	75	226	100	318	164	446	403	216	323	1180	359	1101	1172	1372	2219	2061	2732	5426	9778	5630	6478	4661	8997	8075	12337	0
FFQ	68	0	0	169	0	0	17	45	199	180	4	28	57	46	148	35	38	31	76	210	113	316	167	409	376	235	338	1168	382	1013	1162	1336	2208	2024	2830	5565	10702	5918	6706	4319	9104	7524	11689	0
FFQ	69	0	0	222	0	0	31	49	207	175	1	24	59	55	122	34	43	35	90	242	107	316	157	419	308	199	357	1168	378	944	1240	1389	2229	1974	3079	5745	11298	6286	6890	4128	9101	7012	10768	0
FFQ	70	0	0	268	0	0	23	51	211	163	0	33	57	37	134	37	53	40	83	230	123	305	174	378	270	307	393	1211	425	911	1359	1476	2288	2172	3006	6166	11975	6354	7094	3802	9088	6371	9809	0
FFQ	71	0	0	312	0	0	28	37	248	143	1	40	52	47	134	46	45	38	84	279	124	324	173	366	275	350	435	1230	421	897	1396	1520	2387	2122	3188	6539	12644	6577	7228	3689	8901	5696	8856	0
FFQ	72	0	0	375	0	0	29	42	251	161	0	34	53	49	130	33	65	49	92	309	137	333	157	378	308	363	455	1267	423	923	1518	1570	2402	2320	3315	6643	13462	6881	7379	3410	8745	5167	7640	0
FFQ	73	0	0	442	0	0	36	54	332	202	0	43	76	57	145	43	80	39	145	356	124	391	181	444	307	434	512	1442	470	903	1627	1691	2476	2459	3446	7113	13935	6965	7372	3141	8362	4601	6415	0
FFQ	74	0	0	502	0	0	33	50	303	188	0	53	59	50	142	30	66	39	118	322	121	424	194	390	339	451	568	1466	485	839	1623	1893	2560	2584	3652	7477	14668	7033	7456	2723	8266	3969	5722	0
FFQ	75	0	0	578	0	0	44	53	365	183	0	59	69	62	156	36	75	33	119	351	136	438	171	347	356	457	574	1322	675	794	1757	1944	2702	2552	3708	7797	15415	7255	7505	2481	7944	3409	4927	0
FFQ	76	0	0	667	0	0	44	41	319	186	0	120	199	93	358	35	147	26	200	369	251	1131	425	813	756	1023	1095	3288	1376	2351	3950	5192	6329	6354	5038	11924	6301	6138	2458	1718	4885	875	361	0
FFQ	77	0	0	700	0	0	44	39	300	170	0	83	106	68	164	28	101	34	154	334	160	661	227	414	472	681	735	1931	1008	1182	2771	3316	4458	5015	5828	13890	9280	7745	3310	1810	7879	1485	240	0
FFQ	78	0	0	739	0	0	43	31	310	138	0	63	92	47	112	25	93	41	124	289	149	547	189	312	405	539	623	1489	842	821	2181	2318	3186	3597	5021	11112	14627	7983	6153	1560	7555	2526	922	0
FFQ	79	0	0	805	0	0	41	20	259	99	0	64	73	44	93	20	96	39	110	294	148	509	164	219	332	516	616	1250	691	632	2074	2035	2786	2982	4457	9727	18305	7944	7562	1362	6782	1864	1774	0
FFQ	80	0	0	874	0	0	45	35	339	106	1	79	65	66	98	16	73	46	122	391	145	509	147	208	329	516	632	1189	790	541	2031	1918	2725	2801	4439	9294	20216	7959	7708	1195	6048	1340	1735	0
FFQ	81	0	0	960	0	0	46	30	289	76	0	64	65	56	86	27	82	29	136	356	131	462	166	184	367	481	632	1105	845	476	2077	1869	2699	2776	4327	9488	21680	7908	7775	1002	5603	983	1403	0
FFQ	82	0	0	1057	0	0	58	37	442	101	0	87	74	65	78	25	106	65	131	419	165	512	163	207	396	525	801	1195	893	495	2136	1952	2896	2802	4340	9714	22046	7907	7352	849	4833	742	1044	0
FFQ	83	0	0	1163	0	0	72	26	393	82	0	75	81	56	72	20	95	31	133	392	175	565	134	192	397	533	790	1169	890	481	2154	2047	2923	2975	4516	10213	22570	7872	7184	647	4285	518	762	0
FFQ	84	0	0	1293	0	0	82	32	602	115	0	92	108	95	74	32	122	49	174	525	205	660	182	200	409	604	976	1174	952	436	2428	2069	2999	3095	4720	10610	22552	7484	6571	605	3465	341	501	0
FFQ	85	0	0	1408	0	0	113	57	712	121	0	114	109	81	107	21	137	63	186	589	235	719	167	198	509	713	1033	1311	1021	424	2579	2179	3418	3113	4647	10814	22621	7280	5914	471	2836	232	323	0
FFQ	86	0	0	1511	0	0	69	31	471	73	0	129	90	71	79	14	154	42	204	393	248	724	151	155	491	625	994	1198	1070	348	2479	2143	3241	3261	4691	11179	24159	7446	5486	317	2410	146	224	0
FFQ	87	0	0	1624	0	0	60	19	415	51	0	107	84	67	38	16	133	44	160	418	201	675	129	103	471	609	965	1053	1035	350	2400	2061	3110	3257	4913	11594	25380	7396	5112	265	1915	89	127	0
FFQ	88	0	0	1739	0	0	81	25	462	53	0	117	78	70	33	14	120	63	172	441	220	590	119	115	451	615	1039	1007	1068	293	2521	2085	3116	3218	4901	11647	26236	7235	4664	184	1442	55	89	0
FFQ	89	0	0	1886	0	0	81	12	426	58	0	95	73	73	36	14	127	53	171	425	235	594	106	85	488	668	1079	931	1055	283	2548	2068	3156	3205	4976	12024	26950	6977	4066	127	1061	36	47	0
FFQ	90	0	0	2036	0	0	58	18	383	49	0	118	55	62	33	10	111	58	176	408	231	613	90	79	436	641	1038	832	1157	257	2481	2060	3161	3302	4992	12212	27695	6883	3519	88	815	13	29	0
FFQ	91	0	0	2234	0	0	66	13	371	30	0	104	71	62	25	11	144	45	172	376	257	610	90	80	441	658	1080	773	1128	214	2499	2021	3225	3380	5131	12398	28280	6432	3035	75	534	8	10	0
FFQ	92	0	0	2471	0	0	67	20	409	29	0	101	57	74	19	10	113	63	194	403	283	622	78	75	519	660	1137	728	1191	225	2594	2020	3233	3383	4984	12774	28550	6038	2418	46	353	4	9	0
FFQ	93	0	0	2715	0	0	69	14	368	26	0	129	56	81	14	5	135	47	195	374	255	611	58	42	504	713	1143	724	1237	195	2572	2030	3259	3380	5049	12663	29075	5788	2025	28	231	2	4	0
FFQ	94	0	0	3035	0	0	64	11	374	24	0	109	47	63	12	8	136	42	200	464	278	573	49	54	481	723	1163	628	1273	185	2515	2110	3337	3373	5010	13040	29224	5301	1629	17	130	2	0	0
FFQ	95	0	0	3439	0	0	59	6	346	24	0	104	43	12	58	8	138	54	177	365	300	526	42	40	511	680	1206	551	1258	179	2611	2065	3315	3511	5071	13176	29306	4998	1258	9	88	0	1	0
FFQ	96	0	0	3950	0	0	48	7	267	16	0	91	36	12	35	4	124	55	166	388	270	516	34	38	512	671	1207	512	1268	147	2509	2085	3358	3486	5140	13290	29471	4644	959	4	41	0	0	0
FFQ	97	0	0	4616	0	0	34	5	216	14	0	77	22	7	34	9	112	45	137	375	287	487	34	30	509	620	1305	424	1200	129	2517	2098	3452	3605	5142	13180	29454	4241	723	3	19	1	0	0
FFQ	98	0	0	5461	0	0	20	2	149	6	0	46	25	3	14	2	104	45	141	360	251	448	21	32	420	613	1278	390	1235	100	2472	2127	3356	3627	5140	13527	29215	3757	569	3	9	0	0	0
FFQ	99	0	0	6604	0	0	8	0	52	4	0	12	11	2	10	2	110	56	145	432	292	444	25	45	447	698	1333	371	1319	124	2683	2221	3525	3792	4984	13535	27762	3310	398	2	3	0	0	0
FFQ	100	0	0	7828	0	0	0	0	0	0	0	0	0	0	0	0	100	55	133	454	275	426	16	39	483	641	1294	293	1290	113	2555	2209	3584	3896	5033	13730	26860	2944	282	2	1	0	0	0
FFQ	101	0	0	10067	0	0	0	0	0	0	0	0	0	0	0	0	330	213	437	1910	811	1096	53	184	1153	1557	3714	904	2839	267	5426	3612	5884	5502	4464	13905	9191	700	54	0	1	0	0	0
# Last Fragment Qualities. Use `grep ^LFQ | cut -f 2-` to extract this part.
# Columns correspond to qualities and rows to cycles. First column is the cycle number.
LFQ	1	0	0	0	0	0	0	0	0	0	0	148	0	0	0	0	0	235	0	0	2	0	0	20	296	0	353	790	889	819	0	3830	23575	0	10538	35440	0	0	0	0	0	0	0	0
LFQ	2	0	0	0	0	0	0	0	0	0	0	208	0	0	0	0	0	359	0	0	0	0	0	120	335	0	320	977	1398	654	0	3133	21541	0	5269	42621	0	0	0	0	0	0	0	0
LFQ	3	0	0	19	0	0	0	0	0	0	0	152	0	0	0	0	0	292	0	0	0	0	0	90	275	0	359	773	1124	803	0	3079	19833	0	5483	44653	0	0	0	0	0	0	0	0
LFQ	4	0	0	5	0	0	0	0	0	0	0	308	0	0	0	0	0	194	0	0	217	0	0	144	0	0	358	510	27	675	0	1160	25	1525	2445	0	14739	0	54603	0	0	0	0	0
LFQ	5	0	0	0	0	0	0	0	0	0	0	225	0	0	0	0	0	145	0	0	244	0	0	112	0	0	329	390	31	717	0	1111	23	1613	2412	0	15208	0	54375	0	0	0	0	0
LFQ	6	0	0	0	0	0	0	0	0	22	0	162	53	0	0	0	29	30	186	74	59	0	12	8	105	0	347	381	53	403	219	978	183	1660	2242	0	13511	1714	54504	0	0	0	0	0
LFQ	7	0	0	0	0	0	0	1	0	22	0	184	47	0	0	0	24	35	221	76	41	0	11	15	123	0	290	362	69	417	212	979	158	1676	2088	0	13467	1728	54689	0	0	0	0	0
LFQ	8	0	0	0	0	0	0	0	0	34	0	193	55	0	0	0	22	35	199	89	79	0	20	8	131	0	373	465	110	403	223	1006	176	1732	2157	1	13596	1730	54098	0	0	0	0	0
LFQ	9	0	0	60	0	0	0	0	0	23	0	135	38	0	0	0	26	24	184	70	55	0	13	7	98	0	322	143	323	336	184	1011	119	1441	1329	1094	4338	0	8395	4565	52602	0	0	0
LFQ	10	0	0	28	0	0	1	1	0	22	0	160	48	0	0	0	24	38	220	70	50	1	10	13	131	0	366	165	435	213	245	954	120	1427	1389	979	4457	0	8606	4894	51868	0	0	0
LFQ	11	0	0	42	0	0	0	1	0	42	0	200	56	0	0	1	36	39	198	84	75	0	24	9	130	1	357	171	618	140	267	1140	137	1547	1497	996	4890	0	8797	5387	50053	0	0	0
LFQ	12	0	0	26	0	0	0	0	0	29	1	164	38	0	0	0	26	25	185	67	46	1	17	17	106	1	323	137	642	55	239	937	131	1346	1391	985	4473	0	8608	4906	52013	0	0	0
LFQ	13	0	0	7	0	0	0	0	0	34	2	158	50	1	0	0	26	31	196	86	59	1	19	11	124	5	305	162	663	45	244	1010	121	1450	1475	1012	4672	1	8756	5283	50926	0	0	0
LFQ	14	0	0	0	0	0	0	0	0	29	3	135	39	0	0	2	5	45	178	81	61	0	12	7	48	85	317	141	629	43	212	433	637	1055	1354	1047	765	2879	2462	7545	5481	14176	37029	0
LFQ	15	0	0	0	0	0	1	2	1	27	5	174	44	0	0	1	6	53	171	66	74	4	24	16	37	75	308	120	641	41	235	424	623	1057	1445	1088	883	2799	2396	7536	5479	14350	36729	0
LFQ	16	0	0	0	0	0	0	0	2	19	1	145	29	0	0	2	9	52	162	58	60	4	15	13	38	89	316	114	640	40	248	473	637	1008	1393	1084	861	2753	2467	7605	5485	14291	36822	0
LFQ	17	0	0	0	0	0	1	1	2	39	9	209	51	0	1	0	9	58	180	99	78	1	22	13	36	135	366	173	670	59	270	490	693	1031	1631	1079	971	2964	2449	7945	5367	14757	35076	0
LFQ	18	0	0	0	0	0	0	0	3	41	6	171	38	0	0	1	7	56	186	70	63	1	20	13	50	99	326	142	634	44	233	509	691	1152	1547	1155	934	2993	2616	7876	5864	15192	34202	0
LFQ	19	0	0	0	0	0	1	0	2	29	6	133	27	1	0	0	14	37	19	224	53	2	20	13	51	111	325	145	583	55	249	486	600	1040	897	1732	966	2512	2524	6357	6846	15527	35348	0
LFQ	20	0	0	0	0	0	1	2	2	40	14	158	40	2	1	0	17	55	19	225	60	4	23	12	61	154	338	144	656	53	255	538	652	936	943	1659	1054	2611	2587	6537	6703	15581	34798	0
LFQ	21	0	0	0	0	0	2	1	6	57	14	162	46	1	2	2	15	54	31	227	68	3	18	23	72	162	333	167	648	49	269	593	693	1073	943	1781	1045	2624	2517	6861	6733	15661	33979	0
LFQ	22	0	0	0	0	0	4	2	3	48	21	160	45	3	2	0	16	77	38	236	60	4	26	18	77	156	370	171	661	50	302	619	772	1091	1056	1838	1068	2702	2629	6907	6757	15498	33448	0
LFQ	23	0	0	0	0	0	0	5	0	42	18	110	25	1	0	1	18	64	47	179	60	2	22	11	89	147	293	143	593	41	236	609	602	1010	948	1755	1093	2412	2723	6356	7533	14420	35327	0
LFQ	24	0	0	0	0	0	4	4	1	71	31	165	38	3	4	4	34	67	55	219	73	6	35	22	96	226	326	178	633	44	295	719	722	960	1065	1791	1087	2593	2665	6739	6744	13208	36008	0
LFQ	25	0	0	0	0	0	2	4	8	80	38	191	31	2	3	3	36	104	63	230	85	4	35	30	104	245	321	185	680	66	284	811	804	1090	1090	1874	1253	2727	2707	7105	6782	13831	34027	0
LFQ	26	0	0	0	0	0	0	3	7	63	31	121	22	1	3	3	40	76	77	139	59	6	39	17	99	223	307	158	553	65	237	731	664	991	1053	1766	1229	2495	2689	6722	7352	13762	35132	0
LFQ	27	0	0	0	0	0	2	1	4	80	48	127	16	3	6	5	42	93	74	152	73	6	43	20	107	288	302	193	590	67	271	849	701	893	1049	1775	1331	2573	2628	7011	6973	14305	34234	0
LFQ	28	0	0	0	0	0	2	1	15	91	69	130	14	3	5	4	48	94	78	120	87	4	37	20	106	333	266	197	548	67	269	904	715	875	1138	1783	1363	2514	2716	6997	6848	14606	33868	0
LFQ	29	0	0	0	0	0	0	3	13	83	71	89	8	5	3	5	47	128	80	103	73	9	41	33	114	358	277	188	509	71	256	956	699	792	1091	1725	1553	2460	2832	7157	6754	14960	33389	0
LFQ	30	0	0	1	0	0	0	9	13	99	94	76	3	4	3	2	59	122	88	101	96	8	40	37	134	341	270	189	469	95	268	979	745	748	1112	1780	1547	2492	2621	7256	6602	15465	32967	0
LFQ	31	0	0	1	0	0	3	5	20	108	104	69	6	5	6	6	63	134	63	91	85	11	54	35	121	345	287	189	465	93	287	1059	739	734	1179	1713	1653	2468	2744	7529	6439	15420	32602	0
LFQ	32	0	0	1	0	0	2	10	19	104	110	50	1	7	11	14	76	136	40	96	64	12	62	34	123	355	293	208	395	116	241	1152	752	649	1209	1628	1834	2410	2758	7765	6182	15576	32439	0
LFQ	33	0	0	2	0	0	2	7	11	113	115	39	0	10	11	7	75	139	26	83	61	18	68	31	144	319	312	208	385	92	276	1166	710	576	1246	1670	1852	2355	2766	7938	6179	15531	32390	0
LFQ	34	0	0	2	0	0	1	11	17	93	119	20	2	7	13	14	85	159	36	90	67	16	62	40	134	359	345	211	384	123	284	1167	763	589	1304	1555	1970	2194	2782	7990	6051	15584	32286	0
LFQ	35	0	0	2	0	0	2	14	24	110	156	12	2	10	12	8	93	142	16	101	73	15	72	49	138	364	316	202	360	142	284	1254	834	532	1366	1563	2118	2283	2887	8205	5862	15643	31659	0
LFQ	36	0	0	2	0	0	3	13	21	104	149	11	4	11	14	12	106	141	14	119	86	19	78	54	137	402	305	217	377	149	315	1264	809	562	1472	1649	2270	2232	2912	8365	5775	15756	30993	0
LFQ	37	0	0	2	0	0	4	5	35	143	195	6	5	14	23	16	107	149	27	103	89	22	77	58	154	464	321	261	442	152	330	1254	857	578	1509	1681	2421	2218	3029	8368	5797	16112	29894	0
LFQ	38	0	0	2	0	0	2	10	28	118	188	1	4	7	18	21	129	133	14	94	94	20	87	55	168	394	360	283	398	188	296	1356	873	534	1626	1628	2538	2173	3086	8661	5944	15694	29696	0
LFQ	39	0	0	2	0	0	1	15	40	119	171	5	3	11	16	22	135	134	24	108	104	36	95	57	189	435	321	266	378	179	334	1302	899	585	1631	1631	2524	2098	3134	8389	6234	15873	29420	0
LFQ	40	0	0	2	0	0	2	32	58	159	235	3	12	20	30	30	163	113	31	132	134	28	96	86	216	497	371	307	456	212	408	1450	1009	645	1886	1740	2852	2294	3308	8476	6307	16150	26969	0
LFQ	41	0	0	2	0	0	1	20	52	114	162	3	8	20	26	25	158	90	23	110	81	40	99	87	245	453	336	314	397	248	347	1359	937	616	1858	1588	2936	2059	3399	8403	6740	16174	27389	0
LFQ	42	0	0	0	0	0	4	50	93	216	314	3	7	29	49	62	191	84	55	198	151	36	158	97	254	624	332	410	553	264	499	1384	1187	755	2083	1871	3054	2436	3464	8810	6116	16096	24927	0
LFQ	43	0	0	0	0	0	3	36	61	112	165	4	7	29	47	47	194	71	24	125	89	60	112	107	273	517	292	360	399	323	394	1348	960	687	2094	1591	3122	2208	3639	8619	6872	16211	25714	0
LFQ	44	0	0	1	0	0	5	27	74	101	169	3	3	19	39	36	168	48	24	107	97	51	113	110	263	476	233	357	422	338	421	1306	958	717	2121	1682	3052	2182	3527	8802	6748	16179	25935	0
LFQ	45	0	0	1	0	0	6	30	72	119	166	4	5	23	46	41	130	47	43	110	104	67	115	98	289	501	226	403	426	370	390	1175	1065	716	2045	1692	3201	2364	3485	8802	6363	16233	25940	0
LFQ	46	0	0	1	0	0	6	42	77	132	167	4	7	22	51	41	173	35	41	132	111	93	90	126	308	479	180	448	403	393	393	1195	1077	816	2169	1801	3267	2383	3667	8663	6443	16069	25408	0
LFQ	47	0	0	1	0	0	6	40	107	139	165	6	5	17	59	73	153	45	48	121	115	73	109	162	338	519	164	438	405	441	419	1171	1154	811	2175	1820	3321	2598	3813	8855	6442	16115	24470	0
LFQ	48	0	0	1	0	0	4	61	123	176	185	9	12	37	79	48	161	43	57	143	140	99	136	175	338	549	147	565	466	554	560	1189	1293	944	2432	1970	3409	2783	3797	8991	6381	15827	23027	0
LFQ	49	0	0	1	0	0	9	64	159	213	192	9	13	38	88	86	143	37	72	177	174	120	137	171	379	561	141	618	547	596	624	1208	1313	987	2421	2189	3391	2932	3976	8074	7419	15685	21944	0
LFQ	50	0	0	1	0	0	5	54	132	175	173	8	11	40	121	83	128	29	47	162	133	127	135	224	415	564	143	618	441	647	505	1246	1402	1009	2497	2178	3610	2999	4123	7960	7564	15329	21870	0
LFQ	51	0	0	1	0	0	11	59	136	188	125	14	42	102	267	150	344	27	52	163	95	363	197	522	886	1215	347	1149	549	2382	716	4195	2762	1643	7510	4135	5469	4109	12820	10136	9065	3723	1239	0
LFQ	52	0	0	1	0	0	13	52	152	212	136	9	30	70	188	105	153	21	57	174	114	217	170	308	633	677	161	944	509	1354	574	2017	2125	1593	4251	3728	4419	3609	9484	11734	18351	7709	852	0
LFQ	53	0	0	1	0	0	13	46	148	179	100	7	30	49	149	89	91	29	51	153	128	197	125	282	526	491	90	784	476	1049	617	1384	1716	1328	2986	3216	3958	3633	5496	9937	15010	17572	4770	0
LFQ	54	0	0	1	0	0	10	61	130	154	84	11	18	54	127	89	88	20	52	145	109	209	118	248	461	441	90	751	408	981	597	1118	1573	1256	2575	2982	4004	3611	4735	8564	10606	17099	13325	0
LFQ	55	0	0	1	0	0	13	47	106	158	73	10	29	42	125	69	71	21	73	150	120	198	107	246	368	286	241	727	416	918	652	1062	1594	1221	2373	3006	4264	3604	4493	7948	9031	15298	17743	0
LFQ	56	0	0	1	0	0	10	62	147	209	76	13	32	43	119	96	70	31	65	204	121	177	123	276	432	306	258	778	423	860	662	951	1633	1307	2319	3183	4497	3710	4591	7711	8443	14082	18883	0
LFQ	57	0	0	2	0	0	7	47	119	148	48	13	28	49	136	79	60	20	57	148	97	186	126	303	411	242	190	706	359	976	584	969	1612	1216	2191	2994	4916	3593	4898	6347	9193	13030	20804	0
LFQ	58	0	0	2	0	0	9	37	126	154	39	14	27	55	156	63	49	19	46	151	92	161	118	273	368	207	185	680	323	958	578	868	1540	1201	2102	3009	5395	3657	4814	6096	8765	12127	22436	0
LFQ	59	0	0	3	0	0	10	40	106	159	35	10	26	42	138	63	54	19	43	138	91	170	111	262	345	141	184	762	331	876	656	853	1454	1227	2050	3194	5853	3815	5049	5801	8390	11698	22701	0
LFQ	60	0	0	4	0	0	13	53	173	221	35	15	29	38	161	67	48	25	56	165	114	205	127	326	356	186	228	834	335	969	713	810	1650	1308	2066	3327	6264	4001	5082	5864	8379	11199	21453	0
LFQ	61	0	0	5	0	0	12	53	145	169	18	14	40	46	162	71	56	20	48	165	90	200	135	320	369	187	216	895	326	1001	704	852	1552	1334	2088	3526	6632	4223	5424	5565	8562	10634	21038	0
LFQ	62	0	0	15	0	0	8	44	154	181	23	13	48	39	198	62	50	22	54	219	77	221	146	393	377	180	221	911	373	1043	730	880	1646	1470	2189	3586	7218	4539	5547	5526	8722	10100	19670	0
LFQ	63	0	0	37	0	0	19	60	180	237	14	22	52	51	168	64	46	20	68	243	103	248	166	436	387	188	264	1043	390	1101	838	968	1823	1450	2184	3844	7848	4797	5621	5474	8607	9807	18024	0
LFQ	64	0	0	59	0	0	17	46	186	199	10	16	54	31	191	56	34	22	73	225	83	245	151	414	365	188	277	1046	366	1032	870	988	1821	1624	2172	4057	8323	4865	5936	5158	8983	9345	17364	0
LFQ	65	0	0	81	0	0	19	58	193	234	6	25	52	39	198	54	37	37	81	201	118	250	171	388	358	193	277	1069	303	1022	1038	1097	1951	1628	2313	4310	8994	5216	6117	4959	9060	8728	16016	0
LFQ	66	0	0	113	0	0	28	39	224	191	2	17	57	48	173	49	44	26	63	199	114	272	153	402	342	186	303	1042	338	1019	996	1124	1962	1625	2342	4467	9632	5437	6465	4670	9262	8159	15304	0
LFQ	67	0	0	148	0	0	21	47	191	151	3	20	68	46	176	39	51	36	61	204	124	282	163	387	351	179	304	1078	327	995	1058	1124	1919	1696	2386	4835	10436	5614	6614	4441	9351	7586	14376	0
LFQ	68	0	0	181	0	0	19	34	226	186	0	41	52	43	154	40	33	40	80	210	104	320	177	423	332	199	356	1119	321	1003	1137	1244	2049	1762	2438	5129	11016	5933	6770	4206	9433	7071	13006	0
LFQ	69	0	0	221	0	0	29	51	201	208	1	22	56	31	131	46	42	32	74	230	118	318	169	402	312	205	339	1138	346	890	1221	1275	2072	1879	2561	5193	11871	6135	7084	3882	9512	6578	12006	0
LFQ	70	0	0	273	0	0	19	52	216	174	1	25	54	41	162	35	47	39	82	254	110	332	151	338	276	305	371	1193	370	907	1236	1371	2084	1998	2646	5483	12645	6261	7351	3735	9333	6095	10812	0
LFQ	71	0	0	321	0	0	23	43	219	159	0	32	58	40	150	46	42	42	80	261	108	320	182	342	267	318	389	1218	339	864	1291	1375	2133	2092	2831	5892	13342	6552	7506	3465	9230	5552	9748	0
LFQ	72	0	0	369	0	0	31	45	257	193	1	40	65	40	137	30	57	27	84	295	114	379	179	343	308	343	480	1263	413	890	1423	1524	2193	2120	3003	6055	14038	6744	7600	3186	9066	4947	8586	0
LFQ	73	0	0	435	0	0	37	43	337	196	0	51	89	49	157	46	65	34	112	327	132	393	184	372	310	376	512	1424	424	830	1640	1568	2321	2255	3016	6587	14496	7011	7590	2851	8828	4425	7338	0
LFQ	74	0	0	497	0	0	49	48	301	168	1	57	75	44	140	32	60	34	107	323	105	408	213	389	314	382	458	1362	414	863	1584	1606	2234	2239	3176	6717	15660	7181	7784	2610	8915	3862	6446	0
LFQ	75	0	0	579	0	0	38	45	291	183	0	61	85	64	158	26	64	32	118	312	124	412	179	350	293	375	523	1254	628	749	1628	1671	2482	2325	3273	7057	16499	7370	7805	2462	8442	3269	5623	0
LFQ	76	0	0	634	0	0	39	49	346	170	1	58	66	70	137	22	79	30	113	305	118	465	181	334	313	446	549	1227	593	771	1650	1678	2418	2390	3507	7464	17243	7396	8035	2190	8136	2869	4744	0
LFQ	77	0	0	706	0	0	46	35	351	175	1	73	83	62	134	22	87	32	130	323	162	469	190	348	334	446	604	1293	651	677	1768	1719	2545	2489	3605	7754	18071	7488	8044	1947	7654	2405	3900	0
LFQ	78	0	0	784	0	0	41	31	304	128	0	75	75	52	120	24	82	36	103	324	135	463	152	272	364	448	577	1218	677	636	1750	1821	2524	2426	3705	8120	19181	7724	8041	1701	7496	1932	3262	0
LFQ	79	0	0	873	0	0	43	29	368	110	0	80	70	68	110	22	77	34	135	346	152	516	175	283	346	480	680	1260	732	608	1841	1832	2610	2569	3792	8389	19875	7767	7977	1459	6913	1637	2530	0
LFQ	80	0	0	968	0	0	38	28	335	108	0	64	75	50	100	23	81	41	140	337	158	519	163	218	350	466	680	1252	733	579	1848	1866	2636	2605	3929	8746	20903	7893	7953	1262	6390	1167	2067	0
LFQ	81	0	0	1084	0	0	51	30	384	114	0	51	80	65	70	23	84	39	145	324	176	493	168	228	336	487	729	1149	797	543	1942	1880	2690	2712	3952	9052	21898	7892	7895	1044	5698	964	1472	0
LFQ	82	0	0	1214	0	0	41	26	373	81	0	78	81	62	82	21	86	45	147	372	161	541	169	217	370	491	785	1151	810	460	2142	1871	2762	2728	4074	9667	22530	7856	7527	836	5077	641	1135	0
LFQ	83	0	0	1346	0	0	56	20	422	85	1	78	96	47	85	12	101	46	144	388	177	579	155	200	409	544	853	1126	825	455	2086	1885	2831	2839	4183	9777	23335	7927	7222	685	4399	462	802	0
LFQ	84	0	0	1497	0	0	48	22	398	78	0	103	88	67	59	25	83	47	158	393	201	578	137	159	405	552	926	1177	871	397	2300	1937	2879	2952	4279	10418	23856	7559	6798	585	3712	354	535	0
LFQ	85	0	0	1641	0	0	53	28	537	69	0	102	93	58	58	25	122	52	176	522	228	645	166	179	386	648	997	1200	985	379	2463	2047	3200	3077	4435	10720	23778	7287	6241	476	2920	239	343	0
LFQ	86	0	0	1791	0	0	62	25	469	66	0	119	101	71	52	17	96	52	184	441	203	676	150	113	470	632	1056	1189	1020	375	2527	2059	3034	3194	4396	11189	24589	7281	5732	354	2370	126	236	0
LFQ	87	0	0	1971	0	0	65	30	510	72	0	105	92	66	64	13	146	45	205	514	262	675	137	159	459	667	1098	1136	1107	356	2507	2061	3331	3336	4560	11705	24662	6959	5065	254	1834	84	134	0
LFQ	88	0	0	2142	0	0	58	24	496	64	1	140	92	69	41	16	151	78	175	441	252	671	142	112	511	711	1205	1073	1107	300	2578	2113	3295	3399	4587	11908	25413	6752	4566	174	1403	47	71	0
LFQ	89	0	0	2327	0	0	61	22	507	53	1	124	83	68	36	17	135	67	183	465	262	628	109	94	502	679	1103	990	1178	292	2476	2088	3322	3388	4792	12252	26202	6614	3998	153	964	26	34	0
LFQ	90	0	0	2556	0	0	68	22	437	45	1	95	82	71	26	9	140	58	180	447	253	577	88	83	500	664	1104	894	1181	262	2473	2086	3313	3303	4699	12286	27308	6477	3532	96	745	12	26	0
LFQ	91	0	0	2799	0	0	55	16	359	31	0	122	67	55	31	13	151	46	169	430	241	618	78	67	501	695	1192	830	1191	206	2547	2077	3258	3339	4632	12410	27815	6372	3087	60	499	5	19	0
LFQ	92	0	0	3067	0	0	57	19	408	29	0	119	61	65	18	14	136	50	167	367	275	576	73	66	516	707	1137	732	1219	200	2469	2012	3229	3328	4659	12358	28801	6158	2508	39	306	5	4	0
LFQ	93	0	0	3389	0	0	70	10	411	31	0	123	67	72	19	9	135	54	180	416	295	593	80	41	507	697	1256	720	1239	205	2565	2004	3299	3373	4621	12400	29065	5616	2020	16	215	1	2	0
LFQ	94	0	0	3770	0	0	84	18	530	22	0	124	76	85	14	7	134	74	202	527	295	603	69	53	549	736	1398	670	1298	217	2675	2163	3467	3408	4536	12660	28325	5223	1534	24	113	1	0	0
LFQ	95	0	0	4208	0	0	63	11	389	23	0	121	59	11	67	7	153	73	201	447	315	605	62	43	547	745	1348	620	1374	166	2710	2083	3390	3596	4603	12761	28578	4853	1240	7	56	0	0	0
LFQ	96	0	0	4731	0	0	63	4	334	9	0	92	44	11	45	3	138	49	207	411	292	560	42	49	515	743	1287	526	1368	162	2585	2138	3458	3526	4673	13018	28790	4534	916	8	30	0	0	0
LFQ	97	0	0	5408	0	0	49	3	289	19	0	98	34	9	47	6	138	62	171	447	312	480	44	41	523	753	1401	494	1318	129	2755	2066	3422	3642	4648	13030	28434	4188	684	1	18	0	0	0
LFQ	98	0	0	6225	0	0	28	2	174	14	0	76	24	4	17	2	120	45	161	447	347	500	20	38	551	746	1336	435	1384	128	2677	2103	3528	3657	4603	13198	28088	3755	521	1	13	0	0	0
LFQ	99	0	0	7102	0	0	5	1	39	3	0	7	2	2	10	1	92	38	152	347	247	405	16	37	489	635	1246	364	1326	89	2445	2119	3503	3634	4637	13234	28625	3519	382	0	8	0	0	0
LFQ	100	0	0	8410	0	0	0	0	0	0	0	0	0	0	0	0	100	57	115	384	287	411	15	43	456	605	1273	308	1293	88	2413	2198	3605	3805	4759	13585	27047	2993	281	2	3	0	0	0
LFQ	101	0	0	11173	0	0	0	0	0	0	0	0	0	0	0	0	372	300	495	2127	900	1263	74	182	1284	1775	4153	1001	3157	314	5923	3677	5969	5788	3764	12934	7089	507	51	1	1	0	0	0
# GC Content of first fragments. Use `grep ^GCF | cut -f 2-` to extract this part.
GCF	5.78	0
GCF	12.06	1
GCF	13.07	0
GCF	13.82	1
GCF	14.57	2
GCF	15.33	3
GCF	15.83	2
GCF	16.33	1
GCF	16.83	2
GCF	17.34	1
GCF	18.09	7
GCF	18.84	9
GCF	19.35	10
GCF	20.10	19
GCF	20.85	31
GCF	21.36	32
GCF	21.86	60
GCF	22.36	62
GCF	22.86	84
GCF	23.37	83
GCF	23.87	134
GCF	24.37	135
GCF	24.87	188
GCF	25.38	190
GCF	25.88	261
GCF	26.38	265
GCF	26.88	331
GCF	27.39	337
GCF	27.89	446
GCF	28.39	448
GCF	28.89	593
GCF	29.40	597
GCF	29.90	777
GCF	30.40	784
GCF	31.16	865
GCF	31.91	1026
GCF	32.41	1033
GCF	32.91	1231
GCF	33.42	1407
GCF	33.92	1405
GCF	34.42	1486
GCF	34.92	1492
GCF	35.43	1747
GCF	35.93	1754
GCF	36.43	1956
GCF	36.93	1957
GCF	37.44	2002
GCF	37.94	2006
GCF	38.44	2225
GCF	38.94	2241
GCF	39.45	2224
GCF	39.95	2227
GCF	40.45	2429
GCF	40.95	2422
GCF	41.46	2474
GCF	41.96	2482
GCF	42.46	2592
GCF	42.96	2576
GCF	43.47	2528
GCF	43.97	2519
GCF	44.47	2601
GCF	44.97	2616
GCF	45.48	2594
GCF	45.98	2589
GCF	46.48	2488
GCF	46.98	2476
GCF	47.49	2452
GCF	47.99	2449
GCF	48.49	2570
GCF	48.99	2576
GCF	49.50	2405
GCF	50.00	2397
GCF	50.50	2296
GCF	51.01	2298
GCF	51.51	2353
GCF	52.01	2343
GCF	52.51	2378
GCF	53.02	2376
GCF	53.77	2240
GCF	54.52	2236
GCF	55.03	2245
GCF	55.53	2352
GCF	56.03	2335
GCF	56.78	2169
GCF	57.54	2038
GCF	58.04	2050
GCF	58.54	2067
GCF	59.05	2063
GCF	59.55	1951
GCF	60.05	1949
GCF	60.55	1795
GCF	61.06	1790
GCF	61.56	1724
GCF	62.06	1727
GCF	62.56	1594
GCF	63.07	1586
GCF	63.57	1311
GCF	64.07	1306
GCF	64.57	1100
GCF	65.08	1103
GCF	65.58	970
GCF	66.08	963
GCF	66.58	787
GCF	67.09	597
GCF	67.59	596
GCF	68.09	400
GCF	68.59	399
GCF	69.10	269
GCF	69.60	267
GCF	70.10	191
GCF	70.60	189
GCF	71.11	87
GCF	71.61	88
GCF	72.11	43
GCF	72.61	39
GCF	73.12	22
GCF	73.62	19
GCF	74.12	11
GCF	74.62	10
GCF	75.38	6
GCF	76.38	2
GCF	77.39	1
GCF	78.89	0
GCF	80.40	1
GCF	81.91	0
GCF	83.42	1
# GC Content of last fragments. Use `grep ^GCL | cut -f 2-` to extract this part.
GCL	6.78	0
GCL	14.07	1
GCL	15.08	0
GCL	15.83	2
GCL	16.33	3
GCL	17.09	5
GCL	18.09	3
GCL	18.84	23
GCL	19.35	24
GCL	20.10	19
GCL	20.85	46
GCL	21.36	48
GCL	22.11	63
GCL	23.12	74
GCL	23.87	138
GCL	24.37	139
GCL	24.87	194
GCL	25.38	196
GCL	25.88	269
GCL	26.38	274
GCL	26.88	359
GCL	27.39	364
GCL	28.14	473
GCL	28.89	628
GCL	29.40	634
GCL	29.90	774
GCL	30.40	780
GCL	30.90	878
GCL	31.41	879
GCL	31.91	1081
GCL	32.41	1085
GCL	32.91	1241
GCL	33.42	1342
GCL	33.92	1346
GCL	34.42	1593
GCL	34.92	1595
GCL	35.43	1760
GCL	35.93	1768
GCL	36.43	1900
GCL	36.93	1903
GCL	37.44	2053
GCL	37.94	2058
GCL	38.44	2280
GCL	38.94	2298
GCL	39.45	2341
GCL	39.95	2336
GCL	40.45	2381
GCL	40.95	2378
GCL	41.46	2498
GCL	41.96	2506
GCL	42.46	2517
GCL	42.96	2504
GCL	43.47	2545
GCL	43.97	2530
GCL	44.47	2433
GCL	44.97	2447
GCL	45.48	2531
GCL	45.98	2532
GCL	46.48	2552
GCL	46.98	2537
GCL	47.49	2400
GCL	47.99	2397
GCL	48.49	2534
GCL	48.99	2536
GCL	49.50	2458
GCL	50.00	2454
GCL	50.50	2499
GCL	51.01	2509
GCL	51.51	2370
GCL	52.01	2352
GCL	52.51	2405
GCL	53.02	2410
GCL	53.52	2289
GCL	54.02	2282
GCL	54.52	2277
GCL	55.03	2287
GCL	55.53	2271
GCL	56.03	2256
GCL	56.53	2187
GCL	57.04	2183
GCL	57.54	2091
GCL	58.04	2106
GCL	58.54	1939
GCL	59.05	1926
GCL	59.55	1925
GCL	60.05	1933
GCL	60.55	1840
GCL	61.06	1833
GCL	61.56	1649
GCL	62.06	1652
GCL	62.56	1476
GCL	63.07	1469
GCL	63.57	1293
GCL	64.07	1287
GCL	64.82	1115
GCL	65.58	950
GCL	66.08	944
GCL	66.58	711
GCL	67.09	528
GCL	67.59	532
GCL	68.09	447
GCL	68.59	442
GCL	69.10	252
GCL	69.60	248
GCL	70.10	155
GCL	70.60	152
GCL	71.11	86
GCL	71.61	88
GCL	72.11	57
GCL	72.61	53
GCL	73.12	22
GCL	73.62	21
GCL	74.12	10
GCL	74.62	8
GCL	75.38	1
GCL	76.38	0
GCL	78.39	1
# ACGT content per cycle. Use `grep ^GCC | cut -f 2-` to extract this part. The columns are: cycle; A,C,G,T base counts as a percentage of all A/C/G/T bases [%]; and N and O counts as a percentage of all A/C/G/T bases [%]
GCC	1	26.98	23.16	22.36	27.50	0.24	0.00
GCC	2	26.48	23.20	23.16	27.16	0.00	0.00
GCC	3	25.39	24.15	24.16	26.31	0.01	0.00
GCC	4	25.78	23.93	23.78	26.51	0.00	0.00
GCC	5	26.71	23.09	22.85	27.35	0.00	0.00
GCC	6	25.28	24.35	24.21	26.16	0.00	0.00
GCC	7	25.92	23.75	23.79	26.54	0.00	0.00
GCC	8	25.90	23.63	23.69	26.78	0.00	0.00
GCC	9	25.74	23.81	23.90	26.55	0.04	0.00
GCC	10	25.70	23.92	23.89	26.48	0.02	0.00
GCC	11	25.80	23.73	23.92	26.55	0.03	0.00
GCC	12	25.95	23.85	23.71	26.49	0.02	0.00
GCC	13	25.84	23.61	23.76	26.79	0.00	0.00
GCC	14	25.62	23.58	23.75	27.06	0.00	0.00
GCC	15	25.81	23.71	23.80	26.67	0.00	0.00
GCC	16	25.77	23.90	23.75	26.58	0.00	0.00
GCC	17	25.65	23.85	23.67	26.83	0.04	0.00
GCC	18	25.58	23.86	23.93	26.64	0.00	0.00
GCC	19	25.61	23.93	23.84	26.62	0.00	0.00
GCC	20	25.90	23.81	23.65	26.64	0.00	0.00
GCC	21	25.35	24.08	23.81	26.76	0.00	0.00
GCC	22	25.63	24.11	23.77	26.49	0.00	0.00
GCC	23	25.65	23.82	23.81	26.72	0.00	0.00
GCC	24	25.47	23.89	23.89	26.75	0.00	0.00
GCC	25	25.48	23.90	23.96	26.66	0.00	0.00
GCC	26	25.73	23.66	23.83	26.78	0.00	0.00
GCC	27	25.46	24.08	23.83	26.63	0.00	0.00
GCC	28	25.39	24.02	23.94	26.65	0.00	0.00
GCC	29	25.61	23.77	23.99	26.63	0.00	0.00
GCC	30	25.50	23.68	24.02	26.80	0.00	0.00
GCC	31	25.41	23.97	23.86	26.76	0.00	0.00
GCC	32	25.79	23.62	23.82	26.78	0.00	0.00
GCC	33	25.46	23.81	24.03	26.70	0.00	0.00
GCC	34	25.55	23.90	23.85	26.70	0.00	0.00
GCC	35	25.62	23.86	23.78	26.74	0.00	0.00
GCC	36	25.43	23.76	23.95	26.86	0.00	0.00
GCC	37	25.26	23.88	24.06	26.80	0.00	0.00
GCC	38	25.44	23.82	23.84	26.90	0.00	0.00
GCC	39	25.46	23.84	23.97	26.73	0.00	0.00
GCC	40	25.24	23.91	23.91	26.94	0.00	0.00
GCC	41	25.37	23.74	24.09	26.80	0.00	0.00
GCC	42	25.28	23.94	23.96	26.81	0.00	0.00
GCC	43	25.38	23.96	23.96	26.69	0.00	0.00
GCC	44	25.32	23.77	24.03	26.88	0.00	0.00
GCC	45	25.22	23.85	24.10	26.83	0.00	0.00
GCC	46	25.18	23.85	24.01	26.96	0.00	0.00
GCC	47	25.11	23.98	24.16	26.75	0.00	0.00
GCC	48	25.25	23.91	24.09	26.75	0.00	0.00
GCC	49	25.36	23.92	24.00	26.72	0.00	0.00
GCC	50	25.40	23.91	23.92	26.77	0.00	0.00
GCC	51	25.26	23.95	23.91	26.88	0.00	0.00
GCC	52	25.26	24.04	23.86	26.83	0.00	0.00
GCC	53	25.32	23.91	23.79	26.97	0.00	0.00
GCC	54	25.38	23.84	23.91	26.87	0.00	0.00
GCC	55	25.27	23.95	24.13	26.65	0.00	0.00
GCC	56	25.46	23.93	23.76	26.85	0.00	0.00
GCC	57	25.16	23.83	24.02	26.99	0.00	0.00
GCC	58	25.42	23.88	24.06	26.65	0.00	0.00
GCC	59	25.13	23.91	24.14	26.83	0.00	0.00
GCC	60	25.25	23.89	24.07	26.79	0.00	0.00
GCC	61	25.26	23.83	24.11	26.80	0.00	0.00
GCC	62	25.32	23.84	24.08	26.76	0.00	0.00
GCC	63	25.03	24.18	24.04	26.74	0.00	0.00
GCC	64	25.23	24.09	24.00	26.68	0.00	0.00
GCC	65	25.22	23.87	24.06	26.85	0.00	0.00
GCC	66	25.22	23.97	24.03	26.78	0.00	0.00
GCC	67	25.52	24.00	23.80	26.68	0.00	0.00
GCC	68	25.37	23.81	23.97	26.84	0.00	0.00
GCC	69	25.26	23.84	24.14	26.76	0.00	0.00
GCC	70	25.23	23.90	24.03	26.85	0.00	0.00
GCC	71	25.52	23.79	23.89	26.80	0.00	0.00
GCC	72	25.01	24.12	24.04	26.83	0.00	0.00
GCC	73	25.36	24.04	24.03	26.57	0.00	0.00
GCC	74	25.15	23.78	24.13	26.95	0.00	0.00
GCC	75	25.17	24.02	24.03	26.79	0.00	0.00
GCC	76	25.32	23.95	23.77	26.95	0.00	0.00
GCC	77	25.29	24.06	23.91	26.74	0.00	0.00
GCC	78	25.15	23.90	24.15	26.81	0.00	0.00
GCC	79	25.40	23.73	23.96	26.92	0.00	0.00
GCC	80	25.29	23.91	23.99	26.81	0.00	0.00
GCC	81	25.18	24.04	24.10	26.68	0.00	0.00
GCC	82	25.11	23.76	24.21	26.92	0.00	0.00
GCC	83	25.18	23.80	24.15	26.87	0.00	0.00
GCC	84	25.33	24.15	23.90	26.62	0.00	0.00
GCC	85	25.27	23.89	24.07	26.78	0.00	0.00
GCC	86	25.01	24.03	24.13	26.84	0.00	0.00
GCC	87	25.38	23.99	23.98	26.65	0.00	0.00
GCC	88	25.18	24.17	23.96	26.68	0.00	0.00
GCC	89	25.40	23.86	23.94	26.79	0.00	0.00
GCC	90	25.14	24.07	24.10	26.69	0.00	0.00
GCC	91	25.03	24.30	23.92	26.75	0.00	0.00
GCC	92	25.13	24.06	24.03	26.77	0.00	0.00
GCC	93	25.15	24.10	23.92	26.83	0.00	0.00
GCC	94	25.24	23.91	24.07	26.77	0.00	0.00
GCC	95	25.17	24.11	24.20	26.52	0.00	0.00
GCC	96	25.20	24.10	24.11	26.59	0.00	0.00
GCC	97	25.22	23.93	23.92	26.92	0.00	0.00
GCC	98	25.41	24.05	24.01	26.53	0.00	0.00
GCC	99	25.14	23.94	24.17	26.75	0.00	0.00
GCC	100	25.16	24.16	24.00	26.69	0.00	0.00
GCC	101	24.94	24.51	24.35	26.19	0.00	0.00
# ACGT content per cycle, read oriented. Use `grep ^GCT | cut -f 2-` to extract this part. The columns are: cycle; A,C,G,T base counts as a percentage of all A/C/G/T bases [%]
GCT	1	30.72	25.47	20.05	23.76
GCT	2	30.42	18.30	28.06	23.22
GCT	3	26.25	24.03	24.27	25.45
GCT	4	26.66	24.45	23.26	25.63
GCT	5	27.55	23.12	22.82	26.51
GCT	6	26.11	25.15	23.41	25.33
GCT	7	25.42	24.29	23.25	27.04
GCT	8	25.70	24.75	22.58	26.98
GCT	9	25.15	24.74	22.97	27.14
GCT	10	26.18	24.28	23.54	26.01
GCT	11	25.93	24.46	23.19	26.42
GCT	12	25.75	24.14	23.42	26.69
GCT	13	25.95	24.06	23.31	26.68
GCT	14	25.93	23.98	23.35	26.74
GCT	15	25.94	24.32	23.20	26.55
GCT	16	25.86	24.37	23.28	26.49
GCT	17	25.83	24.02	23.50	26.65
GCT	18	25.51	24.41	23.37	26.70
GCT	19	25.74	24.42	23.34	26.49
GCT	20	25.88	23.80	23.67	26.65
GCT	21	25.64	24.17	23.72	26.46
GCT	22	25.60	24.55	23.34	26.52
GCT	23	25.78	24.29	23.34	26.59
GCT	24	25.71	24.33	23.45	26.51
GCT	25	25.74	24.49	23.37	26.40
GCT	26	25.92	23.89	23.59	26.60
GCT	27	25.62	24.26	23.65	26.47
GCT	28	25.84	24.39	23.57	26.20
GCT	29	25.74	23.90	23.86	26.50
GCT	30	25.91	24.15	23.56	26.39
GCT	31	26.02	24.37	23.46	26.16
GCT	32	26.18	24.02	23.42	26.39
GCT	33	25.93	24.25	23.59	26.23
GCT	34	25.93	24.13	23.63	26.31
GCT	35	26.01	23.86	23.78	26.35
GCT	36	26.02	24.16	23.55	26.27
GCT	37	25.91	24.14	23.80	26.15
GCT	38	26.06	24.11	23.56	26.28
GCT	39	25.83	24.15	23.65	26.37
GCT	40	25.94	23.93	23.89	26.24
GCT	41	26.04	23.96	23.87	26.13
GCT	42	25.87	24.09	23.81	26.23
GCT	43	25.89	24.17	23.76	26.19
GCT	44	25.96	24.09	23.72	26.24
GCT	45	25.90	24.33	23.62	26.15
GCT	46	25.95	24.23	23.63	26.19
GCT	47	25.87	24.14	23.99	25.99
GCT	48	26.00	24.11	23.90	26.00
GCT	49	26.05	23.94	23.98	26.03
GCT	50	25.99	23.94	23.89	26.18
GCT	51	26.00	24.13	23.73	26.14
GCT	52	25.99	24.14	23.77	26.11
GCT	53	25.94	23.90	23.80	26.36
GCT	54	26.00	24.16	23.59	26.25
GCT	55	25.93	24.28	23.80	25.99
GCT	56	25.96	23.97	23.72	26.35
GCT	57	25.97	23.98	23.86	26.18
GCT	58	26.04	24.02	23.91	26.02
GCT	59	25.93	23.94	24.10	26.03
GCT	60	25.99	24.28	23.68	26.05
GCT	61	25.99	24.08	23.86	26.07
GCT	62	26.01	23.94	23.98	26.07
GCT	63	25.68	24.40	23.83	26.10
GCT	64	25.91	24.16	23.93	26.00
GCT	65	26.00	24.10	23.83	26.06
GCT	66	25.88	24.19	23.81	26.12
GCT	67	26.02	24.21	23.59	26.18
GCT	68	25.89	23.83	23.96	26.32
GCT	69	25.83	23.91	24.07	26.19
GCT	70	26.09	24.14	23.79	25.99
GCT	71	26.14	23.75	23.93	26.18
GCT	72	25.94	24.13	24.03	25.91
GCT	73	25.82	24.16	23.91	26.11
GCT	74	26.08	23.90	24.00	26.01
GCT	75	25.89	24.14	23.90	26.07
GCT	76	26.24	23.80	23.93	26.03
GCT	77	25.97	23.96	24.01	26.06
GCT	78	25.92	24.04	24.01	26.04
GCT	79	26.20	23.81	23.88	26.12
GCT	80	25.98	23.75	24.15	26.12
GCT	81	25.80	24.27	23.87	26.06
GCT	82	26.10	23.85	24.12	25.93
GCT	83	25.88	23.95	24.00	26.17
GCT	84	25.99	23.86	24.19	25.96
GCT	85	26.06	23.81	24.14	25.99
GCT	86	26.22	23.81	24.34	25.63
GCT	87	25.99	24.03	23.94	26.04
GCT	88	26.02	24.01	24.13	25.84
GCT	89	26.16	23.70	24.11	26.04
GCT	90	25.96	24.00	24.16	25.87
GCT	91	25.97	24.02	24.21	25.80
GCT	92	25.91	24.00	24.09	26.00
GCT	93	25.95	24.08	23.95	26.03
GCT	94	26.20	23.88	24.11	25.82
GCT	95	25.96	23.89	24.42	25.73
GCT	96	26.07	23.98	24.23	25.72
GCT	97	26.09	23.81	24.04	26.06
GCT	98	26.13	23.90	24.16	25.81
GCT	99	25.92	24.04	24.08	25.97
GCT	100	25.99	23.90	24.25	25.85
GCT	101	25.78	23.92	24.95	25.36
# ACGT content per cycle for first fragments. Use `grep ^FBC | cut -f 2-` to extract this part. The columns are: cycle; A,C,G,T base counts as a percentage of all A/C/G/T bases [%]; and N and O counts as a percentage of all A/C/G/T bases [%]
FBC	1	27.22	23.33	22.24	27.20	0.48	0.00
FBC	2	26.41	23.17	23.60	26.82	0.00	0.00
FBC	3	25.16	24.34	24.28	26.21	0.00	0.00
FBC	4	25.79	23.88	23.74	26.59	0.00	0.00
FBC	5	26.65	23.15	22.93	27.26	0.00	0.00
FBC	6	24.99	24.66	24.08	26.27	0.00	0.00
FBC	7	25.67	23.97	23.96	26.40	0.00	0.00
FBC	8	25.65	23.93	23.77	26.65	0.00	0.00
FBC	9	25.50	24.21	23.75	26.54	0.00	0.00
FBC	10	25.56	24.09	24.00	26.34	0.00	0.00
FBC	11	25.80	23.72	23.93	26.55	0.00	0.00
FBC	12	25.65	23.96	23.76	26.63	0.00	0.00
FBC	13	25.60	23.76	23.73	26.91	0.00	0.00
FBC	14	25.81	23.88	23.63	26.68	0.00	0.00
FBC	15	25.68	23.86	23.89	26.58	0.00	0.00
FBC	16	25.67	24.10	23.73	26.49	0.00	0.00
FBC	17	25.39	23.96	23.73	26.91	0.08	0.00
FBC	18	25.53	23.86	24.13	26.48	0.00	0.00
FBC	19	25.46	24.12	23.87	26.56	0.00	0.00
FBC	20	25.83	23.58	23.86	26.73	0.00	0.00
FBC	21	25.30	24.23	23.80	26.66	0.00	0.00
FBC	22	25.57	24.10	23.85	26.48	0.00	0.00
FBC	23	25.49	23.84	23.94	26.73	0.00	0.00
FBC	24	25.35	24.09	23.99	26.58	0.00	0.00
FBC	25	25.31	24.04	23.96	26.69	0.00	0.00
FBC	26	25.56	23.80	23.93	26.70	0.00	0.00
FBC	27	25.47	24.13	23.83	26.57	0.00	0.00
FBC	28	25.12	24.21	23.99	26.68	0.00	0.00
FBC	29	25.63	23.74	24.08	26.55	0.00	0.00
FBC	30	25.42	23.97	24.01	26.60	0.00	0.00
FBC	31	25.30	24.23	23.91	26.57	0.00	0.00
FBC	32	25.88	23.53	23.82	26.77	0.00	0.00
FBC	33	25.41	23.96	23.97	26.66	0.00	0.00
FBC	34	25.40	24.20	23.92	26.48	0.00	0.00
FBC	35	25.40	23.93	23.87	26.81	0.00	0.00
FBC	36	25.37	23.79	23.87	26.97	0.00	0.00
FBC	37	25.09	23.88	24.21	26.82	0.00	0.00
FBC	38	25.37	23.79	23.74	27.10	0.00	0.00
FBC	39	25.48	23.79	24.11	26.62	0.00	0.00
FBC	40	25.27	23.98	24.07	26.68	0.00	0.00
FBC	41	25.39	23.66	24.11	26.84	0.00	0.00
FBC	42	25.28	23.93	24.02	26.77	0.00	0.00
FBC	43	25.19	24.04	24.02	26.75	0.00	0.00
FBC	44	25.35	23.72	23.91	27.02	0.00	0.00
FBC	45	25.10	23.95	24.18	26.77	0.00	0.00
FBC	46	25.16	23.91	24.07	26.86	0.00	0.00
FBC	47	25.09	24.11	24.01	26.79	0.00	0.00
FBC	48	25.19	23.80	24.24	26.77	0.00	0.00
FBC	49	25.37	23.91	24.04	26.68	0.00	0.00
FBC	50	25.26	24.07	23.98	26.69	0.00	0.00
FBC	51	25.28	24.06	23.90	26.76	0.00	0.00
FBC	52	25.29	23.96	23.88	26.86	0.00	0.00
FBC	53	25.27	23.92	23.78	27.04	0.00	0.00
FBC	54	25.47	23.85	23.92	26.77	0.00	0.00
FBC	55	25.23	23.92	24.27	26.58	0.00	0.00
FBC	56	25.45	24.05	23.86	26.64	0.00	0.00
FBC	57	25.14	23.79	24.05	27.01	0.00	0.00
FBC	58	25.37	23.87	23.90	26.86	0.00	0.00
FBC	59	25.19	23.84	24.34	26.63	0.00	0.00
FBC	60	25.30	23.81	24.14	26.75	0.00	0.00
FBC	61	25.36	23.68	24.23	26.72	0.00	0.00
FBC	62	25.27	23.76	24.05	26.92	0.00	0.00
FBC	63	24.91	24.18	24.18	26.73	0.00	0.00
FBC	64	25.28	24.17	23.99	26.55	0.00	0.00
FBC	65	25.10	24.00	24.14	26.76	0.00	0.00
FBC	66	25.13	23.79	24.20	26.88	0.00	0.00
FBC	67	25.40	24.03	23.91	26.67	0.00	0.00
FBC	68	25.35	23.87	24.02	26.75	0.00	0.00
FBC	69	25.16	23.97	24.15	26.72	0.00	0.00
FBC	70	25.04	23.88	24.03	27.05	0.00	0.00
FBC	71	25.49	23.93	23.93	26.65	0.00	0.00
FBC	72	25.10	24.04	24.08	26.78	0.00	0.00
FBC	73	25.26	24.16	23.91	26.67	0.00	0.00
FBC	74	25.20	23.85	24.02	26.93	0.00	0.00
FBC	75	25.20	23.94	24.03	26.83	0.00	0.00
FBC	76	25.43	24.01	23.64	26.92	0.00	0.00
FBC	77	25.34	23.97	23.88	26.81	0.00	0.00
FBC	78	25.15	23.88	24.03	26.94	0.00	0.00
FBC	79	25.41	23.74	23.93	26.92	0.00	0.00
FBC	80	25.53	23.89	23.72	26.86	0.00	0.00
FBC	81	25.07	24.15	24.13	26.65	0.00	0.00
FBC	82	25.32	23.72	24.12	26.83	0.00	0.00
FBC	83	25.10	23.95	24.09	26.85	0.00	0.00
FBC	84	25.37	24.10	23.98	26.55	0.00	0.00
FBC	85	25.37	23.97	23.98	26.68	0.00	0.00
FBC	86	25.01	24.24	24.09	26.66	0.00	0.00
FBC	87	25.57	23.82	23.96	26.65	0.00	0.00
FBC	88	25.24	24.05	24.06	26.65	0.00	0.00
FBC	89	25.41	23.59	24.12	26.89	0.00	0.00
FBC	90	25.14	24.14	24.04	26.68	0.00	0.00
FBC	91	25.12	24.19	23.89	26.79	0.00	0.00
FBC	92	25.23	24.11	24.00	26.66	0.00	0.00
FBC	93	25.14	24.08	23.86	26.92	0.00	0.00
FBC	94	25.28	23.89	24.10	26.74	0.00	0.00
FBC	95	25.16	24.12	24.19	26.53	0.00	0.00
FBC	96	25.19	23.99	24.15	26.66	0.00	0.00
FBC	97	25.29	23.90	23.92	26.88	0.00	0.00
FBC	98	25.63	24.03	24.09	26.25	0.00	0.00
FBC	99	25.07	23.92	24.27	26.75	0.00	0.00
FBC	100	25.17	23.90	24.24	26.69	0.00	0.00
FBC	101	25.20	24.21	24.27	26.32	0.00	0.00
# ACGT raw counters for first fragments. Use `grep ^FTC | cut -f 2-` to extract this part. The columns are: A,C,G,T,N base counters
FTC	1966153	1854122	1855661	2069639	433
# ACGT content per cycle for last fragments. Use `grep ^LBC | cut -f 2-` to extract this part. The columns are: cycle; A,C,G,T base counts as a percentage of all A/C/G/T bases [%]; and N and O counts as a percentage of all A/C/G/T bases [%]
LBC	1	26.74	22.99	22.48	27.79	0.00	0.00
LBC	2	26.54	23.23	22.73	27.50	0.00	0.00
LBC	3	25.61	23.95	24.03	26.41	0.02	0.00
LBC	4	25.78	23.98	23.82	26.42	0.01	0.00
LBC	5	26.77	23.02	22.77	27.43	0.00	0.00
LBC	6	25.58	24.04	24.34	26.04	0.00	0.00
LBC	7	26.18	23.54	23.62	26.67	0.00	0.00
LBC	8	26.15	23.33	23.62	26.90	0.00	0.00
LBC	9	25.98	23.42	24.05	26.55	0.08	0.00
LBC	10	25.84	23.76	23.78	26.62	0.04	0.00
LBC	11	25.79	23.75	23.90	26.56	0.05	0.00
LBC	12	26.24	23.74	23.65	26.36	0.03	0.00
LBC	13	26.09	23.46	23.79	26.67	0.01	0.00
LBC	14	25.43	23.28	23.86	27.43	0.00	0.00
LBC	15	25.95	23.57	23.71	26.77	0.00	0.00
LBC	16	25.87	23.71	23.76	26.66	0.00	0.00
LBC	17	25.92	23.73	23.61	26.74	0.00	0.00
LBC	18	25.62	23.86	23.72	26.80	0.00	0.00
LBC	19	25.77	23.74	23.81	26.68	0.00	0.00
LBC	20	25.97	24.04	23.44	26.54	0.00	0.00
LBC	21	25.39	23.93	23.82	26.85	0.00	0.00
LBC	22	25.68	24.12	23.70	26.50	0.00	0.00
LBC	23	25.81	23.81	23.68	26.70	0.00	0.00
LBC	24	25.60	23.69	23.79	26.92	0.00	0.00
LBC	25	25.65	23.77	23.95	26.63	0.00	0.00
LBC	26	25.91	23.51	23.72	26.86	0.00	0.00
LBC	27	25.45	24.03	23.84	26.68	0.00	0.00
LBC	28	25.66	23.83	23.89	26.63	0.00	0.00
LBC	29	25.59	23.80	23.89	26.71	0.00	0.00
LBC	30	25.58	23.39	24.03	27.00	0.00	0.00
LBC	31	25.52	23.71	23.80	26.96	0.00	0.00
LBC	32	25.69	23.70	23.82	26.79	0.00	0.00
LBC	33	25.50	23.67	24.08	26.75	0.00	0.00
LBC	34	25.69	23.61	23.78	26.92	0.00	0.00
LBC	35	25.84	23.80	23.69	26.67	0.00	0.00
LBC	36	25.50	23.73	24.03	26.74	0.00	0.00
LBC	37	25.44	23.87	23.92	26.78	0.00	0.00
LBC	38	25.50	23.86	23.94	26.70	0.00	0.00
LBC	39	25.44	23.89	23.82	26.85	0.00	0.00
LBC	40	25.21	23.83	23.76	27.20	0.00	0.00
LBC	41	25.35	23.82	24.07	26.76	0.00	0.00
LBC	42	25.29	23.95	23.90	26.86	0.00	0.00
LBC	43	25.58	23.88	23.91	26.63	0.00	0.00
LBC	44	25.28	23.82	24.16	26.74	0.00	0.00
LBC	45	25.35	23.75	24.02	26.89	0.00	0.00
LBC	46	25.20	23.79	23.94	27.06	0.00	0.00
LBC	47	25.14	23.84	24.31	26.71	0.00	0.00
LBC	48	25.31	24.03	23.93	26.72	0.00	0.00
LBC	49	25.35	23.93	23.96	26.76	0.00	0.00
LBC	50	25.54	23.75	23.85	26.85	0.00	0.00
LBC	51	25.23	23.84	23.92	27.01	0.00	0.00
LBC	52	25.23	24.13	23.83	26.81	0.00	0.00
LBC	53	25.38	23.90	23.81	26.91	0.00	0.00
LBC	54	25.30	23.83	23.90	26.97	0.00	0.00
LBC	55	25.30	23.97	24.00	26.73	0.00	0.00
LBC	56	25.48	23.81	23.66	27.05	0.00	0.00
LBC	57	25.18	23.87	23.98	26.97	0.00	0.00
LBC	58	25.46	23.89	24.22	26.43	0.00	0.00
LBC	59	25.07	23.98	23.93	27.02	0.00	0.00
LBC	60	25.20	23.97	24.00	26.84	0.00	0.00
LBC	61	25.15	23.98	24.00	26.87	0.00	0.00
LBC	62	25.37	23.92	24.12	26.60	0.00	0.00
LBC	63	25.16	24.19	23.90	26.76	0.00	0.00
LBC	64	25.18	24.01	24.00	26.82	0.00	0.00
LBC	65	25.33	23.75	23.98	26.94	0.00	0.00
LBC	66	25.31	24.15	23.86	26.67	0.00	0.00
LBC	67	25.64	23.97	23.70	26.69	0.00	0.00
LBC	68	25.39	23.75	23.93	26.92	0.00	0.00
LBC	69	25.37	23.70	24.14	26.79	0.00	0.00
LBC	70	25.42	23.92	24.02	26.64	0.00	0.00
LBC	71	25.56	23.65	23.84	26.94	0.00	0.00
LBC	72	24.93	24.19	23.99	26.89	0.00	0.00
LBC	73	25.46	23.93	24.14	26.48	0.00	0.00
LBC	74	25.09	23.71	24.23	26.97	0.00	0.00
LBC	75	25.14	24.10	24.02	26.74	0.00	0.00
LBC	76	25.22	23.90	23.90	26.98	0.00	0.00
LBC	77	25.24	24.15	23.94	26.68	0.00	0.00
LBC	78	25.14	23.92	24.26	26.68	0.00	0.00
LBC	79	25.38	23.72	23.99	26.91	0.00	0.00
LBC	80	25.05	23.94	24.26	26.75	0.00	0.00
LBC	81	25.29	23.93	24.07	26.71	0.00	0.00
LBC	82	24.90	23.79	24.31	27.00	0.00	0.00
LBC	83	25.25	23.65	24.21	26.89	0.00	0.00
LBC	84	25.28	24.20	23.82	26.70	0.00	0.00
LBC	85	25.17	23.80	24.16	26.87	0.00	0.00
LBC	86	25.01	23.81	24.17	27.02	0.00	0.00
LBC	87	25.19	24.16	24.01	26.64	0.00	0.00
LBC	88	25.12	24.30	23.87	26.71	0.00	0.00
LBC	89	25.39	24.14	23.76	26.70	0.00	0.00
LBC	90	25.14	23.99	24.16	26.71	0.00	0.00
LBC	91	24.93	24.41	23.95	26.71	0.00	0.00
LBC	92	25.04	24.01	24.06	26.89	0.00	0.00
LBC	93	25.16	24.12	23.99	26.73	0.00	0.00
LBC	94	25.21	23.94	24.04	26.81	0.00	0.00
LBC	95	25.18	24.09	24.22	26.51	0.00	0.00
LBC	96	25.21	24.21	24.07	26.51	0.00	0.00
LBC	97	25.16	23.96	23.92	26.96	0.00	0.00
LBC	98	25.20	24.07	23.93	26.80	0.00	0.00
LBC	99	25.21	23.96	24.08	26.75	0.00	0.00
LBC	100	25.16	24.42	23.75	26.68	0.00	0.00
LBC	101	24.69	24.81	24.43	26.07	0.00	0.00
# ACGT raw counters for last fragments. Use `grep ^LTC | cut -f 2-` to extract this part. The columns are: A,C,G,T,N base counters
LTC	1971904	1847964	1851276	2074677	187
# Insert sizes. Use `grep ^IS | cut -f 2-` to extract this part. The columns are: insert size, pairs total, inward oriented pairs, outward oriented pairs, other pairs
IS	0	0	0	0	0
IS	1	0	0	0	0
IS	2	0	0	0	0
IS	3	0	0	0	0
IS	4	0	0	0	0
IS	5	0	0	0	0
IS	6	1	0	1	0
IS	7	0	0	0	0
IS	8	0	0	0	0
IS	9	0	0	0	0
IS	10	0	0	0	0
IS	11	1	0	1	0
IS	12	0	0	0	0
IS	13	0	0	0	0
IS	14	0	0	0	0
IS	15	0	0	0	0
IS	16	0	0	0	0
IS	17	0	0	0	0
IS	18	0	0	0	0
IS	19	13	13	0	0
IS	20	7	7	0	0
IS	21	1	1	0	0
IS	22	0	0	0	0
IS	23	0	0	0	0
IS	24	1	1	0	0
IS	25	1	1	0	0
IS	26	1	1	0	0
IS	27	0	0	0	0
IS	28	0	0	0	0
IS	29	0	0	0	0
IS	30	0	0	0	0
IS	31	0	0	0	0
IS	32	0	0	0	0
IS	33	0	0	0	0
IS	34	0	0	0	0
IS	35	1	0	1	0
IS	36	0	0	0	0
IS	37	0	0	0	0
IS	38	0	0	0	0
IS	39	0	0	0	0
IS	40	0	0	0	0
IS	41	1	1	0	0
IS	42	0	0	0	0
IS	43	1	0	1	0
IS	44	0	0	0	0
IS	45	0	0	0	0
IS	46	1	0	1	0
IS	47	1	0	1	0
IS	48	1	1	0	0
IS	49	0	0	0	0
IS	50	0	0	0	0
IS	51	0	0	0	0
IS	52	1	1	0	0
IS	53	0	0	0	0
IS	54	1	1	0	0
IS	55	0	0	0	0
IS	56	1	0	1	0
IS	57	1	1	0	0
IS	58	0	0	0	0
IS	59	2	1	1	0
IS	60	2	1	1	0
IS	61	0	0	0	0
IS	62	3	3	0	0
IS	63	0	0	0	0
IS	64	1	1	0	0
IS	65	2	2	0	0
IS	66	0	0	0	0
IS	67	1	1	0	0
IS	68	4	4	0	0
IS	69	6	6	0	0
IS	70	5	5	0	0
IS	71	4	4	0	0
IS	72	8	8	0	0
IS	73	3	3	0	0
IS	74	9	9	0	0
IS	75	13	13	0	0
IS	76	15	15	0	0
IS	77	19	19	0	0
IS	78	16	16	0	0
IS	79	17	17	0	0
IS	80	29	28	1	0
IS	81	32	32	0	0
IS	82	30	30	0	0
IS	83	49	49	0	0
IS	84	60	60	0	0
IS	85	59	59	0	0
IS	86	70	70	0	0
IS	87	67	67	0	0
IS	88	81	80	1	0
IS	89	97	97	0	0
IS	90	115	115	0	0
IS	91	130	130	0	0
IS	92	142	142	0	0
IS	93	130	130	0	0
IS	94	151	151	0	0
IS	95	172	172	0	0
IS	96	197	196	1	0
IS	97	195	195	0	0
IS	98	206	205	1	0
IS	99	228	227	1	0
IS	100	264	264	0	0
IS	101	234	234	0	0
IS	102	297	297	0	0
IS	103	274	274	0	0
IS	104	348	348	0	0
IS	105	339	339	0	0
IS	106	346	346	0	0
IS	107	386	386	0	0
IS	108	406	406	0	0
IS	109	445	445	0	0
IS	110	422	422	0	0
IS	111	434	434	0	0
IS	112	443	443	0	0
IS	113	474	474	0	0
IS	114	539	539	0	0
IS	115	529	529	0	0
IS	116	569	569	0	0
IS	117	542	542	0	0
IS	118	551	551	0	0
IS	119	594	594	0	0
IS	120	584	584	0	0
IS	121	621	621	0	0
IS	122	625	625	0	0
IS	123	649	649	0	0
IS	124	653	653	0	0
IS	125	622	622	0	0
IS	126	639	639	0	0
IS	127	666	666	0	0
IS	128	716	716	0	0
IS	129	657	657	0	0
IS	130	685	685	0	0
IS	131	702	702	0	0
IS	132	688	688	0	0
IS	133	716	716	0	0
IS	134	713	713	0	0
IS	135	698	698	0	0
IS	136	695	695	0	0
IS	137	713	713	0	0
IS	138	733	733	0	0
IS	139	700	700	0	0
IS	140	717	717	0	0
IS	141	727	727	0	0
IS	142	708	708	0	0
IS	143	720	720	0	0
IS	144	712	712	0	0
IS	145	744	744	0	0
IS	146	695	695	0	0
IS	147	728	728	0	0
IS	148	633	633	0	0
IS	149	694	694	0	0
IS	150	702	702	0	0
IS	151	632	632	0	0
IS	152	690	690	0	0
IS	153	653	653	0	0
IS	154	633	633	0	0
IS	155	654	654	0	0
IS	156	687	687	0	0
IS	157	636	636	0	0
IS	158	613	613	0	0
IS	159	662	662	0	0
IS	160	602	602	0	0
IS	161	626	626	0	0
IS	162	617	617	0	0
IS	163	592	592	0	0
IS	164	610	610	0	0
IS	165	584	584	0	0
IS	166	552	552	0	0
IS	167	544	544	0	0
IS	168	599	599	0	0
IS	169	538	538	0	0
IS	170	546	546	0	0
IS	171	547	547	0	0
IS	172	557	557	0	0
IS	173	508	508	0	0
IS	174	505	505	0	0
IS	175	495	495	0	0
IS	176	524	524	0	0
IS	177	507	507	0	0
IS	178	457	457	0	0
IS	179	453	453	0	0
IS	180	498	498	0	0
IS	181	475	475	0	0
IS	182	442	442	0	0
IS	183	438	438	0	0
IS	184	462	462	0	0
IS	185	395	395	0	0
IS	186	383	383	0	0
IS	187	422	422	0	0
IS	188	450	450	0	0
IS	189	457	457	0	0
IS	190	382	382	0	0
IS	191	395	395	0	0
IS	192	384	384	0	0
IS	193	396	396	0	0
IS	194	384	384	0	0
IS	195	363	363	0	0
IS	196	332	332	0	0
IS	197	373	373	0	0
IS	198	329	329	0	0
IS	199	346	346	0	0
IS	200	350	350	0	0
IS	201	354	354	0	0
IS	202	336	336	0	0
IS	203	324	324	0	0
IS	204	297	297	0	0
IS	205	274	274	0	0
IS	206	335	335	0	0
IS	207	310	310	0	0
IS	208	315	315	0	0
IS	209	295	295	0	0
IS	210	289	289	0	0
IS	211	278	278	0	0
IS	212	275	275	0	0
IS	213	256	256	0	0
IS	214	272	272	0	0
IS	215	241	241	0	0
IS	216	275	275	0	0
IS	217	281	281	0	0
IS	218	257	257	0	0
IS	219	234	234	0	0
IS	220	254	254	0	0
IS	221	238	238	0	0
IS	222	235	235	0	0
IS	223	241	241	0	0
IS	224	222	222	0	0
IS	225	252	252	0	0
IS	226	203	202	1	0
IS	227	211	211	0	0
IS	228	230	230	0	0
IS	229	201	201	0	0
IS	230	194	194	0	0
IS	231	193	193	0	0
IS	232	174	174	0	0
IS	233	154	154	0	0
IS	234	205	205	0	0
IS	235	176	176	0	0
IS	236	165	165	0	0
IS	237	187	187	0	0
IS	238	166	166	0	0
IS	239	183	183	0	0
IS	240	158	158	0	0
IS	241	169	169	0	0
IS	242	155	155	0	0
IS	243	164	164	0	0
IS	244	176	176	0	0
IS	245	168	168	0	0
IS	246	139	139	0	0
IS	247	148	148	0	0
IS	248	154	154	0	0
IS	249	127	127	0	0
IS	250	133	133	0	0
IS	251	140	140	0	0
IS	252	139	139	0	0
IS	253	126	126	0	0
IS	254	128	128	0	0
IS	255	106	106	0	0
IS	256	121	121	0	0
IS	257	130	130	0	0
IS	258	120	120	0	0
IS	259	116	116	0	0
IS	260	123	123	0	0
IS	261	101	101	0	0
IS	262	131	131	0	0
IS	263	107	107	0	0
IS	264	112	112	0	0
IS	265	119	119	0	0
IS	266	122	122	0	0
IS	267	104	104	0	0
IS	268	120	120	0	0
IS	269	122	122	0	0
IS	270	93	93	0	0
IS	271	93	93	0	0
IS	272	89	89	0	0
IS	273	105	105	0	0
IS	274	81	81	0	0
IS	275	105	105	0	0
IS	276	100	100	0	0
IS	277	58	58	0	0
IS	278	80	80	0	0
IS	279	80	80	0	0
IS	280	96	96	0	0
IS	281	71	71	0	0
IS	282	75	75	0	0
IS	283	86	86	0	0
IS	284	71	71	0	0
IS	285	79	79	0	0
IS	286	74	74	0	0
IS	287	62	62	0	0
IS	288	68	68	0	0
IS	289	67	67	0	0
IS	290	79	79	0	0
IS	291	74	74	0	0
IS	292	61	61	0	0
IS	293	55	55	0	0
IS	294	65	65	0	0
IS	295	62	62	0	0
IS	296	62	62	0	0
IS	297	64	64	0	0
IS	298	59	59	0	0
IS	299	56	56	0	0
IS	300	63	63	0	0
IS	301	57	57	0	0
IS	302	56	56	0	0
IS	303	60	60	0	0
IS	304	66	66	0	0
IS	305	50	50	0	0
IS	306	49	49	0	0
IS	307	58	58	0	0
IS	308	58	58	0	0
IS	309	53	53	0	0
IS	310	49	49	0	0
IS	311	54	54	0	0
IS	312	39	39	0	0
IS	313	39	39	0	0
IS	314	45	45	0	0
IS	315	38	38	0	0
IS	316	41	41	0	0
IS	317	43	43	0	0
IS	318	43	43	0	0
IS	319	33	33	0	0
IS	320	37	37	0	0
IS	321	37	37	0	0
IS	322	42	42	0	0
IS	323	43	43	0	0
IS	324	42	42	0	0
IS	325	52	52	0	0
IS	326	48	48	0	0
IS	327	38	38	0	0
IS	328	36	36	0	0
IS	329	33	33	0	0
IS	330	35	35	0	0
IS	331	38	38	0	0
IS	332	31	31	0	0
IS	333	26	26	0	0
IS	334	17	17	0	0
IS	335	19	19	0	0
IS	336	34	34	0	0
IS	337	31	31	0	0
IS	338	27	27	0	0
IS	339	28	28	0	0
IS	340	34	34	0	0
IS	341	22	22	0	0
IS	342	27	27	0	0
IS	343	18	18	0	0
IS	344	29	29	0	0
IS	345	28	28	0	0
IS	346	31	31	0	0
IS	347	23	23	0	0
IS	348	35	35	0	0
IS	349	28	28	0	0
IS	350	21	21	0	0
IS	351	16	16	0	0
IS	352	16	16	0	0
IS	353	27	27	0	0
IS	354	15	15	0	0
IS	355	23	23	0	0
IS	356	19	19	0	0
IS	357	18	18	0	0
IS	358	33	33	0	0
IS	359	23	23	0	0
IS	360	16	16	0	0
IS	361	16	16	0	0
IS	362	25	25	0	0
IS	363	17	17	0	0
IS	364	24	24	0	0
IS	365	21	21	0	0
IS	366	25	25	0	0
IS	367	26	26	0	0
IS	368	15	15	0	0
IS	369	17	17	0	0
IS	370	20	20	0	0
IS	371	16	16	0	0
IS	372	16	16	0	0
IS	373	17	17	0	0
IS	374	17	17	0	0
IS	375	20	20	0	0
IS	376	17	17	0	0
IS	377	13	13	0	0
IS	378	6	6	0	0
IS	379	4	4	0	0
IS	380	15	15	0	0
IS	381	16	16	0	0
IS	382	13	13	0	0
IS	383	17	17	0	0
IS	384	10	10	0	0
IS	385	9	9	0	0
IS	386	14	14	0	0
IS	387	20	20	0	0
IS	388	17	17	0	0
IS	389	11	11	0	0
IS	390	12	12	0	0
# Read lengths. Use `grep ^RL | cut -f 2-` to extract this part. The columns are: read length, count
RL	31	2
RL	32	2
RL	33	8
RL	34	8
RL	35	6
RL	37	2
RL	38	2
RL	39	2
RL	41	6
RL	43	4
RL	44	2
RL	47	4
RL	48	6
RL	51	4
RL	53	2
RL	54	2
RL	57	8
RL	59	2
RL	60	4
RL	61	4
RL	62	6
RL	64	2
RL	65	4
RL	66	2
RL	67	2
RL	68	12
RL	69	8
RL	70	10
RL	71	8
RL	72	14
RL	73	6
RL	74	18
RL	75	26
RL	76	26
RL	77	38
RL	78	32
RL	79	34
RL	80	60
RL	81	62
RL	82	54
RL	83	100
RL	84	116
RL	85	116
RL	86	142
RL	87	136
RL	88	166
RL	89	192
RL	90	232
RL	91	258
RL	92	276
RL	93	264
RL	94	298
RL	95	348
RL	96	396
RL	97	390
RL	98	414
RL	99	450
RL	100	524
RL	101	148548
# Read lengths - first fragments. Use `grep ^FRL | cut -f 2-` to extract this part. The columns are: read length, count
FRL	31	1
FRL	32	1
FRL	33	4
FRL	34	4
FRL	35	3
FRL	37	1
FRL	38	1
FRL	39	1
FRL	41	3
FRL	43	2
FRL	44	1
FRL	47	2
FRL	48	3
FRL	51	2
FRL	53	1
FRL	54	1
FRL	57	4
FRL	59	1
FRL	60	2
FRL	61	2
FRL	62	3
FRL	64	1
FRL	65	2
FRL	66	1
FRL	67	1
FRL	68	6
FRL	69	4
FRL	70	5
FRL	71	4
FRL	72	7
FRL	73	3
FRL	74	9
FRL	75	13
FRL	76	13
FRL	77	19
FRL	78	16
FRL	79	17
FRL	80	30
FRL	81	31
FRL	82	27
FRL	83	50
FRL	84	58
FRL	85	58
FRL	86	71
FRL	87	68
FRL	88	83
FRL	89	96
FRL	90	116
FRL	91	129
FRL	92	138
FRL	93	132
FRL	94	149
FRL	95	174
FRL	96	198
FRL	97	195
FRL	98	207
FRL	99	225
FRL	100	262
FRL	101	74274
# Read lengths - last fragments. Use `grep ^LRL | cut -f 2-` to extract this part. The columns are: read length, count
LRL	31	1
LRL	32	1
LRL	33	4
LRL	34	4
LRL	35	3
LRL	37	1
LRL	38	1
LRL	39	1
LRL	41	3
LRL	43	2
LRL	44	1
LRL	47	2
LRL	48	3
LRL	51	2
LRL	53	1
LRL	54	1
LRL	57	4
LRL	59	1
LRL	60	2
LRL	61	2
LRL	62	3
LRL	64	1
LRL	65	2
LRL	66	1
LRL	67	1
LRL	68	6
LRL	69	4
LRL	70	5
LRL	71	4
LRL	72	7
LRL	73	3
LRL	74	9
LRL	75	13
LRL	76	13
LRL	77	19
LRL	78	16
LRL	79	17
LRL	80	30
LRL	81	31
LRL	82	27
LRL	83	50
LRL	84	58
LRL	85	58
LRL	86	71
LRL	87	68
LRL	88	83
LRL	89	96
LRL	90	116
LRL	91	129
LRL	92	138
LRL	93	132
LRL	94	149
LRL	95	174
LRL	96	198
LRL	97	195
LRL	98	207
LRL	99	225
LRL	100	262
LRL	101	74274
# Mapping qualities for reads !(UNMAP|SECOND|SUPPL|QCFAIL|DUP). Use `grep ^MAPQ | cut -f 2-` to extract this part. The columns are: mapq, count
MAPQ	0	16229
MAPQ	1	42
MAPQ	2	2
MAPQ	3	74
MAPQ	4	12
MAPQ	5	12
MAPQ	6	16
MAPQ	7	46
MAPQ	8	17
MAPQ	9	77
MAPQ	10	46
MAPQ	11	11
MAPQ	12	11
MAPQ	13	43
MAPQ	15	81
MAPQ	16	8
MAPQ	17	16
MAPQ	18	24
MAPQ	19	25
MAPQ	20	23
MAPQ	21	94
MAPQ	22	85
MAPQ	23	110
MAPQ	24	221
MAPQ	25	577
MAPQ	26	2
MAPQ	27	1437
MAPQ	28	1
MAPQ	29	10
MAPQ	30	19
MAPQ	31	49
MAPQ	32	4
MAPQ	33	92
MAPQ	34	1
MAPQ	35	16
MAPQ	36	10
MAPQ	37	35
MAPQ	38	13
MAPQ	39	90
MAPQ	40	1005
MAPQ	41	12
MAPQ	42	47
MAPQ	43	49
MAPQ	44	33
MAPQ	45	146
MAPQ	46	83
MAPQ	47	242
MAPQ	48	392
MAPQ	49	265
MAPQ	50	1330
MAPQ	51	57
MAPQ	52	114
MAPQ	53	43
MAPQ	54	50
MAPQ	55	132
MAPQ	56	9
MAPQ	57	179
MAPQ	58	5
MAPQ	59	18
MAPQ	60	129765
# Indel distribution. Use `grep ^ID | cut -f 2-` to extract this part. The columns are: length, number of insertions, number of deletions
ID	1	173	258
ID	2	65	81
ID	3	24	38
ID	4	30	54
ID	5	25	11
ID	6	5	11
ID	7	1	3
ID	8	5	8
ID	9	1	6
ID	10	2	3
ID	11	3	1
ID	12	3	1
ID	13	2	2
ID	14	0	3
ID	15	0	3
ID	16	0	2
ID	18	0	1
ID	19	0	1
# Indels per cycle. Use `grep ^IC | cut -f 2-` to extract this part. The columns are: cycle, number of insertions (fwd), .. (rev) , number of deletions (fwd), .. (rev)
IC	3	0	0	3	1
IC	4	0	1	3	1
IC	6	2	2	1	2
IC	7	1	1	0	5
IC	8	0	2	1	1
IC	9	4	0	0	0
IC	10	1	1	2	4
IC	11	5	3	2	6
IC	12	0	3	0	3
IC	13	1	2	4	1
IC	14	1	3	2	2
IC	15	1	1	2	2
IC	16	2	0	1	0
IC	17	4	2	2	1
IC	18	0	0	4	5
IC	19	1	2	4	5
IC	20	1	2	4	4
IC	21	2	4	2	2
IC	22	2	2	2	4
IC	23	1	3	2	4
IC	24	0	2	5	1
IC	25	2	0	3	1
IC	26	3	1	4	4
IC	27	3	1	3	4
IC	28	1	4	2	2
IC	29	1	2	0	1
IC	30	3	2	4	2
IC	31	5	6	2	3
IC	32	0	1	0	3
IC	33	1	5	2	3
IC	34	5	0	5	3
IC	35	0	3	2	2
IC	36	0	2	1	1
IC	37	0	2	2	2
IC	38	2	2	1	3
IC	39	4	2	7	5
IC	40	1	1	4	0
IC	41	3	2	5	1
IC	42	3	1	4	3
IC	43	3	1	3	3
IC	44	2	2	2	3
IC	45	3	5	2	1
IC	46	2	0	3	5
IC	47	4	4	0	3
IC	48	1	2	6	3
IC	49	2	3	2	3
IC	50	5	0	3	4
IC	51	2	3	2	2
IC	52	2	0	2	3
IC	53	7	3	3	2
IC	54	0	3	5	1
IC	55	3	3	3	6
IC	56	4	2	1	4
IC	57	4	0	3	3
IC	58	2	4	4	4
IC	59	0	1	1	2
IC	60	3	2	1	6
IC	61	3	2	3	2
IC	62	2	3	4	2
IC	63	1	3	1	5
IC	64	2	3	2	3
IC	65	1	3	3	3
IC	66	0	3	6	1
IC	67	3	4	4	1
IC	68	2	2	2	4
IC	69	3	2	3	3
IC	70	1	0	2	3
IC	71	3	1	2	2
IC	72	1	2	1	4
IC	73	1	0	4	4
IC	74	2	0	3	2
IC	75	0	2	1	1
IC	76	3	2	0	2
IC	77	3	2	3	5
IC	78	2	0	2	5
IC	79	1	3	2	3
IC	80	2	2	4	4
IC	81	2	1	2	2
IC	82	1	1	5	5
IC	83	0	3	2	0
IC	84	1	1	0	0
IC	85	2	2	1	3
IC	86	0	1	3	2
IC	87	0	1	2	5
IC	88	3	0	2	4
IC	89	1	0	2	1
IC	90	1	0	1	2
IC	91	2	1	4	2
IC	92	1	3	2	0
IC	93	1	1	1	1
IC	94	0	1	3	1
IC	95	0	0	3	3
IC	96	2	0	3	3
IC	97	0	1	2	3
IC	98	3	1	2	1
# Coverage distribution. Use `grep ^COV | cut -f 2-` to extract this part.
COV	[1-1]	1	7514233
COV	[2-2]	2	2984441
COV	[3-3]	3	372110
COV	[4-4]	4	126579
COV	[5-5]	5	34091
COV	[6-6]	6	13713
COV	[7-7]	7	5970
COV	[8-8]	8	2629
COV	[9-9]	9	1098
COV	[10-10]	10	628
COV	[11-11]	11	402
COV	[12-12]	12	375
COV	[13-13]	13	172
COV	[14-14]	14	91
COV	[15-15]	15	75
COV	[16-16]	16	47
COV	[17-17]	17	15
COV	[18-18]	18	18
COV	[19-19]	19	7
COV	[20-20]	20	5
COV	[21-21]	21	2
COV	[22-22]	22	12
COV	[23-23]	23	5
COV	[24-24]	24	6
COV	[25-25]	25	2
COV	[26-26]	26	8
COV	[27-27]	27	10
COV	[28-28]	28	16
COV	[29-29]	29	11
COV	[30-30]	30	19
COV	[31-31]	31	11
COV	[32-32]	32	7
# GC-depth. Use `grep ^GCD | cut -f 2-` to extract this part. The columns are: GC%, unique sequence percentiles, 10th, 25th, 50th, 75th and 90th depth percentile
GCD	0.0	0.056	0.004	0.005	0.005	0.005	0.007
GCD	1.3	0.059	0.010	0.010	0.010	0.010	0.010
GCD	16.0	0.062	0.010	0.010	0.010	0.010	0.010
GCD	18.0	0.065	0.010	0.010	0.010	0.010	0.010
GCD	19.0	0.072	0.005	0.005	0.008	0.010	0.010
GCD	20.0	0.082	0.010	0.010	0.010	0.010	0.010
GCD	21.0	0.092	0.005	0.005	0.010	0.010	0.010
GCD	22.0	0.124	0.006	0.010	0.010	0.010	0.010
GCD	23.0	0.151	0.010	0.010	0.010	0.010	0.020
GCD	24.0	0.239	0.010	0.010	0.010	0.010	0.011
GCD	25.0	0.347	0.007	0.010	0.010	0.010	0.010
GCD	26.0	0.488	0.010	0.010	0.010	0.010	0.020
GCD	27.0	0.704	0.010	0.010	0.010	0.010	0.020
GCD	28.0	1.044	0.010	0.010	0.010	0.010	0.020
GCD	29.0	1.575	0.010	0.010	0.010	0.010	0.020
GCD	30.0	2.295	0.010	0.010	0.010	0.020	0.030
GCD	31.0	3.208	0.010	0.010	0.010	0.020	0.030
GCD	32.0	4.485	0.010	0.010	0.010	0.020	0.030
GCD	33.0	6.034	0.010	0.010	0.010	0.020	0.040
GCD	34.0	7.870	0.010	0.010	0.020	0.030	0.040
GCD	35.0	10.064	0.010	0.010	0.020	0.030	0.040
GCD	36.0	12.617	0.010	0.010	0.020	0.030	0.040
GCD	37.0	15.681	0.010	0.010	0.020	0.030	0.047
GCD	38.0	18.827	0.010	0.010	0.020	0.030	0.050
GCD	39.0	22.366	0.010	0.010	0.020	0.030	0.050
GCD	40.0	26.197	0.010	0.010	0.020	0.030	0.050
GCD	41.0	30.125	0.010	0.010	0.020	0.030	0.050
GCD	42.0	34.168	0.010	0.010	0.020	0.030	0.050
GCD	43.0	38.247	0.010	0.010	0.020	0.030	0.050
GCD	44.0	41.969	0.010	0.010	0.020	0.030	0.050
GCD	45.0	45.783	0.010	0.010	0.020	0.030	0.050
GCD	46.0	49.499	0.010	0.010	0.020	0.030	0.050
GCD	47.0	53.189	0.010	0.010	0.020	0.030	0.050
GCD	48.0	56.800	0.010	0.010	0.020	0.030	0.050
GCD	49.0	60.358	0.010	0.010	0.020	0.030	0.060
GCD	50.0	64.607	0.010	0.010	0.010	0.030	0.040
GCD	51.0	67.996	0.010	0.010	0.020	0.030	0.050
GCD	52.0	71.122	0.010	0.010	0.020	0.030	0.050
GCD	53.0	74.157	0.010	0.010	0.020	0.035	0.050
GCD	54.0	77.087	0.010	0.010	0.020	0.030	0.060
GCD	55.0	79.994	0.010	0.010	0.020	0.040	0.060
GCD	56.0	82.810	0.010	0.010	0.020	0.040	0.060
GCD	57.0	85.402	0.010	0.010	0.020	0.040	0.060
GCD	58.0	87.612	0.010	0.010	0.020	0.040	0.060
GCD	59.0	90.067	0.010	0.010	0.020	0.040	0.060
GCD	60.0	92.274	0.010	0.010	0.020	0.040	0.060
GCD	61.0	94.307	0.010	0.010	0.020	0.030	0.050
GCD	62.0	95.895	0.010	0.010	0.020	0.040	0.060
GCD	63.0	97.299	0.010	0.010	0.020	0.030	0.050
GCD	64.0	98.324	0.010	0.010	0.010	0.030	0.040
GCD	65.0	98.979	0.010	0.010	0.018	0.020	0.040
GCD	66.0	99.394	0.010	0.010	0.010	0.020	0.030
GCD	67.0	99.682	0.010	0.010	0.010	0.020	0.030
GCD	68.0	99.833	0.010	0.010	0.010	0.010	0.013
GCD	69.0	99.915	0.010	0.010	0.010	0.010	0.020
GCD	70.0	99.951	0.006	0.010	0.010	0.010	0.010
GCD	71.0	99.977	0.010	0.010	0.010	0.010	0.010
GCD	72.0	99.993	0.010	0.010	0.010	0.010	0.010
GCD	73.0	100.000	0.010	0.010	0.010	0.010	0.010
