chr1	248956422	15101667	533
chr10	133797422	5794712	439
chr11	135086622	7261282	441
chr11_KI270721v1_random	100316	1235	0
chr12	133275309	7068812	325
chr13	114364328	2490249	114
chr14	107043718	4201482	209
chr14_GL000009v2_random	201709	8262	1
chr14_GL000225v1_random	211173	37975	500
chr14_KI270722v1_random	194050	881	0
chr14_GL000194v1_random	191469	3085	0
chr14_KI270723v1_random	38115	5184	30
chr14_KI270724v1_random	39555	4094	31
chr14_KI270725v1_random	172810	3826	1
chr14_KI270726v1_random	43739	3488	1
chr15	101991189	4746993	182
chr15_KI270727v1_random	448248	15491	1
chr16	90338345	5179495	228
chr16_KI270728v1_random	1872759	64136	6
chr17	83257441	7348579	306
chr17_GL000205v2_random	185591	8635	0
chr17_KI270729v1_random	280839	3349	4
chr17_KI270730v1_random	112551	631	4
chr18	80373285	2040761	103
chr19	58617616	6603647	1177
chr1_KI270706v1_random	175055	7819	0
chr1_KI270707v1_random	32032	90	0
chr1_KI270708v1_random	127682	541	0
chr1_KI270709v1_random	66860	1262	0
chr1_KI270710v1_random	40176	96	0
chr1_KI270711v1_random	42210	100781	4
chr1_KI270712v1_random	176043	4454	0
chr1_KI270713v1_random	40745	7024	0
chr1_KI270714v1_random	41717	4440	1
chr2	242193529	9972437	380
chr20	64444167	3016544	146
chr21	46709983	1390490	66
chr22	50818468	2460540	96
chr22_KI270731v1_random	150754	6475	0
chr22_KI270732v1_random	41543	1543	2
chr22_KI270733v1_random	179772	32523	0
chr22_KI270734v1_random	165050	6224	1
chr22_KI270735v1_random	42811	424	0
chr22_KI270736v1_random	181920	1384	4
chr22_KI270737v1_random	103838	376	0
chr22_KI270738v1_random	99375	314	0
chr22_KI270739v1_random	73985	67	0
chr2_KI270715v1_random	161471	235	0
chr2_KI270716v1_random	153799	225	0
chr3	198295559	7769729	560
chr3_GL000221v1_random	155397	7302	0
chr4	190214555	5442913	364
chr4_GL000008v2_random	209709	7165	1
chr5	181538259	6131842	277
chr5_GL000208v1_random	92689	204	0
chr6	170805979	6277828	231
chr7	159345973	6378348	768
chr8	145138636	4219733	190
chr9	138394717	5635111	230
chr9_KI270717v1_random	40062	1785	0
chr9_KI270718v1_random	38054	1321	0
chr9_KI270719v1_random	176845	4856	0
chr9_KI270720v1_random	39050	2024	0
chr1_KI270762v1_alt	354444	12849	0
chr1_KI270766v1_alt	256271	72708	2
chr1_KI270760v1_alt	109528	160	0
chr1_KI270765v1_alt	185285	3574	0
chr1_GL383518v1_alt	182439	21826	1
chr1_GL383519v1_alt	110268	21119	2
chr1_GL383520v2_alt	366580	5947	1
chr1_KI270764v1_alt	50258	177	0
chr1_KI270763v1_alt	911658	14027	0
chr1_KI270759v1_alt	425601	3477	0
chr1_KI270761v1_alt	165834	12910	0
chr2_KI270770v1_alt	136240	206	0
chr2_KI270773v1_alt	70887	818	0
chr2_KI270774v1_alt	223625	3339	0
chr2_KI270769v1_alt	120616	3556	0
chr2_GL383521v1_alt	143390	284	0
chr2_KI270772v1_alt	133041	2340	0
chr2_KI270775v1_alt	138019	129	0
chr2_KI270771v1_alt	110395	111	0
chr2_KI270768v1_alt	110099	2074	0
chr2_GL582966v2_alt	96131	2704	0
chr2_GL383522v1_alt	123821	8927	0
chr2_KI270776v1_alt	174166	2752	0
chr2_KI270767v1_alt	161578	641	0
chr3_JH636055v2_alt	173151	6011	1
chr3_KI270783v1_alt	109187	79	0
chr3_KI270780v1_alt	224108	2033	0
chr3_GL383526v1_alt	180671	2667	0
chr3_KI270777v1_alt	173649	2792	0
chr3_KI270778v1_alt	248252	183	0
chr3_KI270781v1_alt	113034	183	0
chr3_KI270779v1_alt	205312	8654	0
chr3_KI270782v1_alt	162429	2050	0
chr3_KI270784v1_alt	184404	2356	0
chr4_KI270790v1_alt	220246	321	0
chr4_GL383528v1_alt	376187	278	0
chr4_KI270787v1_alt	111943	97	0
chr4_GL000257v2_alt	586476	33103	1
chr4_KI270788v1_alt	158965	160	0
chr4_GL383527v1_alt	164536	6474	0
chr4_KI270785v1_alt	119912	84	0
chr4_KI270789v1_alt	205944	1082	0
chr4_KI270786v1_alt	244096	196	0
chr5_KI270793v1_alt	126136	1025	0
chr5_KI270792v1_alt	179043	4688	0
chr5_KI270791v1_alt	195710	9123	0
chr5_GL383532v1_alt	82728	64	0
chr5_GL949742v1_alt	226852	233	0
chr5_KI270794v1_alt	164558	4665	0
chr5_GL339449v2_alt	1612928	69080	2
chr5_GL383530v1_alt	101241	102	0
chr5_KI270796v1_alt	172708	170	0
chr5_GL383531v1_alt	173459	111	0
chr5_KI270795v1_alt	131892	4123	0
chr6_GL000250v2_alt	4672374	57539	1
chr6_KI270800v1_alt	175808	1486	0
chr6_KI270799v1_alt	152148	88	0
chr6_GL383533v1_alt	124736	1739	0
chr6_KI270801v1_alt	870480	13141	0
chr6_KI270802v1_alt	75005	134	0
chr6_KB021644v2_alt	185823	229	0
chr6_KI270797v1_alt	197536	5295	1
chr6_KI270798v1_alt	271782	7947	0
chr7_KI270804v1_alt	157952	309	0
chr7_KI270809v1_alt	209586	10621	1
chr7_KI270806v1_alt	158166	5662	0
chr7_GL383534v2_alt	119183	9542	1
chr7_KI270803v1_alt	1111570	89507	3
chr7_KI270808v1_alt	271455	2080	0
chr7_KI270807v1_alt	126434	235	0
chr7_KI270805v1_alt	209988	500	0
chr8_KI270818v1_alt	145606	245	0
chr8_KI270812v1_alt	282736	416	0
chr8_KI270811v1_alt	292436	606	0
chr8_KI270821v1_alt	985506	19032	1
chr8_KI270813v1_alt	300230	20197	2
chr8_KI270822v1_alt	624492	10253	1
chr8_KI270814v1_alt	141812	471	0
chr8_KI270810v1_alt	374415	410	0
chr8_KI270819v1_alt	133535	3086	0
chr8_KI270820v1_alt	36640	163	0
chr8_KI270817v1_alt	158983	2472	0
chr8_KI270816v1_alt	305841	20004	1
chr8_KI270815v1_alt	132244	2095	0
chr9_GL383539v1_alt	162988	1096	0
chr9_GL383540v1_alt	71551	4923	0
chr9_GL383541v1_alt	171286	2889	1
chr9_GL383542v1_alt	60032	1145	0
chr9_KI270823v1_alt	439082	5142	0
chr10_GL383545v1_alt	179254	5236	0
chr10_KI270824v1_alt	181496	3099	0
chr10_GL383546v1_alt	309802	7521	1
chr10_KI270825v1_alt	188315	10013	0
chr11_KI270832v1_alt	210133	14782	2
chr11_KI270830v1_alt	177092	4280	1
chr11_KI270831v1_alt	296895	13277	0
chr11_KI270829v1_alt	204059	8289	2
chr11_GL383547v1_alt	154407	169	0
chr11_JH159136v1_alt	200998	19101	3
chr11_JH159137v1_alt	191409	4852	0
chr11_KI270827v1_alt	67707	136	0
chr11_KI270826v1_alt	186169	271	0
chr12_GL877875v1_alt	167313	3972	0
chr12_GL877876v1_alt	408271	19454	0
chr12_KI270837v1_alt	40090	12847	1
chr12_GL383549v1_alt	120804	112	0
chr12_KI270835v1_alt	238139	7672	0
chr12_GL383550v2_alt	169178	2990	0
chr12_GL383552v1_alt	138655	656	0
chr12_GL383553v2_alt	152874	5144	0
chr12_KI270834v1_alt	119498	12778	0
chr12_GL383551v1_alt	184319	145	0
chr12_KI270833v1_alt	76061	6042	1
chr12_KI270836v1_alt	56134	92	0
chr13_KI270840v1_alt	191684	4377	3
chr13_KI270839v1_alt	180306	1543	0
chr13_KI270843v1_alt	103832	74	0
chr13_KI270841v1_alt	169134	117	0
chr13_KI270838v1_alt	306913	2590	0
chr13_KI270842v1_alt	37287	87	0
chr14_KI270844v1_alt	322166	10951	1
chr14_KI270847v1_alt	1511111	61836	1
chr14_KI270845v1_alt	180703	1191	0
chr14_KI270846v1_alt	1351393	67181	16
chr15_KI270852v1_alt	478999	15741	1
chr15_KI270851v1_alt	263054	32540	1
chr15_KI270848v1_alt	327382	18653	1
chr15_GL383554v1_alt	296527	15139	0
chr15_KI270849v1_alt	244917	7832	0
chr15_GL383555v2_alt	388773	2302	0
chr15_KI270850v1_alt	430880	16039	2
chr16_KI270854v1_alt	134193	3869	0
chr16_KI270856v1_alt	63982	356	0
chr16_KI270855v1_alt	232857	12162	1
chr16_KI270853v1_alt	2659700	177190	5
chr16_GL383556v1_alt	192462	9583	0
chr16_GL383557v1_alt	89672	4440	0
chr17_GL383563v3_alt	375691	1941	0
chr17_KI270862v1_alt	391357	9023	1
chr17_KI270861v1_alt	196688	31172	0
chr17_KI270857v1_alt	2877074	246635	6
chr17_JH159146v1_alt	278131	20489	1
chr17_JH159147v1_alt	70345	5786	0
chr17_GL383564v2_alt	133151	11319	0
chr17_GL000258v2_alt	1821992	55698	6
chr17_GL383565v1_alt	223995	166	0
chr17_KI270858v1_alt	235827	439	0
chr17_KI270859v1_alt	108763	402	0
chr17_GL383566v1_alt	90219	131	0
chr17_KI270860v1_alt	178921	3602	0
chr18_KI270864v1_alt	111737	86	0
chr18_GL383567v1_alt	289831	2659	0
chr18_GL383570v1_alt	164789	148	0
chr18_GL383571v1_alt	198278	4255	0
chr18_GL383568v1_alt	104552	81	0
chr18_GL383569v1_alt	167950	148	0
chr18_GL383572v1_alt	159547	1160	0
chr18_KI270863v1_alt	167999	2709	0
chr19_KI270868v1_alt	61734	3471	0
chr19_KI270865v1_alt	52969	1317	1
chr19_GL383573v1_alt	385657	5945	0
chr19_GL383575v2_alt	170222	5316	0
chr19_GL383576v1_alt	188024	4430	0
chr19_GL383574v1_alt	155864	3469	1
chr19_KI270866v1_alt	43156	2835	0
chr19_KI270867v1_alt	233762	5693	0
chr19_GL949746v1_alt	987716	32418	1
chr20_GL383577v2_alt	128386	209	0
chr20_KI270869v1_alt	118774	6759	0
chr20_KI270871v1_alt	58661	2760	0
chr20_KI270870v1_alt	183433	10534	0
chr21_GL383578v2_alt	63917	65	0
chr21_KI270874v1_alt	166743	164	0
chr21_KI270873v1_alt	143900	856	0
chr21_GL383579v2_alt	201197	273	0
chr21_GL383580v2_alt	74653	1120	0
chr21_GL383581v2_alt	116689	9074	0
chr21_KI270872v1_alt	82692	2909	0
chr22_KI270875v1_alt	259914	15054	0
chr22_KI270878v1_alt	186262	2534	2
chr22_KI270879v1_alt	304135	13969	0
chr22_KI270876v1_alt	263666	9397	0
chr22_KI270877v1_alt	101331	2945	0
chr22_GL383583v2_alt	96924	2854	0
chr22_GL383582v2_alt	162811	8616	0
chrX_KI270880v1_alt	284869	2862	0
chrX_KI270881v1_alt	144206	3017	0
chr19_KI270882v1_alt	248807	2010	0
chr19_KI270883v1_alt	170399	4009	0
chr19_KI270884v1_alt	157053	1672	0
chr19_KI270885v1_alt	171027	3958	0
chr19_KI270886v1_alt	204239	1846	0
chr19_KI270887v1_alt	209512	3600	0
chr19_KI270888v1_alt	155532	2286	0
chr19_KI270889v1_alt	170698	3939	1
chr19_KI270890v1_alt	184499	1379	0
chr19_KI270891v1_alt	170680	3995	0
chr1_KI270892v1_alt	162212	12361	1
chr2_KI270894v1_alt	214158	8550	1
chr2_KI270893v1_alt	161218	599	0
chr3_KI270895v1_alt	162896	5157	0
chr4_KI270896v1_alt	378547	11422	14
chr5_KI270897v1_alt	1144418	49833	4
chr5_KI270898v1_alt	130957	4977	0
chr6_GL000251v2_alt	4795265	177204	5
chr7_KI270899v1_alt	190869	474	0
chr8_KI270901v1_alt	136959	213	0
chr8_KI270900v1_alt	318687	1287	0
chr11_KI270902v1_alt	106711	43887	13
chr11_KI270903v1_alt	214625	7049	3
chr12_KI270904v1_alt	572349	31574	3
chr15_KI270906v1_alt	196384	8573	0
chr15_KI270905v1_alt	5161414	147745	5
chr17_KI270907v1_alt	137721	634	0
chr17_KI270910v1_alt	157099	4532	0
chr17_KI270909v1_alt	325800	63795	2
chr17_JH159148v1_alt	88070	1523	0
chr17_KI270908v1_alt	1423190	71135	3
chr18_KI270912v1_alt	174061	176	0
chr18_KI270911v1_alt	157710	1125	0
chr19_GL949747v2_alt	729520	15007	0
chr22_KB663609v1_alt	74013	3723	0
chrX_KI270913v1_alt	274009	2953	0
chr19_KI270914v1_alt	205194	2723	0
chr19_KI270915v1_alt	170665	4307	0
chr19_KI270916v1_alt	184516	1576	0
chr19_KI270917v1_alt	190932	4760	0
chr19_KI270918v1_alt	123111	3109	0
chr19_KI270919v1_alt	170701	3755	0
chr19_KI270920v1_alt	198005	4047	0
chr19_KI270921v1_alt	282224	2595	0
chr19_KI270922v1_alt	187935	4570	0
chr19_KI270923v1_alt	189352	3160	0
chr3_KI270924v1_alt	166540	5940	1
chr4_KI270925v1_alt	555799	1509	0
chr6_GL000252v2_alt	4604811	162216	4
chr8_KI270926v1_alt	229282	2036	0
chr11_KI270927v1_alt	218612	25520	10
chr19_GL949748v2_alt	1064304	8788	1
chr22_KI270928v1_alt	176103	9327	1
chr19_KI270929v1_alt	186203	4155	0
chr19_KI270930v1_alt	200773	2659	0
chr19_KI270931v1_alt	170148	4493	0
chr19_KI270932v1_alt	215732	2232	0
chr19_KI270933v1_alt	170537	3190	0
chr19_GL000209v2_alt	177381	1445	0
chr3_KI270934v1_alt	163458	5204	0
chr6_GL000253v2_alt	4677643	114748	3
chr19_GL949749v2_alt	1091841	9477	0
chr3_KI270935v1_alt	197351	7791	0
chr6_GL000254v2_alt	4827813	146287	8
chr19_GL949750v2_alt	1066390	8322	0
chr3_KI270936v1_alt	164170	5099	0
chr6_GL000255v2_alt	4606388	154009	2
chr19_GL949751v2_alt	1002683	10450	0
chr3_KI270937v1_alt	165607	5607	0
chr6_GL000256v2_alt	4929269	149184	8
chr19_GL949752v1_alt	987100	33147	1
chr6_KI270758v1_alt	76752	684	0
chr19_GL949753v2_alt	796479	20934	3
chr19_KI270938v1_alt	1066800	37559	1
chrM	16569	11959	6
chrUn_KI270302v1	2274	0	0
chrUn_KI270304v1	2165	14	0
chrUn_KI270303v1	1942	16	0
chrUn_KI270305v1	1472	0	0
chrUn_KI270322v1	21476	8	0
chrUn_KI270320v1	4416	2	0
chrUn_KI270310v1	1201	33	0
chrUn_KI270316v1	1444	0	0
chrUn_KI270315v1	2276	0	0
chrUn_KI270312v1	998	0	0
chrUn_KI270311v1	12399	10	0
chrUn_KI270317v1	37690	4	0
chrUn_KI270412v1	1179	0	0
chrUn_KI270411v1	2646	4	0
chrUn_KI270414v1	2489	12	0
chrUn_KI270419v1	1029	4	0
chrUn_KI270418v1	2145	18	0
chrUn_KI270420v1	2321	46	0
chrUn_KI270424v1	2140	4	0
chrUn_KI270417v1	2043	4	0
chrUn_KI270422v1	1445	0	0
chrUn_KI270423v1	981	2	0
chrUn_KI270425v1	1884	4	0
chrUn_KI270429v1	1361	5	0
chrUn_KI270442v1	392061	9886	5
chrUn_KI270466v1	1233	349	0
chrUn_KI270465v1	1774	28	0
chrUn_KI270467v1	3920	1337	2
chrUn_KI270435v1	92983	295	0
chrUn_KI270438v1	112505	12366	4
chrUn_KI270468v1	4055	24	0
chrUn_KI270510v1	2415	14	0
chrUn_KI270509v1	2318	10	0
chrUn_KI270518v1	2186	22	0
chrUn_KI270508v1	1951	8	0
chrUn_KI270516v1	1300	4	0
chrUn_KI270512v1	22689	74	1
chrUn_KI270519v1	138126	487	1
chrUn_KI270522v1	5674	14	0
chrUn_KI270511v1	8127	20	0
chrUn_KI270515v1	6361	25	0
chrUn_KI270507v1	5353	19	0
chrUn_KI270517v1	3253	18	0
chrUn_KI270529v1	1899	2	0
chrUn_KI270528v1	2983	2	0
chrUn_KI270530v1	2168	0	0
chrUn_KI270539v1	993	0	0
chrUn_KI270538v1	91309	311	0
chrUn_KI270544v1	1202	2	0
chrUn_KI270548v1	1599	0	0
chrUn_KI270583v1	1400	14	0
chrUn_KI270587v1	2969	18	0
chrUn_KI270580v1	1553	2	0
chrUn_KI270581v1	7046	4	0
chrUn_KI270579v1	31033	47	0
chrUn_KI270589v1	44474	168	1
chrUn_KI270590v1	4685	27	0
chrUn_KI270584v1	4513	7	0
chrUn_KI270582v1	6504	10	0
chrUn_KI270588v1	6158	32	0
chrUn_KI270593v1	3041	14	0
chrUn_KI270591v1	5796	41	0
chrUn_KI270330v1	1652	510	0
chrUn_KI270329v1	1040	8	0
chrUn_KI270334v1	1368	6	0
chrUn_KI270333v1	2699	202	0
chrUn_KI270335v1	1048	4	0
chrUn_KI270338v1	1428	4	0
chrUn_KI270340v1	1428	12	0
chrUn_KI270336v1	1026	76	1
chrUn_KI270337v1	1121	195	0
chrUn_KI270363v1	1803	0	0
chrUn_KI270364v1	2855	4	0
chrUn_KI270362v1	3530	8	0
chrUn_KI270366v1	8320	13	0
chrUn_KI270378v1	1048	0	0
chrUn_KI270379v1	1045	2	0
chrUn_KI270389v1	1298	0	0
chrUn_KI270390v1	2387	2	0
chrUn_KI270387v1	1537	2	0
chrUn_KI270395v1	1143	6	0
chrUn_KI270396v1	1880	7	0
chrUn_KI270388v1	1216	0	0
chrUn_KI270394v1	970	2	0
chrUn_KI270386v1	1788	0	0
chrUn_KI270391v1	1484	0	0
chrUn_KI270383v1	1750	0	0
chrUn_KI270393v1	1308	2	0
chrUn_KI270384v1	1658	6	0
chrUn_KI270392v1	971	0	0
chrUn_KI270381v1	1930	2	0
chrUn_KI270385v1	990	2	0
chrUn_KI270382v1	4215	4	0
chrUn_KI270376v1	1136	0	0
chrUn_KI270374v1	2656	0	0
chrUn_KI270372v1	1650	0	0
chrUn_KI270373v1	1451	0	0
chrUn_KI270375v1	2378	4	0
chrUn_KI270371v1	2805	0	0
chrUn_KI270448v1	7992	30	0
chrUn_KI270521v1	7642	10	0
chrUn_GL000195v1	182896	1438	0
chrUn_GL000219v1	179198	1410	1
chrUn_GL000220v1	161802	19819	1
chrUn_GL000224v1	179693	2226	1
chrUn_KI270741v1	157432	95	0
chrUn_GL000226v1	15008	138	0
chrUn_GL000213v1	164239	5992	0
chrUn_KI270743v1	210658	741	0
chrUn_KI270744v1	168472	18638	0
chrUn_KI270745v1	41891	1080	0
chrUn_KI270746v1	66486	12574	1
chrUn_KI270747v1	198735	1560	0
chrUn_KI270748v1	93321	385	0
chrUn_KI270749v1	158759	913	0
chrUn_KI270750v1	148850	1184	0
chrUn_KI270751v1	150742	5238	0
chrUn_KI270752v1	27745	2	0
chrUn_KI270753v1	62944	166	0
chrUn_KI270754v1	40191	552	0
chrUn_KI270755v1	36723	14	0
chrUn_KI270756v1	79590	292	0
chrUn_KI270757v1	71251	341	0
chrUn_GL000214v1	137718	6513	0
chrUn_KI270742v1	186739	11233	0
chrUn_GL000216v2	176608	7852	58
chrUn_GL000218v1	161147	3028	0
chrX	156040895	6749813	229
chrY	57227415	82117	153
chrY_KI270740v1_random	37240	0	0
*	0	0	25146
