chr1	248956422	7050052	15
chr10	133797422	2761555	15
chr11	135086622	3172957	12
chr11_KI270721v1_random	100316	582	0
chr12	133275309	3022878	11
chr13	114364328	1220717	5
chr14	107043718	1839349	7
chr14_GL000009v2_random	201709	1870	0
chr14_GL000225v1_random	211173	2519	2
chr14_KI270722v1_random	194050	725	0
chr14_GL000194v1_random	191469	1999	0
chr14_KI270723v1_random	38115	573	0
chr14_KI270724v1_random	39555	705	0
chr14_KI270725v1_random	172810	1469	0
chr14_KI270726v1_random	43739	945	0
chr15	101991189	2163121	11
chr15_KI270727v1_random	448248	14748	0
chr16	90338345	2232079	10
chr16_KI270728v1_random	1872759	34402	0
chr17	83257441	3101305	10
chr17_GL000205v2_random	185591	2366	0
chr17_KI270729v1_random	280839	2364	1
chr17_KI270730v1_random	112551	440	1
chr18	80373285	978558	7
chr19	58617616	2402588	102
chr1_KI270706v1_random	175055	1150	0
chr1_KI270707v1_random	32032	45	0
chr1_KI270708v1_random	127682	1109	0
chr1_KI270709v1_random	66860	862	0
chr1_KI270710v1_random	40176	53	0
chr1_KI270711v1_random	42210	11411	0
chr1_KI270712v1_random	176043	2197	0
chr1_KI270713v1_random	40745	3952	0
chr1_KI270714v1_random	41717	1381	0
chr2	242193529	5648634	17
chr20	64444167	1288738	3
chr21	46709983	630558	7
chr22	50818468	1185428	3
chr22_KI270731v1_random	150754	10241	0
chr22_KI270732v1_random	41543	109	0
chr22_KI270733v1_random	179772	2142	1
chr22_KI270734v1_random	165050	11968	0
chr22_KI270735v1_random	42811	236	3
chr22_KI270736v1_random	181920	935	7
chr22_KI270737v1_random	103838	250	1
chr22_KI270738v1_random	99375	183	0
chr22_KI270739v1_random	73985	13	0
chr2_KI270715v1_random	161471	45	0
chr2_KI270716v1_random	153799	51	0
chr3	198295559	3762060	14
chr3_GL000221v1_random	155397	997	0
chr4	190214555	2738823	10
chr4_GL000008v2_random	209709	1278	2
chr5	181538259	3102399	16
chr5_GL000208v1_random	92689	62	0
chr6	170805979	2701834	6
chr7	159345973	3180972	18
chr8	145138636	1876721	13
chr9	138394717	2606468	10
chr9_KI270717v1_random	40062	412	0
chr9_KI270718v1_random	38054	1794	0
chr9_KI270719v1_random	176845	1824	0
chr9_KI270720v1_random	39050	2580	0
chr1_KI270762v1_alt	354444	5431	0
chr1_KI270766v1_alt	256271	28221	0
chr1_KI270760v1_alt	109528	185	0
chr1_KI270765v1_alt	185285	2496	0
chr1_GL383518v1_alt	182439	7561	0
chr1_GL383519v1_alt	110268	12838	0
chr1_GL383520v2_alt	366580	3181	0
chr1_KI270764v1_alt	50258	63	0
chr1_KI270763v1_alt	911658	16290	0
chr1_KI270759v1_alt	425601	3049	0
chr1_KI270761v1_alt	165834	14178	0
chr2_KI270770v1_alt	136240	185	0
chr2_KI270773v1_alt	70887	754	0
chr2_KI270774v1_alt	223625	1992	0
chr2_KI270769v1_alt	120616	2460	0
chr2_GL383521v1_alt	143390	120	0
chr2_KI270772v1_alt	133041	719	0
chr2_KI270775v1_alt	138019	95	0
chr2_KI270771v1_alt	110395	62	0
chr2_KI270768v1_alt	110099	1546	0
chr2_GL582966v2_alt	96131	3122	0
chr2_GL383522v1_alt	123821	5057	0
chr2_KI270776v1_alt	174166	1572	0
chr2_KI270767v1_alt	161578	560	0
chr3_JH636055v2_alt	173151	2600	0
chr3_KI270783v1_alt	109187	74	0
chr3_KI270780v1_alt	224108	645	0
chr3_GL383526v1_alt	180671	1247	0
chr3_KI270777v1_alt	173649	2918	1
chr3_KI270778v1_alt	248252	89	0
chr3_KI270781v1_alt	113034	115	0
chr3_KI270779v1_alt	205312	13743	0
chr3_KI270782v1_alt	162429	1048	0
chr3_KI270784v1_alt	184404	4704	0
chr4_KI270790v1_alt	220246	146	0
chr4_GL383528v1_alt	376187	157	0
chr4_KI270787v1_alt	111943	68	0
chr4_GL000257v2_alt	586476	18547	0
chr4_KI270788v1_alt	158965	93	0
chr4_GL383527v1_alt	164536	3106	0
chr4_KI270785v1_alt	119912	111	0
chr4_KI270789v1_alt	205944	463	0
chr4_KI270786v1_alt	244096	102	0
chr5_KI270793v1_alt	126136	603	0
chr5_KI270792v1_alt	179043	2133	0
chr5_KI270791v1_alt	195710	4125	0
chr5_GL383532v1_alt	82728	16	0
chr5_GL949742v1_alt	226852	140	0
chr5_KI270794v1_alt	164558	1302	0
chr5_GL339449v2_alt	1612928	59285	0
chr5_GL383530v1_alt	101241	52	0
chr5_KI270796v1_alt	172708	91	0
chr5_GL383531v1_alt	173459	105	0
chr5_KI270795v1_alt	131892	3901	0
chr6_GL000250v2_alt	4672374	21817	0
chr6_KI270800v1_alt	175808	1186	0
chr6_KI270799v1_alt	152148	44	0
chr6_GL383533v1_alt	124736	571	0
chr6_KI270801v1_alt	870480	7135	0
chr6_KI270802v1_alt	75005	142	0
chr6_KB021644v2_alt	185823	271	0
chr6_KI270797v1_alt	197536	2734	0
chr6_KI270798v1_alt	271782	2716	0
chr7_KI270804v1_alt	157952	329	0
chr7_KI270809v1_alt	209586	6163	0
chr7_KI270806v1_alt	158166	4328	0
chr7_GL383534v2_alt	119183	3024	0
chr7_KI270803v1_alt	1111570	20415	0
chr7_KI270808v1_alt	271455	1059	0
chr7_KI270807v1_alt	126434	241	0
chr7_KI270805v1_alt	209988	368	0
chr8_KI270818v1_alt	145606	241	0
chr8_KI270812v1_alt	282736	423	0
chr8_KI270811v1_alt	292436	424	0
chr8_KI270821v1_alt	985506	9091	0
chr8_KI270813v1_alt	300230	22235	0
chr8_KI270822v1_alt	624492	8557	0
chr8_KI270814v1_alt	141812	323	0
chr8_KI270810v1_alt	374415	226	0
chr8_KI270819v1_alt	133535	1015	0
chr8_KI270820v1_alt	36640	183	0
chr8_KI270817v1_alt	158983	932	0
chr8_KI270816v1_alt	305841	8179	0
chr8_KI270815v1_alt	132244	1284	0
chr9_GL383539v1_alt	162988	1105	0
chr9_GL383540v1_alt	71551	1341	0
chr9_GL383541v1_alt	171286	1099	0
chr9_GL383542v1_alt	60032	512	0
chr9_KI270823v1_alt	439082	2037	0
chr10_GL383545v1_alt	179254	1560	0
chr10_KI270824v1_alt	181496	870	0
chr10_GL383546v1_alt	309802	3421	0
chr10_KI270825v1_alt	188315	4098	0
chr11_KI270832v1_alt	210133	4820	0
chr11_KI270830v1_alt	177092	1425	0
chr11_KI270831v1_alt	296895	5209	0
chr11_KI270829v1_alt	204059	3015	0
chr11_GL383547v1_alt	154407	65	0
chr11_JH159136v1_alt	200998	8125	0
chr11_JH159137v1_alt	191409	2069	0
chr11_KI270827v1_alt	67707	106	0
chr11_KI270826v1_alt	186169	250	0
chr12_GL877875v1_alt	167313	2589	0
chr12_GL877876v1_alt	408271	7666	0
chr12_KI270837v1_alt	40090	1874	0
chr12_GL383549v1_alt	120804	58	0
chr12_KI270835v1_alt	238139	1097	0
chr12_GL383550v2_alt	169178	993	0
chr12_GL383552v1_alt	138655	717	0
chr12_GL383553v2_alt	152874	1978	0
chr12_KI270834v1_alt	119498	7273	0
chr12_GL383551v1_alt	184319	174	0
chr12_KI270833v1_alt	76061	2380	0
chr12_KI270836v1_alt	56134	76	0
chr13_KI270840v1_alt	191684	1041	0
chr13_KI270839v1_alt	180306	767	0
chr13_KI270843v1_alt	103832	43	0
chr13_KI270841v1_alt	169134	83	0
chr13_KI270838v1_alt	306913	1980	0
chr13_KI270842v1_alt	37287	39	0
chr14_KI270844v1_alt	322166	5080	0
chr14_KI270847v1_alt	1511111	26130	0
chr14_KI270845v1_alt	180703	797	0
chr14_KI270846v1_alt	1351393	37644	1
chr15_KI270852v1_alt	478999	15343	0
chr15_KI270851v1_alt	263054	13235	0
chr15_KI270848v1_alt	327382	5936	0
chr15_GL383554v1_alt	296527	4850	0
chr15_KI270849v1_alt	244917	4723	0
chr15_GL383555v2_alt	388773	2327	0
chr15_KI270850v1_alt	430880	4945	0
chr16_KI270854v1_alt	134193	1837	0
chr16_KI270856v1_alt	63982	102	0
chr16_KI270855v1_alt	232857	4963	0
chr16_KI270853v1_alt	2659700	116903	0
chr16_GL383556v1_alt	192462	8778	0
chr16_GL383557v1_alt	89672	1880	0
chr17_GL383563v3_alt	375691	1748	0
chr17_KI270862v1_alt	391357	3983	0
chr17_KI270861v1_alt	196688	10179	0
chr17_KI270857v1_alt	2877074	62214	0
chr17_JH159146v1_alt	278131	12261	0
chr17_JH159147v1_alt	70345	6044	0
chr17_GL383564v2_alt	133151	5287	0
chr17_GL000258v2_alt	1821992	46413	0
chr17_GL383565v1_alt	223995	146	0
chr17_KI270858v1_alt	235827	185	0
chr17_KI270859v1_alt	108763	180	0
chr17_GL383566v1_alt	90219	135	0
chr17_KI270860v1_alt	178921	2506	0
chr18_KI270864v1_alt	111737	65	0
chr18_GL383567v1_alt	289831	1308	0
chr18_GL383570v1_alt	164789	142	0
chr18_GL383571v1_alt	198278	1967	0
chr18_GL383568v1_alt	104552	62	0
chr18_GL383569v1_alt	167950	192	0
chr18_GL383572v1_alt	159547	366	0
chr18_KI270863v1_alt	167999	970	0
chr19_KI270868v1_alt	61734	757	0
chr19_KI270865v1_alt	52969	816	0
chr19_GL383573v1_alt	385657	1961	0
chr19_GL383575v2_alt	170222	1322	0
chr19_GL383576v1_alt	188024	1406	0
chr19_GL383574v1_alt	155864	1573	0
chr19_KI270866v1_alt	43156	1147	0
chr19_KI270867v1_alt	233762	2757	0
chr19_GL949746v1_alt	987716	11821	0
chr20_GL383577v2_alt	128386	154	0
chr20_KI270869v1_alt	118774	2252	0
chr20_KI270871v1_alt	58661	807	0
chr20_KI270870v1_alt	183433	4061	0
chr21_GL383578v2_alt	63917	56	0
chr21_KI270874v1_alt	166743	88	0
chr21_KI270873v1_alt	143900	357	0
chr21_GL383579v2_alt	201197	129	0
chr21_GL383580v2_alt	74653	1254	0
chr21_GL383581v2_alt	116689	3749	0
chr21_KI270872v1_alt	82692	1450	0
chr22_KI270875v1_alt	259914	5426	0
chr22_KI270878v1_alt	186262	1386	0
chr22_KI270879v1_alt	304135	18005	0
chr22_KI270876v1_alt	263666	2804	0
chr22_KI270877v1_alt	101331	1314	0
chr22_GL383583v2_alt	96924	1099	0
chr22_GL383582v2_alt	162811	5001	0
chrX_KI270880v1_alt	284869	626	2
chrX_KI270881v1_alt	144206	1833	0
chr19_KI270882v1_alt	248807	829	0
chr19_KI270883v1_alt	170399	705	0
chr19_KI270884v1_alt	157053	303	0
chr19_KI270885v1_alt	171027	564	0
chr19_KI270886v1_alt	204239	412	0
chr19_KI270887v1_alt	209512	854	0
chr19_KI270888v1_alt	155532	386	0
chr19_KI270889v1_alt	170698	576	0
chr19_KI270890v1_alt	184499	672	0
chr19_KI270891v1_alt	170680	601	0
chr1_KI270892v1_alt	162212	13733	0
chr2_KI270894v1_alt	214158	2845	0
chr2_KI270893v1_alt	161218	505	0
chr3_KI270895v1_alt	162896	6503	0
chr4_KI270896v1_alt	378547	5720	1
chr5_KI270897v1_alt	1144418	33414	0
chr5_KI270898v1_alt	130957	3988	0
chr6_GL000251v2_alt	4795265	56922	0
chr7_KI270899v1_alt	190869	3675	0
chr8_KI270901v1_alt	136959	170	0
chr8_KI270900v1_alt	318687	1000	0
chr11_KI270902v1_alt	106711	13841	0
chr11_KI270903v1_alt	214625	1735	0
chr12_KI270904v1_alt	572349	11433	0
chr15_KI270906v1_alt	196384	1964	0
chr15_KI270905v1_alt	5161414	84258	0
chr17_KI270907v1_alt	137721	289	0
chr17_KI270910v1_alt	157099	2168	0
chr17_KI270909v1_alt	325800	4326	0
chr17_JH159148v1_alt	88070	2050	0
chr17_KI270908v1_alt	1423190	30987	0
chr18_KI270912v1_alt	174061	160	0
chr18_KI270911v1_alt	157710	376	0
chr19_GL949747v2_alt	729520	5746	0
chr22_KB663609v1_alt	74013	2522	0
chrX_KI270913v1_alt	274009	1282	0
chr19_KI270914v1_alt	205194	570	0
chr19_KI270915v1_alt	170665	517	0
chr19_KI270916v1_alt	184516	688	0
chr19_KI270917v1_alt	190932	637	0
chr19_KI270918v1_alt	123111	482	0
chr19_KI270919v1_alt	170701	692	0
chr19_KI270920v1_alt	198005	983	0
chr19_KI270921v1_alt	282224	918	0
chr19_KI270922v1_alt	187935	780	0
chr19_KI270923v1_alt	189352	733	0
chr3_KI270924v1_alt	166540	7468	0
chr4_KI270925v1_alt	555799	900	0
chr6_GL000252v2_alt	4604811	54636	0
chr8_KI270926v1_alt	229282	1300	0
chr11_KI270927v1_alt	218612	10448	0
chr19_GL949748v2_alt	1064304	2894	0
chr22_KI270928v1_alt	176103	4864	0
chr19_KI270929v1_alt	186203	705	0
chr19_KI270930v1_alt	200773	524	0
chr19_KI270931v1_alt	170148	622	0
chr19_KI270932v1_alt	215732	514	0
chr19_KI270933v1_alt	170537	749	0
chr19_GL000209v2_alt	177381	813	0
chr3_KI270934v1_alt	163458	6512	0
chr6_GL000253v2_alt	4677643	46862	0
chr19_GL949749v2_alt	1091841	2823	0
chr3_KI270935v1_alt	197351	4915	0
chr6_GL000254v2_alt	4827813	48739	0
chr19_GL949750v2_alt	1066390	2850	0
chr3_KI270936v1_alt	164170	6406	0
chr6_GL000255v2_alt	4606388	52647	0
chr19_GL949751v2_alt	1002683	3055	0
chr3_KI270937v1_alt	165607	6099	0
chr6_GL000256v2_alt	4929269	52807	0
chr19_GL949752v1_alt	987100	13628	0
chr6_KI270758v1_alt	76752	322	0
chr19_GL949753v2_alt	796479	8940	0
chr19_KI270938v1_alt	1066800	16805	0
chrM	16569	11219	0
chrUn_KI270302v1	2274	2	0
chrUn_KI270304v1	2165	0	0
chrUn_KI270303v1	1942	4	0
chrUn_KI270305v1	1472	2	0
chrUn_KI270322v1	21476	4	0
chrUn_KI270320v1	4416	6	0
chrUn_KI270310v1	1201	4	0
chrUn_KI270316v1	1444	0	0
chrUn_KI270315v1	2276	2	0
chrUn_KI270312v1	998	0	0
chrUn_KI270311v1	12399	0	0
chrUn_KI270317v1	37690	0	0
chrUn_KI270412v1	1179	0	0
chrUn_KI270411v1	2646	0	0
chrUn_KI270414v1	2489	2	0
chrUn_KI270419v1	1029	0	0
chrUn_KI270418v1	2145	2	0
chrUn_KI270420v1	2321	0	0
chrUn_KI270424v1	2140	0	0
chrUn_KI270417v1	2043	0	0
chrUn_KI270422v1	1445	4	0
chrUn_KI270423v1	981	2	0
chrUn_KI270425v1	1884	0	0
chrUn_KI270429v1	1361	0	0
chrUn_KI270442v1	392061	3571	4
chrUn_KI270466v1	1233	60	0
chrUn_KI270465v1	1774	8	0
chrUn_KI270467v1	3920	228	0
chrUn_KI270435v1	92983	128	0
chrUn_KI270438v1	112505	3371	2
chrUn_KI270468v1	4055	8	0
chrUn_KI270510v1	2415	0	0
chrUn_KI270509v1	2318	0	0
chrUn_KI270518v1	2186	4	0
chrUn_KI270508v1	1951	6	0
chrUn_KI270516v1	1300	0	0
chrUn_KI270512v1	22689	31	0
chrUn_KI270519v1	138126	117	0
chrUn_KI270522v1	5674	0	0
chrUn_KI270511v1	8127	6	0
chrUn_KI270515v1	6361	12	0
chrUn_KI270507v1	5353	0	0
chrUn_KI270517v1	3253	5	0
chrUn_KI270529v1	1899	0	0
chrUn_KI270528v1	2983	3	0
chrUn_KI270530v1	2168	0	0
chrUn_KI270539v1	993	0	0
chrUn_KI270538v1	91309	94	0
chrUn_KI270544v1	1202	2	0
chrUn_KI270548v1	1599	0	0
chrUn_KI270583v1	1400	0	0
chrUn_KI270587v1	2969	2	0
chrUn_KI270580v1	1553	2	0
chrUn_KI270581v1	7046	8	0
chrUn_KI270579v1	31033	6	0
chrUn_KI270589v1	44474	74	0
chrUn_KI270590v1	4685	16	0
chrUn_KI270584v1	4513	12	0
chrUn_KI270582v1	6504	4	0
chrUn_KI270588v1	6158	4	0
chrUn_KI270593v1	3041	2	0
chrUn_KI270591v1	5796	23	0
chrUn_KI270330v1	1652	28	0
chrUn_KI270329v1	1040	0	0
chrUn_KI270334v1	1368	0	0
chrUn_KI270333v1	2699	14	0
chrUn_KI270335v1	1048	0	0
chrUn_KI270338v1	1428	0	0
chrUn_KI270340v1	1428	2	0
chrUn_KI270336v1	1026	4	0
chrUn_KI270337v1	1121	31	0
chrUn_KI270363v1	1803	2	0
chrUn_KI270364v1	2855	0	0
chrUn_KI270362v1	3530	0	0
chrUn_KI270366v1	8320	11	0
chrUn_KI270378v1	1048	0	0
chrUn_KI270379v1	1045	0	0
chrUn_KI270389v1	1298	0	0
chrUn_KI270390v1	2387	0	0
chrUn_KI270387v1	1537	0	0
chrUn_KI270395v1	1143	0	0
chrUn_KI270396v1	1880	4	0
chrUn_KI270388v1	1216	0	0
chrUn_KI270394v1	970	0	0
chrUn_KI270386v1	1788	0	0
chrUn_KI270391v1	1484	0	0
chrUn_KI270383v1	1750	0	0
chrUn_KI270393v1	1308	0	0
chrUn_KI270384v1	1658	0	0
chrUn_KI270392v1	971	0	0
chrUn_KI270381v1	1930	2	0
chrUn_KI270385v1	990	0	0
chrUn_KI270382v1	4215	0	0
chrUn_KI270376v1	1136	0	0
chrUn_KI270374v1	2656	4	0
chrUn_KI270372v1	1650	0	0
chrUn_KI270373v1	1451	2	0
chrUn_KI270375v1	2378	0	0
chrUn_KI270371v1	2805	0	0
chrUn_KI270448v1	7992	8	0
chrUn_KI270521v1	7642	6	0
chrUn_GL000195v1	182896	621	0
chrUn_GL000219v1	179198	2052	0
chrUn_GL000220v1	161802	1756	0
chrUn_GL000224v1	179693	1619	0
chrUn_KI270741v1	157432	97	0
chrUn_GL000226v1	15008	39	0
chrUn_GL000213v1	164239	10285	0
chrUn_KI270743v1	210658	758	0
chrUn_KI270744v1	168472	5701	0
chrUn_KI270745v1	41891	60	0
chrUn_KI270746v1	66486	13758	0
chrUn_KI270747v1	198735	374	0
chrUn_KI270748v1	93321	97	0
chrUn_KI270749v1	158759	1590	0
chrUn_KI270750v1	148850	3247	0
chrUn_KI270751v1	150742	828	0
chrUn_KI270752v1	27745	0	0
chrUn_KI270753v1	62944	101	0
chrUn_KI270754v1	40191	1306	0
chrUn_KI270755v1	36723	12	0
chrUn_KI270756v1	79590	129	1
chrUn_KI270757v1	71251	115	1
chrUn_GL000214v1	137718	1030	0
chrUn_KI270742v1	186739	1436	0
chrUn_GL000216v2	176608	1853	2
chrUn_GL000218v1	161147	2015	0
chrX	156040895	4238539	11
chrY	57227415	62994	15
chrY_KI270740v1_random	37240	2	0
*	0	0	49110
