# This file was produced by samtools stats (1.23+htslib-1.23) and can be plotted using plot-bamstats
# This file contains statistics for all reads.
# The command line was:  stats data/AFR/MSL/HG03076/aligned/HG03076.bam
# CHK, Checksum	[2]Read Names	[3]Sequences	[4]Qualities
# CHK, CRC32 of reads which passed filtering followed by addition (32bit overflow)
CHK	9a71a38b	1a363878	086f5739
# Summary Numbers. Use `grep ^SN | cut -f 2-` to extract this part.
SN	raw total sequences:	8793154	# excluding supplementary and secondary reads
SN	filtered sequences:	0
SN	sequences:	8793154
SN	is sorted:	1	# sorted by coordinate
SN	1st fragments:	4396577
SN	last fragments:	4396577
SN	reads mapped:	8791908
SN	reads mapped and paired:	8791636	# paired-end technology bit set + both mates mapped
SN	reads unmapped:	1246
SN	reads properly paired:	8729790	# proper-pair bit set
SN	reads paired:	8793154	# paired-end technology bit set
SN	reads duplicated:	0	# PCR or optical duplicate bit set
SN	reads MQ0:	908888	# mapped and MQ=0
SN	reads QC failed:	0
SN	non-primary alignments:	0
SN	supplementary alignments:	2300
SN	total length:	667473974	# ignores clipping
SN	total first fragment length:	333736987	# ignores clipping
SN	total last fragment length:	333736987	# ignores clipping
SN	bases mapped:	667380370	# ignores clipping
SN	bases mapped (cigar):	666943489	# more accurate
SN	bases trimmed:	0
SN	bases duplicated:	0
SN	mismatches:	1133352	# from NM fields
SN	error rate:	1.699322e-03	# mismatches / bases mapped (cigar)
SN	average length:	76
SN	average first fragment length:	76
SN	average last fragment length:	76
SN	maximum length:	76
SN	maximum first fragment length:	76
SN	maximum last fragment length:	76
SN	average quality:	37.8
SN	insert size average:	157.5
SN	insert size standard deviation:	52.4
SN	inward oriented pairs:	4373474
SN	outward oriented pairs:	932
SN	pairs with other orientation:	1112
SN	pairs on different chromosomes:	20300
SN	percentage of properly paired reads (%):	99.3
# First Fragment Qualities. Use `grep ^FFQ | cut -f 2-` to extract this part.
# Columns correspond to qualities and rows to cycles. First column is the cycle number.
FFQ	1	0	0	3097	0	0	0	0	230	0	0	3947	0	120	0	0	46	8427	0	194	34	340	0	2653	8513	418	12074	28758	46425	39855	3124	150800	882820	0	312118	2892584	0	0	0	0	0	0	0	0
FFQ	2	0	0	12	0	0	0	0	208	0	0	3554	0	114	0	0	104	10285	0	173	697	304	0	3538	7596	389	10583	27063	51647	35380	3036	132143	779834	0	163702	3166215	0	0	0	0	0	0	0	0
FFQ	3	0	0	72	0	0	0	0	197	0	0	3301	0	91	0	0	52	7579	0	170	23	322	0	3859	7011	394	10549	25484	52255	37439	3108	129055	748626	0	156740	3210250	0	0	0	0	0	0	0	0
FFQ	4	0	0	278	0	0	0	0	193	0	0	2935	0	111	0	0	0	3203	1068	176	2859	296	0	3201	317	347	6735	11415	4910	16495	586	34048	8819	54914	71707	0	597191	0	3574773	0	0	0	0	0
FFQ	5	0	0	2636	0	0	0	0	512	0	0	5969	0	168	0	0	0	5149	1879	235	4552	389	0	4517	315	392	10075	15112	5183	20097	545	39769	6572	57235	81139	0	620017	0	3514120	0	0	0	0	0
FFQ	6	0	0	11507	0	0	0	1	159	1113	0	4185	1227	35	167	12	972	947	6818	1962	1811	62	459	1859	3429	194	10623	12115	4297	15010	7020	34718	8852	61708	73272	9	574671	59700	3497663	0	0	0	0	0
FFQ	7	0	0	380	0	0	0	9	196	1166	0	4520	1311	165	213	14	1012	994	16518	2126	3502	53	520	1932	3704	219	10850	12419	5111	14241	7490	35726	8620	60725	72879	8	558189	57500	3514265	0	0	0	0	0
FFQ	8	0	0	26366	0	0	6	5	177	1301	0	5084	1364	44	210	12	1107	1049	8238	2177	1825	48	573	1931	3914	178	10709	11820	6065	13467	7151	35433	8367	60856	72047	15	556219	57058	3501761	0	0	0	0	0
FFQ	9	0	0	7304	0	0	7	9	237	1295	0	5082	1464	119	198	15	1178	1109	18817	7789	4691	67	561	2015	3702	187	11275	4962	15940	12449	7561	36157	6818	51183	48963	37908	172399	109	317496	168340	3449171	0	0	0
FFQ	10	0	0	1292	0	0	7	9	248	1264	1	4773	1361	179	224	18	1151	1020	12936	4023	2892	85	600	1981	3825	202	12425	4934	22601	9447	7265	36785	8237	61582	49652	38202	172397	88	316080	170921	3447870	0	0	0
FFQ	11	0	0	0	0	0	8	15	262	1293	2	4759	1329	196	226	15	1130	1034	11256	2992	2268	160	569	2102	3757	338	11917	4943	25078	6319	8058	37481	9322	51755	49594	38615	174133	128	320377	173271	3451875	0	0	0
FFQ	12	0	0	134	0	0	15	15	239	1410	11	5197	1474	149	220	16	1240	1042	9483	2608	2043	209	606	2088	3999	405	11930	5214	24940	4491	8220	38411	12693	50867	49818	37685	174199	166	315378	174497	3455465	0	0	0
FFQ	13	0	0	0	0	0	13	17	250	1288	15	4807	1304	125	219	24	1193	1045	8294	2423	1894	206	658	2170	3905	510	11705	5214	25544	4030	7808	40007	13460	51415	49982	37425	174260	173	315831	176212	3453151	0	0	0
FFQ	14	0	0	0	0	0	18	16	216	1360	24	4808	1338	73	242	26	216	1684	8267	2264	1970	179	701	2142	1941	2554	11463	5169	24970	3506	7676	23330	30788	40259	49928	40151	35075	108779	88805	257678	212108	601044	2825809	0
FFQ	15	0	0	0	0	0	12	21	195	1317	39	4865	1375	83	227	28	279	1795	8168	2276	1945	164	760	2183	2038	2587	11741	5125	24973	3129	7785	23881	30742	40088	50451	39596	35906	108848	89014	258921	211796	602717	2821507	0
FFQ	16	0	0	0	0	0	18	21	184	1468	60	4878	1385	86	244	25	301	1791	8208	2241	1944	150	836	2103	2047	2723	12010	5321	25232	3267	7893	24572	30720	39947	50991	39777	37338	108611	88844	259273	210933	606645	2814490	0
FFQ	17	0	0	0	0	0	17	18	181	1402	95	4900	1328	87	268	27	324	1835	8307	2270	2052	179	815	2101	2204	2888	11909	5194	24550	3281	7894	24833	30741	39620	51025	39850	38421	108986	89775	259359	211395	608899	2809547	0
FFQ	18	0	0	0	0	0	21	29	198	1440	115	4811	1389	86	269	57	344	1892	8002	2311	2136	183	837	2118	2181	3035	11886	5509	24737	3287	8171	25676	30583	40087	51558	40175	40570	108788	89811	261137	212809	612228	2798111	0
FFQ	19	0	0	0	0	0	25	39	250	1715	188	5523	1579	97	277	54	515	1905	984	10909	2126	190	906	2228	2445	3410	11914	5527	25581	3492	8086	26339	30939	40045	35242	58642	42140	89403	96005	217281	238822	629347	2802407	0
FFQ	20	0	0	6	0	0	19	44	260	1588	207	4691	1281	108	258	51	568	1859	1159	10188	2119	232	982	2168	2639	3678	11809	5506	25211	3543	8492	27313	30851	39993	35469	58428	43890	89908	96977	219221	244419	629591	2791851	0
FFQ	21	0	0	0	0	0	26	47	203	1589	271	4719	1228	111	284	59	599	1963	1465	9281	2095	253	947	2224	2884	4117	11665	5636	24207	3549	8279	28018	30507	39022	36065	58146	45722	90057	97671	220325	250996	629219	2783128	0
FFQ	22	0	0	0	0	0	14	61	264	1713	363	4597	1188	107	284	66	679	2254	1693	8520	2162	298	1133	2287	3026	4705	11378	5808	23831	3695	8235	29347	30763	38308	36644	57656	48221	90549	98167	223041	255725	631566	2768229	0
FFQ	23	0	0	1	0	0	30	62	258	1789	518	4687	1106	125	295	95	831	2509	2076	7806	2196	345	1152	2285	3346	5240	11229	6170	23609	3937	8559	30571	30933	37930	37398	58341	51069	90654	98592	225874	261716	631626	2751617	0
FFQ	24	0	0	1	0	0	32	79	280	1994	702	4563	1121	145	291	89	867	2780	2478	7218	2298	387	1291	2311	3551	6158	11195	6194	22901	3867	8734	32617	31099	37448	38114	58366	54173	91401	100539	231376	254944	600286	2774687	0
FFQ	25	0	0	2	0	0	35	91	314	2138	885	4655	988	164	310	117	1084	3068	3026	6476	2306	415	1467	2289	3802	7155	10997	6376	22550	4178	9002	34437	31240	36383	39661	58430	57705	91096	100533	235434	255780	611667	2750321	0
FFQ	26	0	0	2	0	0	44	117	276	2226	1184	4445	903	166	296	131	1261	3328	3323	5471	2326	466	1624	2341	4090	8147	10535	6593	21626	4375	8897	36238	30955	35410	39834	57910	60909	91253	101084	237524	254865	625681	2730721	0
FFQ	27	0	0	2	0	0	51	125	310	2569	1505	4342	747	201	317	168	1495	3858	3699	4799	2379	510	1801	2441	4470	8992	10546	6710	20818	4728	9161	38825	30768	34902	41200	57752	65480	91764	101304	241303	251343	639526	2705666	0
FFQ	28	0	0	3	0	0	58	196	446	3557	2383	5128	664	228	367	211	1913	5038	4648	4466	2601	614	1966	2440	4724	10216	11261	7175	20293	4918	9334	41454	31166	34087	42720	57743	70032	91528	102178	244368	250605	652295	2673553	0
FFQ	29	0	0	6	0	0	55	183	368	2955	2250	3607	370	253	397	216	2098	5236	4239	3739	2542	702	2106	2515	4770	10655	11860	7200	19459	5240	9267	44167	30909	32540	44155	57772	75600	90471	103062	247840	247675	664565	2655533	0
FFQ	30	0	0	7	0	0	63	198	452	3171	2773	3236	228	235	409	239	2274	5259	3605	3296	2473	807	2064	2570	4936	11233	11595	7577	18054	5446	9749	46803	30481	31118	45456	57520	81290	90726	104903	252329	244985	674534	2634483	0
FFQ	31	0	0	8	0	0	64	228	520	3428	3271	2702	138	288	460	286	2530	5784	2998	3132	2545	908	2283	2684	5056	11688	12250	7795	16936	5658	10090	48981	30271	29208	47384	56778	87630	89932	106397	259808	242714	683769	2609975	0
FFQ	32	0	0	9	0	0	77	387	760	5421	5692	3099	131	408	559	429	3535	7701	2989	3542	2808	994	2663	2879	5468	12786	13822	8183	16421	6259	10404	53287	30892	28510	49264	57553	94641	89843	108407	265064	239776	689449	2572310	0
FFQ	33	0	0	6	0	0	91	282	659	3667	4384	1613	111	423	580	426	3865	7438	2214	3123	2565	1124	2716	3126	5552	12718	15999	8449	15396	6663	10170	56841	30972	27511	51244	57214	102203	88589	111251	269948	239278	694444	2553425	0
FFQ	34	0	0	7	0	0	75	346	758	3826	4753	1025	122	397	652	487	3671	6584	1450	3384	2583	1161	2953	3205	5756	12786	14691	8819	14431	7089	10642	57867	30566	26495	54055	56862	110064	87738	113602	277384	239414	703257	2527188	0
FFQ	35	0	0	7	0	0	108	406	867	3886	5241	633	124	441	663	561	3914	6518	988	3398	2655	1393	3038	3193	5882	13083	14411	9341	13990	7666	10803	58337	30367	25819	55949	55673	117670	85716	117505	280385	239201	708776	2507387	0
FFQ	36	0	0	8	0	0	113	412	997	3939	5362	371	135	492	721	607	4169	6070	756	3408	2705	1499	3223	3314	6134	13222	14338	9672	13582	8136	11252	58686	30700	25687	58487	54417	126267	83815	119897	282345	240286	717197	2483435	0
FFQ	37	0	0	7	0	0	111	477	1011	3924	5600	212	178	561	787	696	4647	5692	653	3530	2798	1600	3471	3633	6287	13666	13923	10318	13337	8991	11568	59197	31426	26206	60670	54360	135319	82919	122202	284647	242083	725856	2453186	0
FFQ	38	0	0	10	0	0	148	551	1180	4091	5752	161	212	580	947	796	4986	5239	639	3773	2944	1787	3702	3861	6862	14127	13582	10887	13766	9675	12126	59164	32088	27141	63938	54442	143398	82656	126897	288754	244524	733150	2417096	0
FFQ	39	0	0	11	0	0	147	593	1440	3883	5848	137	199	661	1029	883	5333	4813	689	3750	2855	1892	3489	4137	7546	14315	13030	11225	14209	10493	12842	59525	32399	28008	66887	54980	152795	82890	130666	280874	259087	740697	2381270	0
FFQ	40	0	0	11	0	0	154	708	1505	3920	5799	123	248	779	1140	1013	5608	4229	791	3919	3002	2100	3741	4482	7941	14452	12395	11895	14158	11626	13277	58903	33556	28440	69807	55415	161884	83474	136380	282949	263891	746942	2344737	0
FFQ	41	0	0	17	0	0	181	743	1699	4003	5831	146	283	825	1346	1198	6035	3571	823	4095	3108	2221	3937	4583	8561	14715	11321	12690	14345	12387	13602	58544	34490	30179	73038	56148	171369	84986	140694	284703	269548	752246	2307064	0
FFQ	42	0	0	22	0	0	222	826	1927	4002	5804	162	316	924	1450	1278	6203	3186	1010	4179	3165	2462	4056	4944	9116	15298	10723	13509	14654	13618	14174	57367	35438	30522	75663	57460	180113	87822	147322	284931	274651	755622	2271017	0
FFQ	43	0	0	27	0	0	220	1036	2270	4648	6485	184	398	1118	1815	1569	7314	2950	1067	4435	3486	2686	4343	5362	9896	15962	9987	14092	15140	15081	15155	57678	36900	32244	78718	59016	190685	91129	153446	288177	280828	756676	2222810	0
FFQ	44	0	0	33	0	0	263	947	2458	4465	5948	207	407	1191	2037	1656	7390	2475	1160	4610	3349	2981	4468	6019	10685	16445	9651	15293	15155	16189	15495	57235	37943	33820	82115	61393	201381	94786	161013	289684	288476	758335	2177777	0
FFQ	45	0	0	42	0	0	284	1268	3024	4983	6733	252	464	1333	2556	2087	8242	2209	1454	4322	3571	4584	3745	6172	12245	16952	9442	16254	15319	17896	16414	56904	39435	35331	84788	64175	212925	99316	168408	290213	292942	765873	2122685	0
FFQ	46	0	0	49	0	0	208	877	2086	3364	4516	230	517	1282	2661	1980	7619	1605	1248	3406	2483	4467	3227	5990	11625	14835	8373	14746	12728	18460	14286	54766	35737	32431	81067	59399	225778	93726	173135	245043	327175	658346	2265288	0
FFQ	47	0	0	343	0	0	228	875	2109	3129	3840	218	490	1196	2584	1987	6535	1212	1200	3432	2642	4556	3198	6264	12219	14585	7185	15161	13082	19392	14661	52554	36632	34223	81578	61179	241315	98500	177432	235990	322184	616271	2294493	0
FFQ	48	0	0	780	0	0	265	901	2257	3154	3674	267	465	1266	2648	2019	5794	894	1255	3559	2799	4814	3292	6475	12692	14223	6322	16015	12918	20597	15202	50749	37758	34756	81895	64403	257578	104312	186489	229920	323365	585810	2293010	0
FFQ	49	0	0	1440	0	0	254	1003	2399	3238	3341	254	494	1202	2716	1995	5180	807	1167	3589	2731	5079	3440	6701	11526	15031	5267	16816	14009	21609	16081	49267	38831	36306	81757	67507	273642	112002	194928	206255	349190	569139	2268323	0
FFQ	50	0	0	2185	0	0	284	1036	2644	3425	3331	255	547	1314	2848	2186	4727	687	1344	3847	2742	5456	3349	7095	12122	14874	4707	17688	14088	23101	16776	48230	40123	37595	82487	72144	294046	118658	205917	202789	357713	554722	2227357	0
FFQ	51	0	0	3185	0	0	269	1061	2739	3463	3152	288	538	1412	3278	2284	4386	646	1463	4013	2891	5789	3431	7684	12824	14867	4246	18809	14244	24613	17755	47473	41774	39099	83540	77256	316114	125968	217130	199734	369510	541999	2175417	0
FFQ	52	0	0	4386	0	0	309	1120	2800	3579	2867	296	668	1339	3426	2399	3959	653	1425	4134	2687	6002	3461	7995	13149	14390	3935	19323	14275	26154	18254	46532	43117	40360	84861	82396	339308	134560	228813	195054	382368	529433	2124461	0
FFQ	53	0	0	5753	0	0	328	1065	2913	3731	2620	387	688	1327	3739	2482	3485	631	1524	4149	2745	6492	3544	8227	13641	14132	3869	20242	14403	27981	19415	45847	44734	42266	86082	88294	364128	143026	240657	191820	394354	516929	2066504	0
FFQ	54	0	0	7173	0	0	301	1040	2872	3661	2237	386	692	1414	3825	2340	3096	648	1570	4290	2661	6776	3580	8644	13855	13388	3720	21170	14282	28924	20083	45208	46251	43621	86960	93769	393073	152428	252453	187770	407202	500992	2011686	0
FFQ	55	0	0	8819	0	0	324	1049	2969	3751	1993	411	711	1393	3917	2494	2653	636	1593	4616	2605	6740	3911	9010	14097	9900	6625	21380	14288	30314	20957	44287	47544	45458	87218	99711	424571	162355	262481	185095	420643	486713	1950675	0
FFQ	56	0	0	10599	0	0	321	1068	3108	3920	1721	421	809	1352	4136	2338	2328	640	1612	4706	2620	7003	4039	9514	14467	9238	6775	22735	14259	31748	21996	44119	49330	46910	88629	106087	457351	173198	275249	181509	433937	470770	1883152	0
FFQ	57	0	0	12501	0	0	363	1031	3111	3983	1546	458	839	1363	4268	2357	2205	635	1681	4913	2631	7480	4222	9701	14851	8663	6999	23605	14384	32586	23275	43894	50799	48907	89866	112172	494022	184192	288637	176572	446964	454382	1813440	0
FFQ	58	0	0	14467	0	0	380	1043	3031	4049	1198	521	904	1291	4414	2198	1933	578	1744	5097	2535	7887	4295	10398	15003	8331	7167	24572	14311	33592	24376	43978	52785	50455	91529	118930	532110	195218	302701	170761	460508	437029	1741907	0
FFQ	59	0	0	16647	0	0	400	1032	3091	4083	995	504	948	1349	4502	1981	1784	583	1778	5219	2453	7388	3967	11951	13247	6986	6824	28269	14381	34311	25109	38378	60451	52296	93416	126179	572862	207275	317167	164187	471378	417269	1672278	0
FFQ	60	0	0	18941	0	0	407	1030	3137	4182	761	540	1041	1319	4501	1860	1646	539	1822	5397	2387	7743	3988	12523	12891	6761	7202	29479	14547	34934	26324	38956	62114	54395	95183	132849	616998	219809	331729	159696	484761	399460	1590661	0
FFQ	61	0	0	21298	0	0	409	965	3237	4223	605	582	1010	1254	4574	1646	1605	518	1805	5597	2246	8124	4129	12779	12802	6461	7407	30666	14906	35113	27550	39796	63903	56224	97724	140301	662965	233225	346701	154237	496755	380747	1507911	0
FFQ	62	0	0	23922	0	0	434	1011	3026	4075	421	613	1058	1234	4471	1500	1610	523	1932	5928	2162	8202	4054	13374	12286	6296	7697	31416	15094	35138	28520	40747	64908	57904	99807	147123	711226	247217	361863	147452	510585	359662	1426838	0
FFQ	63	0	0	26735	0	0	425	930	3179	4032	322	621	1104	1175	4414	1334	1594	536	1905	6049	2109	8549	4190	13685	12123	5901	8088	32418	15281	35094	29877	41575	66476	59636	102134	154239	763138	260800	376786	140368	521111	339769	1342794	0
FFQ	64	0	0	29674	0	0	420	915	3249	4185	222	631	1119	1097	4430	1206	1664	495	1983	6326	1994	8998	4207	14021	11677	6010	8425	33415	15818	34815	31060	43066	67779	61873	105014	161643	817795	275972	390431	133414	530387	317792	1256195	0
FFQ	65	0	0	32734	0	0	481	851	3224	3884	136	678	1172	1084	4323	1105	1498	612	2128	4815	3177	9244	4224	12371	12856	6024	8865	33621	12061	34506	36472	44662	69466	63233	108146	169302	873260	291054	404551	125813	539956	295453	1171047	0
FFQ	66	0	0	36171	0	0	490	764	3170	3565	90	738	1135	1090	4072	993	1509	609	2101	4974	3220	9259	4127	12690	12482	5927	9164	34130	12378	34009	37393	46088	69916	65345	111521	176832	932356	306947	417961	117882	547483	273709	1084094	0
FFQ	67	0	0	39950	0	0	479	755	3124	3411	43	710	1148	1056	3800	853	1578	640	2183	5122	3198	9481	4198	12721	12096	6044	9421	35163	12637	32818	39102	48127	70700	67189	114869	184627	994257	321635	431183	110661	551971	251138	996127	0
FFQ	68	0	0	44192	0	0	457	667	3027	3229	34	681	1106	928	3591	725	1565	591	2278	5278	3150	9644	4131	12745	11851	6065	10125	35740	12928	31627	40856	49535	71668	68567	118667	192844	1056907	337129	442769	102842	556103	229484	908076	0
FFQ	69	0	0	48897	0	0	465	611	3010	3066	12	755	1164	957	3444	626	1682	616	2223	5059	3145	9822	4143	12807	11369	6166	10613	36166	13178	30512	42094	51343	73119	69926	123100	201634	1120268	352947	454707	95552	556650	208414	818549	0
FFQ	70	0	0	54272	0	0	393	561	2791	2654	6	745	1007	871	3047	550	1644	625	2146	5179	2950	10021	3985	10149	9058	10947	10774	36508	13301	28959	43382	53327	73373	71486	127124	209962	1187273	366970	465966	87168	555550	186579	733858	0
FFQ	71	0	0	60469	0	0	395	470	2539	2200	3	691	972	766	2718	487	1715	558	2215	5077	3014	9831	3813	9389	8675	11154	11232	36051	13799	27884	44857	55172	73588	73020	130940	218468	1255293	381068	476689	79504	549180	165562	651577	0
FFQ	72	0	0	67962	0	0	369	376	2278	1965	1	645	862	629	2215	383	1689	559	2275	5289	2895	10076	3702	8958	8476	11587	11808	36739	14296	26562	45892	56233	74143	74830	136073	226828	1322783	394079	484276	72290	539285	145538	571348	0
FFQ	73	0	0	76859	0	0	278	372	2179	1813	3	533	677	534	1858	300	1736	526	2160	4901	2817	9830	3626	8287	8251	11581	11939	36756	14636	25085	47386	57993	74479	75842	139733	235665	1391601	407494	491514	63672	526806	126082	494818	0
FFQ	74	0	0	86669	0	0	78	105	812	806	4	321	444	298	1187	201	1560	549	2116	4787	2664	9957	3310	7354	7983	11598	12108	35960	14905	23443	48424	58835	74547	77009	144745	244070	1463276	420650	494240	57162	510579	107546	423796	0
FFQ	75	0	0	97399	0	0	0	9	54	199	0	3	11	24	321	43	1653	546	2122	5109	2561	9732	3168	6792	7946	11944	12729	29761	21388	22186	49722	59976	75507	78824	149028	253877	1530930	432345	496194	50928	487668	91421	354704	0
FFQ	76	0	0	110816	0	0	0	0	0	0	0	0	0	0	0	0	3314	1319	4532	11715	4971	16760	5642	10394	12742	18818	21457	45061	30865	27889	73352	79034	105607	105341	207167	376715	1415128	407068	454546	101147	374708	119427	193302	0
# Last Fragment Qualities. Use `grep ^LFQ | cut -f 2-` to extract this part.
# Columns correspond to qualities and rows to cycles. First column is the cycle number.
LFQ	1	0	0	9	0	0	0	0	551	0	0	9297	0	298	0	0	141	17834	0	237	63	323	0	3633	14425	389	21663	38588	40842	52215	2616	177584	1022564	0	226104	2767201	0	0	0	0	0	0	0	0
LFQ	2	0	0	1	0	0	0	0	595	0	0	11119	0	278	0	0	172	18543	0	194	22	339	0	5172	13093	347	18054	37033	49534	46370	2437	157296	919838	0	113327	3002813	0	0	0	0	0	0	0	0
LFQ	3	0	0	1627	0	0	0	0	696	0	0	9380	0	241	0	0	180	18956	0	229	201	325	0	5689	13106	311	19007	37669	52258	45590	2538	155159	862228	0	120359	3050828	0	0	0	0	0	0	0	0
LFQ	4	0	0	7	0	0	0	0	628	0	0	8788	0	299	0	0	0	5608	4095	199	9549	323	0	4923	378	313	12176	15523	6554	25807	524	41455	1422	68187	91144	0	651548	0	3447127	0	0	0	0	0
LFQ	5	0	0	822	0	0	0	0	656	0	0	9171	0	261	0	0	0	6472	3726	217	8159	338	0	5543	349	313	12661	17544	7004	26051	573	43893	1563	67771	91236	0	651949	0	3440305	0	0	0	0	0
LFQ	6	0	0	0	0	0	0	4	216	1600	0	6059	1467	75	239	18	1439	1326	10317	2655	2182	63	641	2653	4630	222	13429	14927	6172	18287	8672	42587	10212	73701	81775	17	596586	56408	3437998	0	0	0	0	0
LFQ	7	0	0	0	0	0	2	16	192	1736	0	6653	1608	85	260	12	1494	1416	10481	2793	2229	95	646	2683	4737	249	13928	15368	6800	18063	8805	43371	10500	73543	82900	28	608595	58754	3418535	0	0	0	0	0
LFQ	8	0	0	0	0	0	5	12	198	1604	0	5770	1480	81	233	14	1479	1342	9574	2682	2037	90	740	2721	4542	263	13457	14859	8341	16723	8521	42223	10576	72585	82025	27	601492	58838	3432043	0	0	0	0	0
LFQ	9	0	0	0	0	0	4	22	218	1924	0	7233	1812	80	234	15	1620	1401	10033	2879	2210	97	786	2746	4630	264	13773	6267	19473	13921	8734	43275	8223	58362	55508	42685	190261	121	336335	191976	3369455	0	0	0
LFQ	10	0	0	1	0	0	7	11	228	1642	1	6047	1529	78	240	15	1620	1376	10056	3094	2364	126	758	2781	4624	295	13981	6390	23177	11099	8955	43816	8385	59611	55851	42290	191117	110	335388	201969	3357545	0	0	0
LFQ	11	0	0	2	0	0	9	12	225	1779	2	6233	1614	72	222	23	1502	1486	9559	3044	2370	147	811	2898	4814	303	14346	6344	27430	6891	9061	44163	8243	59977	56303	43312	192690	115	336327	198739	3355509	0	0	0
LFQ	12	0	0	0	0	0	10	12	225	1764	15	6640	1634	76	234	24	1549	1462	9903	3006	2383	121	824	2908	4907	334	14358	6439	29580	4452	9157	44665	8079	59760	57089	42505	193484	149	336814	206243	3345772	0	0	0
LFQ	13	0	0	0	0	0	17	13	216	1686	22	6305	1614	66	229	30	1563	1488	9743	2935	2437	126	888	2814	4874	392	14515	6545	30588	4134	9006	44881	8144	60488	57358	42484	194654	189	338272	210680	3337181	0	0	0
LFQ	14	0	0	19	0	0	21	20	236	1709	44	6155	1566	95	258	30	320	2264	9691	2954	2275	152	920	2809	2382	2912	14161	6488	29827	3980	8945	23763	28169	47483	56807	46279	37502	122325	96411	275119	214535	640087	2707864	0
LFQ	15	0	0	1	0	0	31	28	281	1880	52	6929	1748	95	245	31	396	2459	10274	3159	2397	166	959	2898	2602	3069	14546	6743	29995	4069	9025	24609	28495	47293	57603	45449	39124	122904	96168	277144	213532	643964	2696214	0
LFQ	16	0	0	1	0	0	36	33	251	2228	99	7902	1977	86	247	50	444	2723	11753	3494	2565	175	1038	2994	2839	3497	14561	6916	30655	4196	9306	25148	28804	47589	58590	45589	40264	122831	95945	278065	212348	649305	2682033	0
LFQ	17	0	0	4	0	0	20	22	221	1872	115	6455	1618	100	256	46	502	2601	10739	3512	2560	182	1073	2799	3000	3688	14616	6901	31036	4234	9547	25649	28805	48257	59376	46374	41901	123126	96652	279767	213741	655116	2670094	0
LFQ	18	0	0	0	0	0	34	40	268	2071	190	6744	1725	121	241	42	593	2822	9832	3390	2662	239	1183	2913	3163	4163	14962	7302	29893	4268	9594	26635	29021	47878	60132	47126	43650	124231	98265	282174	214016	657399	2657595	0
LFQ	19	0	0	0	0	0	29	44	248	2017	217	6573	1489	123	260	61	643	2374	1129	12018	2538	247	1190	2903	3231	4319	14701	7116	29514	4402	9650	27488	28911	46307	40450	65682	45109	100905	106376	236917	245712	676980	2668704	0
LFQ	20	0	0	0	0	0	30	51	281	2093	327	6448	1503	121	255	64	686	2547	1434	11294	2654	286	1223	2940	3525	4745	14364	7306	28982	4637	9783	28032	28764	45858	40992	65061	47039	101119	106344	238285	250367	681081	2656056	0
LFQ	21	0	0	1	0	0	37	80	282	2324	444	6225	1452	114	280	69	821	2851	1806	10393	2604	309	1279	3012	3853	5430	14248	7564	28349	4675	9881	28943	29185	45589	41606	65501	49481	101744	106302	242218	254675	685883	2637067	0
LFQ	22	0	0	6	0	0	42	73	310	2539	618	6330	1459	130	295	98	968	3120	2188	10000	2734	383	1465	2951	4292	6333	14057	7836	27895	4657	10193	30250	29713	45164	42739	65954	51698	102707	107939	246040	260509	688292	2614600	0
LFQ	23	0	0	1	0	0	32	99	336	2846	925	6545	1490	168	287	108	1228	3541	2915	9732	2884	415	1585	3004	4716	7212	13981	7795	27879	4772	10278	32222	30082	44579	43462	66248	54549	102853	108905	248559	266590	692597	2591157	0
LFQ	24	0	0	4	0	0	30	117	373	3015	1167	6533	1339	197	324	156	1491	3973	3273	8843	2827	450	1765	3011	4797	7863	13506	7946	27013	5040	10256	33639	30256	44137	43911	66141	57472	103231	109511	254846	258951	666730	2612443	0
LFQ	25	0	0	15	0	0	53	118	383	3097	1341	5697	991	184	314	144	1606	4210	3732	7495	2979	582	1904	3055	5045	9348	13224	8180	26188	5304	10483	35569	30246	42861	45081	66313	61346	103358	110160	259705	258483	687013	2580770	0
LFQ	26	0	0	11	0	0	53	181	390	3487	1855	5913	942	229	330	182	1939	4557	3963	6776	2986	645	2162	3043	5383	10267	12870	8499	25109	5626	10764	37668	30678	41605	46329	66572	65476	103672	110903	263591	258684	699214	2554023	0
LFQ	27	0	0	108	0	0	72	198	402	3787	2423	5606	779	231	379	226	2257	5231	4223	5725	3074	749	2321	3166	5775	11422	13005	8517	24217	6160	11059	39858	31117	40650	47869	65815	69987	103508	111548	268522	258258	716289	2522044	0
LFQ	28	0	0	11	0	0	80	255	490	4382	2968	4980	567	273	398	286	2587	5870	4345	5353	3179	826	2537	3316	5908	12623	13318	8846	23063	6331	11422	42344	31393	38968	49410	66086	74960	104070	112370	274217	254774	734612	2489159	0
LFQ	29	0	0	14	0	0	91	288	576	4660	3589	4389	410	302	458	300	2977	6254	4182	4809	3079	938	2861	3272	6192	13652	13962	9149	21896	6455	11493	44921	32033	37903	51468	64774	80288	103722	113382	280066	252431	746428	2462913	0
LFQ	30	0	0	16	0	0	92	326	686	5139	4315	3879	241	378	481	366	3384	6691	3776	4596	3249	1079	3023	3350	6460	14484	14576	9851	20989	6950	11751	47708	32539	36300	53109	64867	86338	103229	113733	287232	250565	764417	2426412	0
LFQ	31	0	0	20	0	0	84	383	780	5260	5012	3103	140	399	536	465	3799	7050	3193	4507	3341	1305	3218	3565	6659	14793	15270	9974	19941	7357	12308	49909	33183	34846	55593	64320	92599	102604	115594	294274	246644	777791	2396758	0
LFQ	32	0	0	20	0	0	103	423	904	5579	5880	2358	128	440	624	532	4261	7597	2559	4468	3244	1322	3419	3737	6747	15203	16195	10401	18759	7837	12297	52430	34039	33745	57339	64081	99672	100993	117472	300286	245509	782379	2373440	0
LFQ	33	0	0	23	0	0	107	467	1012	5372	6082	1567	135	487	681	580	4638	7414	1992	4522	3429	1516	3558	3865	6991	15485	16500	11000	17583	8574	12787	54366	34273	32249	59917	63345	107355	99790	119974	307903	244424	796558	2339759	0
LFQ	34	0	0	31	0	0	127	602	1278	5963	7092	1057	166	634	801	740	5096	7758	1449	4672	3559	1625	4090	4133	7232	16342	17182	11696	17331	9085	13073	56009	35264	31756	62964	63448	115044	98757	122956	314700	242167	804258	2306008	0
LFQ	35	0	0	59	0	0	121	688	1342	5720	7222	618	152	721	926	829	5565	7487	1224	4723	3623	1809	4170	4349	7699	16280	17066	12100	16865	9929	13776	56638	35903	31664	65559	63067	122679	96087	126564	320160	243009	815017	2274585	0
LFQ	36	0	0	42	0	0	145	739	1607	5939	7765	396	182	745	1001	910	5897	7100	1058	4890	3747	1912	4581	4633	8015	16892	16878	12735	16994	10724	13933	57268	37012	31918	68486	63122	131164	95260	130411	327127	243039	822265	2239324	0
LFQ	37	0	0	29	0	0	168	804	1671	5648	7661	229	192	782	1136	1066	6310	6519	970	5070	3739	2122	4700	4932	8268	17016	16196	13350	16654	11595	14469	57395	37589	32618	71924	62833	139468	94438	133444	331806	248393	837290	2197255	0
LFQ	38	0	0	33	0	0	167	942	1915	6116	7883	176	230	953	1236	1258	6877	6200	1039	5187	3982	2377	5174	5291	8779	17698	15834	14037	16754	12528	14900	57252	38127	33867	75169	62444	146687	93911	137039	335950	252329	843243	2162048	0
LFQ	39	0	0	51	0	0	200	1112	2398	6355	8594	152	290	1043	1506	1449	7550	5740	1085	5319	4074	2515	5043	5529	10105	18443	14972	14955	17280	13746	15636	56932	39451	34410	78897	63965	155005	94073	141028	329284	266669	847929	2122742	0
LFQ	40	0	0	67	0	0	238	1220	2567	6023	8049	166	331	1219	1765	1712	8014	5104	1179	5309	4212	2857	5185	5913	10705	18640	14446	15781	17393	15197	15989	57462	40528	35389	82263	64591	162682	94804	146534	332767	272329	853024	2083740	0
LFQ	41	0	0	43	0	0	279	1296	2828	6211	8122	171	355	1251	2006	1966	8053	4212	1410	5534	4274	3140	5278	6375	11400	19053	13361	16681	17543	16472	17196	56653	42023	36958	86167	66400	170788	97369	152555	340157	277313	864118	2030264	0
LFQ	42	0	0	41	0	0	295	1506	3221	6187	7871	193	450	1392	2122	2119	8355	3689	1497	5723	4292	3434	5460	6786	12241	19338	12417	17735	17796	18090	17820	56040	43185	38110	89753	67713	178816	100225	158597	344470	284127	869796	1984256	0
LFQ	43	0	0	51	0	0	235	1231	2643	4729	5812	197	417	1354	2331	1954	7683	2820	1343	4629	3319	3462	4961	6776	11652	16808	11208	16455	15239	18763	15520	52723	39057	36303	86059	61295	185165	88987	158746	289103	318116	770283	2147604	0
LFQ	44	0	0	61	0	0	302	1359	2884	4880	5665	204	499	1469	2472	2169	7523	2298	1414	4873	3540	3537	5256	7114	12351	16992	9905	16989	15124	19473	16353	50300	39861	38038	86516	62207	194398	92888	159634	280259	300742	728880	2196506	0
LFQ	45	0	0	76	0	0	283	1420	3092	4560	5344	244	517	1565	2721	2230	7159	1731	1443	4362	3474	5252	4293	7375	13618	16820	9220	17987	15264	20996	16796	48867	40743	38555	87490	64404	204465	97205	165459	272573	291922	707038	2208279	0
LFQ	46	0	0	88	0	0	277	1522	3458	4638	5329	239	602	1567	2973	2327	6749	1500	1651	4723	3702	5593	4322	7657	14310	16781	8318	19120	15304	22429	17822	47650	42497	40060	88912	67581	215725	102049	171925	270289	294664	695893	2184513	0
LFQ	47	0	0	511	0	0	338	1633	3631	4909	5110	293	598	1713	3264	2645	6472	1314	1774	4983	3711	6160	4415	8220	15206	16680	7505	20329	15602	24520	18780	46443	44246	41698	90874	71429	227784	107359	179428	266593	304094	684591	2149819	0
LFQ	48	0	0	1185	0	0	330	1657	3699	4800	4512	293	663	1683	3479	2677	6047	1213	1735	5049	3846	6436	4599	8622	16429	16486	6782	21483	15599	26291	19680	45394	45995	43457	91853	75972	241487	112857	188047	262354	313748	677098	2111055	0
LFQ	49	0	0	2137	0	0	404	2093	4614	6036	5657	356	861	1992	4312	3033	6573	1172	1865	5351	3820	6996	4801	9406	14936	18235	6074	22422	16866	28021	20346	44623	47824	44956	94590	80472	254581	120212	198007	238214	344476	664197	2063985	0
LFQ	50	0	0	3398	0	0	412	1747	4047	5021	4079	421	896	2056	4588	3154	6244	1157	2075	5372	3720	7849	4755	9977	15633	18458	5686	23837	16654	29844	21391	44227	49390	47050	95776	86040	271488	127538	206839	234808	354846	656537	2017429	0
LFQ	51	0	0	5154	0	0	410	1809	4159	5114	3650	378	920	1927	4621	3139	5113	1074	2054	5396	3693	8134	4839	10134	16121	17357	4971	24721	16959	31508	22377	43662	51356	49076	96881	92143	290704	135168	216201	232188	365313	642875	1973045	0
LFQ	52	0	0	7089	0	0	439	1833	4278	5078	3321	455	993	1974	4845	3029	4426	1027	2119	5728	3678	8523	4783	10553	16662	16766	4819	25702	16965	32833	23525	42401	52775	50533	97039	98437	310938	142223	227413	228614	377037	630194	1925201	0
LFQ	53	0	0	9321	0	0	463	1807	4475	5433	2962	433	1028	2002	4870	3077	3947	1044	2251	6010	3865	8963	4991	11167	16965	16242	4580	26850	17384	34576	24628	41709	54370	52180	98699	105075	333689	150399	237787	225429	387535	617022	1870926	0
LFQ	54	0	0	11842	0	0	502	1778	4493	5390	2593	502	1023	1993	5066	2924	3370	961	2257	6136	3604	9239	4914	11537	17181	15746	4450	27836	16900	35787	25303	41488	56735	53956	100070	111566	358073	158704	249963	220353	398814	602444	1818548	0
LFQ	55	0	0	14622	0	0	523	1757	4581	5503	2264	542	1116	1837	5173	3077	3011	939	2484	6376	3683	9180	5533	12113	17445	11374	8487	28760	16899	36984	26939	41468	58649	56209	101376	118824	385209	167990	256705	220765	410450	584781	1760279	0
LFQ	56	0	0	17651	0	0	564	1753	4758	5518	1942	562	1198	1923	5211	2904	2722	903	2395	6596	3376	9811	5416	12441	17666	10575	8461	29584	16871	38125	28196	41041	60880	58088	102972	125885	414382	177758	269354	215037	423129	568221	1699845	0
LFQ	57	0	0	20979	0	0	593	1708	4725	5780	1600	545	1260	1776	5489	2720	2489	874	2418	6640	3391	10272	5675	12626	17747	10094	8918	30575	17020	39321	29162	41486	62450	59784	105394	133586	446443	188196	282410	210245	434867	549153	1635087	0
LFQ	58	0	0	24616	0	0	636	1981	5519	6961	1564	706	1429	1847	5735	2815	2533	868	2692	7208	3340	10935	5935	13305	18014	9960	9589	32418	17237	39759	30972	42252	65357	62324	107633	141540	479314	200350	294290	206165	445311	528337	1561779	0
LFQ	59	0	0	28396	0	0	699	1954	5380	6435	1187	707	1610	2025	6240	2657	2565	849	2724	7723	3201	10422	5409	15870	15977	8936	9043	37176	17519	40928	31996	43057	67449	63926	110675	148708	515347	210964	306961	199486	457164	506809	1494744	0
LFQ	60	0	0	32130	0	0	711	1607	4919	5739	794	778	1563	1912	5857	2354	2335	901	2689	7960	2927	10718	5624	16224	15566	8258	9528	38650	17440	41385	33484	43952	69208	66167	113038	157595	554130	223011	321651	193490	468395	486102	1423721	0
LFQ	61	0	0	36344	0	0	745	1561	5043	5722	594	788	1573	1690	5489	1984	2288	818	2718	8091	2813	10901	5505	16397	14895	8001	9788	39217	17474	40922	34919	45032	71292	68190	116292	166742	595664	234734	336307	186816	480846	463401	1350404	0
LFQ	62	0	0	40814	0	0	712	1501	4969	5557	447	809	1576	1646	5343	1878	2259	799	2857	8463	2737	11271	5421	16780	14645	7987	10309	40251	17520	40768	36232	45921	72799	70323	119143	174870	640232	246677	350991	179537	491975	439050	1276260	0
LFQ	63	0	0	45333	0	0	727	1490	5473	5689	322	886	1591	1548	5319	1666	2305	809	2913	8855	2641	11750	5495	17294	14224	7663	10698	41571	17994	40200	37887	47910	75267	72712	122507	183300	685879	259525	365309	171480	501749	413625	1198890	0
LFQ	64	0	0	50162	0	0	770	1424	5071	5301	222	901	1664	1561	5158	1469	2356	747	2801	8968	2413	11767	5617	17849	13881	7829	11255	42506	18438	39859	38877	49749	77087	74667	127142	192707	734471	272994	378700	164191	509408	389949	1119486	0
LFQ	65	0	0	55247	0	0	864	1261	5077	4888	105	949	1579	1512	4885	1325	2158	1029	2953	7366	4178	12266	5386	15521	15400	7948	11608	42834	14076	38337	45758	51827	78288	75911	131354	202421	785621	287242	392330	155529	519382	362983	1040691	0
LFQ	66	0	0	60796	0	0	876	1192	5136	5007	69	1051	1545	1505	4656	1286	2237	1046	3176	7482	4076	12589	5583	15799	15398	7772	12352	43997	14344	37443	47703	53538	79576	78058	135362	211676	839277	301121	405148	147490	523959	337162	959901	0
LFQ	67	0	0	66759	0	0	818	1134	5113	4533	50	995	1556	1412	4503	1100	2267	1029	3158	7503	4127	13012	5492	15525	14997	7957	12760	44592	14558	36240	49509	55430	82162	80491	140156	221046	893489	316043	417594	138893	528946	311855	877411	0
LFQ	68	0	0	73416	0	0	856	1064	5084	4231	28	1045	1542	1396	4209	1002	2293	1012	3182	7696	4058	13131	5198	15633	14760	8230	13422	45160	14902	34573	51640	57557	82997	82721	145481	231662	949754	329169	428822	129967	532311	284632	797966	0
LFQ	69	0	0	80885	0	0	844	1057	5205	4376	17	1070	1575	1324	3912	916	2431	1036	3246	7799	3951	13405	5273	15331	14604	8135	14013	45502	15307	32778	52996	59811	84241	84752	151000	241310	1007313	342368	441039	121055	531859	259452	717623	0
LFQ	70	0	0	89007	0	0	856	998	5220	4151	6	1182	1639	1312	3936	861	2405	988	3391	7800	3992	13871	5099	11848	11557	14882	14621	45676	15633	31735	54708	61668	85937	85682	156095	251375	1066405	355381	452442	110983	528823	232843	640153	0
LFQ	71	0	0	98013	0	0	718	717	4212	3086	5	1077	1456	1179	3325	752	2571	928	3349	7925	4015	13988	5069	11372	11493	15050	15310	46043	16209	30124	56831	63862	87086	88382	162310	261931	1126724	367379	462008	101762	522830	206815	565129	0
LFQ	72	0	0	108528	0	0	562	543	3431	2402	1	891	1126	936	2432	572	2461	906	3266	7192	3816	13286	4567	10011	10808	15216	15066	44756	16541	28272	57608	65722	87936	89442	168318	273753	1190643	380136	471087	93009	515257	181232	494463	0
LFQ	73	0	0	120882	0	0	407	363	2624	1790	0	704	821	674	1850	365	2303	866	3128	7262	3480	12934	4232	8974	10935	15540	15646	44356	16805	26177	58544	66500	88842	90462	174005	284122	1254934	392226	477635	84740	502149	158297	425048	0
LFQ	74	0	0	135087	0	0	171	168	1315	1003	0	412	432	380	995	206	2190	903	3055	7220	3349	12566	3814	7990	10437	15384	15778	43719	17256	24004	59454	68159	89836	93352	179795	297105	1316899	402884	481912	76208	484821	135350	360489	0
LFQ	75	0	0	151275	0	0	0	3	49	200	0	3	10	37	284	45	2272	946	3008	7310	3229	12549	3789	7179	10266	15805	16259	34710	25648	22066	60977	69420	91517	94260	185662	308230	1378943	413257	483109	68641	461633	114256	299977	0
LFQ	76	0	0	174081	0	0	0	0	0	0	0	0	0	0	0	0	4863	2400	6523	18195	6711	23465	7239	12375	17285	26142	29858	57256	40306	31043	95957	99134	136689	134260	248940	471756	1186952	387049	420647	124675	317992	114606	142438	0
# GC Content of first fragments. Use `grep ^GCF | cut -f 2-` to extract this part.
GCF	0.50	1
GCF	2.26	0
GCF	4.27	2
GCF	5.28	1
GCF	6.53	0
GCF	8.29	4
GCF	9.55	5
GCF	10.80	9
GCF	12.31	22
GCF	13.57	79
GCF	14.32	179
GCF	14.82	178
GCF	15.33	179
GCF	16.33	381
GCF	17.59	872
GCF	18.59	1572
GCF	19.35	1574
GCF	19.85	2786
GCF	20.35	2787
GCF	20.85	4659
GCF	21.36	4660
GCF	21.86	4663
GCF	22.36	7211
GCF	22.86	7218
GCF	23.37	7223
GCF	23.87	10542
GCF	24.37	10541
GCF	24.87	14474
GCF	25.38	14475
GCF	25.88	14480
GCF	26.38	20006
GCF	26.88	20017
GCF	27.39	26082
GCF	27.89	26098
GCF	28.39	26128
GCF	28.89	33738
GCF	29.40	33777
GCF	29.90	33811
GCF	30.40	42431
GCF	30.90	42501
GCF	31.41	53163
GCF	31.91	53209
GCF	32.41	53265
GCF	32.91	64988
GCF	33.42	65035
GCF	33.92	65117
GCF	34.42	78399
GCF	34.92	78538
GCF	35.43	92510
GCF	35.93	92622
GCF	36.43	92729
GCF	36.93	107324
GCF	37.44	107394
GCF	37.94	121899
GCF	38.44	122025
GCF	38.94	122107
GCF	39.45	135643
GCF	39.95	135727
GCF	40.45	135881
GCF	40.95	147518
GCF	41.46	147582
GCF	41.96	156321
GCF	42.46	156536
GCF	42.96	156583
GCF	43.47	164060
GCF	43.97	164081
GCF	44.47	164183
GCF	44.97	169340
GCF	45.48	169401
GCF	45.98	172949
GCF	46.48	172932
GCF	46.98	172939
GCF	47.49	176041
GCF	47.99	176059
GCF	48.49	178999
GCF	48.99	179016
GCF	49.50	179012
GCF	50.00	181014
GCF	50.50	181045
GCF	51.01	181043
GCF	51.51	184326
GCF	52.01	184395
GCF	52.51	185249
GCF	53.02	185305
GCF	53.52	185377
GCF	54.02	186843
GCF	54.52	186778
GCF	55.03	186647
GCF	55.53	186553
GCF	56.03	186653
GCF	56.53	185396
GCF	57.04	185476
GCF	57.54	185493
GCF	58.04	182971
GCF	58.54	182899
GCF	59.05	176566
GCF	59.55	176491
GCF	60.05	176386
GCF	60.55	167915
GCF	61.06	167908
GCF	61.56	167850
GCF	62.06	155562
GCF	62.56	155462
GCF	63.07	138107
GCF	63.57	137919
GCF	64.07	137862
GCF	64.57	119396
GCF	65.08	119295
GCF	65.58	99406
GCF	66.08	99324
GCF	66.58	99216
GCF	67.09	79805
GCF	67.59	79663
GCF	68.09	79442
GCF	68.59	60498
GCF	69.10	60395
GCF	69.60	43786
GCF	70.10	43668
GCF	70.60	43579
GCF	71.11	30275
GCF	71.61	30189
GCF	72.11	30069
GCF	72.61	20337
GCF	73.12	20274
GCF	73.62	13312
GCF	74.12	13246
GCF	74.62	13234
GCF	75.13	8413
GCF	75.63	8386
GCF	76.13	5214
GCF	76.63	5216
GCF	77.14	5205
GCF	77.64	3368
GCF	78.14	3340
GCF	78.64	3329
GCF	79.15	2096
GCF	79.65	2099
GCF	80.15	1324
GCF	80.65	1313
GCF	81.16	1310
GCF	81.66	727
GCF	82.16	729
GCF	82.66	441
GCF	83.17	437
GCF	83.67	432
GCF	84.67	212
GCF	85.68	85
GCF	86.18	87
GCF	86.93	21
GCF	87.69	20
GCF	88.69	7
GCF	89.70	2
GCF	90.20	1
GCF	91.21	2
GCF	92.46	1
# GC Content of last fragments. Use `grep ^GCL | cut -f 2-` to extract this part.
GCL	0.50	5
GCL	2.26	0
GCL	4.27	3
GCL	5.78	0
GCL	6.78	2
GCL	8.54	3
GCL	10.80	8
GCL	12.31	21
GCL	13.57	66
GCL	14.32	160
GCL	14.82	159
GCL	15.33	160
GCL	16.33	355
GCL	17.59	717
GCL	18.59	1419
GCL	19.35	1420
GCL	20.10	2356
GCL	20.85	3956
GCL	21.36	3958
GCL	21.86	3965
GCL	22.36	6198
GCL	22.86	6205
GCL	23.37	6206
GCL	23.87	9270
GCL	24.37	9269
GCL	24.87	12868
GCL	25.38	12870
GCL	25.88	12876
GCL	26.38	17769
GCL	26.88	17781
GCL	27.39	23447
GCL	27.89	23466
GCL	28.39	23497
GCL	28.89	30384
GCL	29.40	30416
GCL	29.90	30450
GCL	30.40	39093
GCL	30.90	39158
GCL	31.41	49589
GCL	31.91	49643
GCL	32.41	49700
GCL	32.91	61398
GCL	33.42	61453
GCL	33.92	61530
GCL	34.42	75202
GCL	34.92	75334
GCL	35.43	89386
GCL	35.93	89487
GCL	36.43	89609
GCL	36.93	105683
GCL	37.44	105795
GCL	37.94	120867
GCL	38.44	120997
GCL	38.94	121068
GCL	39.45	134965
GCL	39.95	135042
GCL	40.45	135190
GCL	40.95	147629
GCL	41.46	147694
GCL	41.96	157642
GCL	42.46	157864
GCL	42.96	157910
GCL	43.47	167462
GCL	43.97	167463
GCL	44.47	167551
GCL	44.97	171470
GCL	45.48	171542
GCL	45.98	175699
GCL	46.48	175690
GCL	46.98	175697
GCL	47.49	178732
GCL	47.99	178764
GCL	48.49	181607
GCL	48.99	181606
GCL	49.50	181624
GCL	50.00	183667
GCL	50.50	183662
GCL	51.01	183659
GCL	51.51	185976
GCL	52.01	186079
GCL	52.51	187491
GCL	53.02	187550
GCL	53.52	187613
GCL	54.02	189057
GCL	54.52	188965
GCL	55.03	188974
GCL	55.53	188873
GCL	56.03	188972
GCL	56.53	186495
GCL	57.04	186583
GCL	57.54	186610
GCL	58.04	184866
GCL	58.54	184809
GCL	59.05	177843
GCL	59.55	177804
GCL	60.05	177686
GCL	60.55	168806
GCL	61.06	168800
GCL	61.56	168749
GCL	62.06	155893
GCL	62.56	155797
GCL	63.07	138543
GCL	63.57	138358
GCL	64.07	138327
GCL	64.57	119828
GCL	65.08	119739
GCL	65.58	99945
GCL	66.08	99871
GCL	66.58	99743
GCL	67.09	79576
GCL	67.59	79463
GCL	68.09	79245
GCL	68.59	60400
GCL	69.10	60289
GCL	69.60	44277
GCL	70.10	44162
GCL	70.60	44073
GCL	71.11	30336
GCL	71.61	30248
GCL	72.11	30121
GCL	72.61	20285
GCL	73.12	20221
GCL	73.62	13230
GCL	74.12	13181
GCL	74.62	13164
GCL	75.13	8665
GCL	75.63	8653
GCL	76.13	5349
GCL	76.63	5341
GCL	77.14	5326
GCL	77.64	3426
GCL	78.14	3400
GCL	78.64	3385
GCL	79.15	2136
GCL	79.65	2140
GCL	80.15	1243
GCL	80.65	1232
GCL	81.16	1225
GCL	81.91	817
GCL	82.66	489
GCL	83.17	486
GCL	83.67	481
GCL	84.17	214
GCL	84.92	213
GCL	85.68	97
GCL	86.18	99
GCL	86.68	28
GCL	87.19	29
GCL	87.69	28
GCL	88.19	12
GCL	88.69	11
GCL	89.20	10
GCL	89.95	3
GCL	91.21	5
GCL	92.46	3
GCL	93.72	1
GCL	95.73	0
GCL	97.74	1
GCL	99.25	4
# ACGT content per cycle. Use `grep ^GCC | cut -f 2-` to extract this part. The columns are: cycle; A,C,G,T base counts as a percentage of all A/C/G/T bases [%]; and N and O counts as a percentage of all A/C/G/T bases [%]
GCC	1	25.55	24.21	23.86	26.38	0.04	0.00
GCC	2	25.26	24.62	24.15	25.97	0.00	0.00
GCC	3	24.63	25.22	24.78	25.37	0.02	0.00
GCC	4	24.61	25.24	24.84	25.31	0.00	0.00
GCC	5	24.96	24.87	24.49	25.68	0.04	0.00
GCC	6	24.49	25.39	25.00	25.12	0.13	0.00
GCC	7	24.74	25.16	24.73	25.38	0.00	0.00
GCC	8	24.90	24.98	24.59	25.54	0.30	0.00
GCC	9	24.78	25.08	24.68	25.45	0.08	0.00
GCC	10	24.72	25.16	24.75	25.38	0.01	0.00
GCC	11	24.79	25.11	24.67	25.43	0.00	0.00
GCC	12	24.71	25.21	24.75	25.33	0.00	0.00
GCC	13	24.79	25.11	24.65	25.45	0.00	0.00
GCC	14	24.81	25.13	24.62	25.44	0.00	0.00
GCC	15	24.67	25.24	24.76	25.33	0.00	0.00
GCC	16	24.71	25.25	24.70	25.33	0.00	0.00
GCC	17	24.74	25.23	24.73	25.30	0.00	0.00
GCC	18	24.59	25.36	24.85	25.20	0.00	0.00
GCC	19	24.58	25.32	24.85	25.24	0.00	0.00
GCC	20	24.64	25.33	24.81	25.23	0.00	0.00
GCC	21	24.48	25.47	24.93	25.11	0.00	0.00
GCC	22	24.53	25.42	24.87	25.17	0.00	0.00
GCC	23	24.55	25.43	24.84	25.19	0.00	0.00
GCC	24	24.42	25.52	24.97	25.09	0.00	0.00
GCC	25	24.43	25.50	24.91	25.16	0.00	0.00
GCC	26	24.44	25.50	24.89	25.17	0.00	0.00
GCC	27	24.35	25.61	24.98	25.06	0.00	0.00
GCC	28	24.40	25.55	24.95	25.11	0.00	0.00
GCC	29	24.37	25.55	24.94	25.14	0.00	0.00
GCC	30	24.28	25.68	25.02	25.03	0.00	0.00
GCC	31	24.33	25.65	24.98	25.03	0.00	0.00
GCC	32	24.35	25.63	24.94	25.08	0.00	0.00
GCC	33	24.21	25.74	25.07	24.99	0.00	0.00
GCC	34	24.25	25.71	25.02	25.02	0.00	0.00
GCC	35	24.24	25.69	24.97	25.10	0.00	0.00
GCC	36	24.14	25.80	25.07	25.00	0.00	0.00
GCC	37	24.19	25.75	25.05	25.01	0.00	0.00
GCC	38	24.23	25.71	25.00	25.06	0.00	0.00
GCC	39	24.09	25.84	25.09	24.99	0.00	0.00
GCC	40	24.17	25.81	25.01	25.01	0.00	0.00
GCC	41	24.18	25.75	25.02	25.05	0.00	0.00
GCC	42	24.08	25.87	25.12	24.92	0.00	0.00
GCC	43	24.11	25.87	25.05	24.98	0.00	0.00
GCC	44	24.13	25.82	25.03	25.03	0.00	0.00
GCC	45	24.03	25.92	25.11	24.93	0.00	0.00
GCC	46	24.09	25.84	25.05	25.02	0.00	0.00
GCC	47	24.09	25.85	25.01	25.04	0.00	0.00
GCC	48	24.01	25.94	25.10	24.94	0.00	0.00
GCC	49	24.01	25.90	25.06	25.03	0.00	0.00
GCC	50	24.08	25.87	25.01	25.03	0.00	0.00
GCC	51	23.98	25.97	25.11	24.94	0.00	0.00
GCC	52	24.02	25.93	25.04	25.01	0.00	0.00
GCC	53	24.07	25.89	25.01	25.04	0.00	0.00
GCC	54	23.96	25.98	25.08	24.98	0.00	0.00
GCC	55	24.02	25.93	25.03	25.03	0.00	0.00
GCC	56	24.03	25.91	25.01	25.05	0.00	0.00
GCC	57	23.97	25.96	25.09	24.98	0.00	0.00
GCC	58	24.00	25.94	25.08	24.98	0.00	0.00
GCC	59	24.05	25.91	25.00	25.05	0.00	0.00
GCC	60	23.95	26.02	25.06	24.97	0.00	0.00
GCC	61	23.97	25.96	25.05	25.02	0.00	0.00
GCC	62	24.02	25.95	24.99	25.05	0.00	0.00
GCC	63	23.95	26.00	25.09	24.96	0.00	0.00
GCC	64	24.00	25.95	25.02	25.03	0.00	0.00
GCC	65	24.04	25.92	25.01	25.04	0.00	0.00
GCC	66	23.95	26.04	25.04	24.98	0.00	0.00
GCC	67	23.96	25.97	25.02	25.04	0.00	0.00
GCC	68	24.00	25.93	25.01	25.06	0.00	0.00
GCC	69	23.94	25.99	25.07	25.00	0.00	0.00
GCC	70	23.97	25.97	25.03	25.03	0.00	0.00
GCC	71	24.00	25.94	24.99	25.07	0.00	0.00
GCC	72	23.96	25.97	25.05	25.02	0.00	0.00
GCC	73	24.00	25.93	25.02	25.05	0.00	0.00
GCC	74	24.01	25.91	24.99	25.10	0.00	0.00
GCC	75	23.97	25.95	25.07	25.00	0.00	0.00
GCC	76	23.98	25.95	25.03	25.05	0.00	0.00
# ACGT content per cycle, read oriented. Use `grep ^GCT | cut -f 2-` to extract this part. The columns are: cycle; A,C,G,T base counts as a percentage of all A/C/G/T bases [%]
GCT	1	27.35	26.09	21.98	24.58
GCT	2	26.49	23.31	25.46	24.74
GCT	3	24.74	25.33	24.67	25.26
GCT	4	24.53	25.65	24.43	25.39
GCT	5	24.74	24.77	24.60	25.90
GCT	6	24.49	25.79	24.60	25.12
GCT	7	24.69	25.03	24.86	25.42
GCT	8	24.66	25.45	24.12	25.77
GCT	9	24.31	25.58	24.19	25.93
GCT	10	24.68	25.44	24.47	25.41
GCT	11	24.69	25.45	24.34	25.53
GCT	12	24.57	25.59	24.37	25.47
GCT	13	24.74	25.38	24.38	25.50
GCT	14	24.68	25.36	24.39	25.57
GCT	15	24.53	25.61	24.39	25.47
GCT	16	24.56	25.51	24.44	25.49
GCT	17	24.51	25.50	24.46	25.53
GCT	18	24.36	25.74	24.47	25.42
GCT	19	24.45	25.64	24.54	25.37
GCT	20	24.44	25.60	24.54	25.42
GCT	21	24.30	25.80	24.60	25.30
GCT	22	24.45	25.66	24.63	25.26
GCT	23	24.46	25.60	24.67	25.28
GCT	24	24.31	25.76	24.73	25.20
GCT	25	24.41	25.69	24.72	25.18
GCT	26	24.45	25.61	24.78	25.16
GCT	27	24.33	25.79	24.80	25.08
GCT	28	24.45	25.66	24.83	25.06
GCT	29	24.42	25.64	24.84	25.10
GCT	30	24.28	25.81	24.89	25.03
GCT	31	24.38	25.74	24.90	24.98
GCT	32	24.43	25.63	24.94	25.00
GCT	33	24.29	25.83	24.97	24.91
GCT	34	24.42	25.72	25.01	24.85
GCT	35	24.41	25.66	25.00	24.93
GCT	36	24.28	25.83	25.04	24.85
GCT	37	24.38	25.74	25.06	24.82
GCT	38	24.40	25.66	25.05	24.90
GCT	39	24.26	25.82	25.11	24.81
GCT	40	24.36	25.73	25.09	24.83
GCT	41	24.37	25.65	25.12	24.86
GCT	42	24.26	25.85	25.15	24.74
GCT	43	24.36	25.75	25.17	24.73
GCT	44	24.37	25.68	25.16	24.79
GCT	45	24.27	25.78	25.25	24.69
GCT	46	24.37	25.70	25.19	24.74
GCT	47	24.38	25.65	25.22	24.75
GCT	48	24.28	25.82	25.22	24.68
GCT	49	24.37	25.71	25.25	24.67
GCT	50	24.39	25.64	25.24	24.73
GCT	51	24.26	25.78	25.30	24.65
GCT	52	24.36	25.66	25.30	24.67
GCT	53	24.42	25.60	25.30	24.69
GCT	54	24.31	25.72	25.33	24.64
GCT	55	24.42	25.63	25.33	24.62
GCT	56	24.42	25.56	25.37	24.66
GCT	57	24.35	25.68	25.37	24.60
GCT	58	24.40	25.61	25.40	24.59
GCT	59	24.45	25.51	25.40	24.64
GCT	60	24.36	25.67	25.41	24.56
GCT	61	24.43	25.59	25.42	24.56
GCT	62	24.44	25.50	25.43	24.62
GCT	63	24.35	25.63	25.45	24.57
GCT	64	24.47	25.52	25.44	24.57
GCT	65	24.50	25.45	25.47	24.57
GCT	66	24.39	25.58	25.49	24.54
GCT	67	24.48	25.50	25.50	24.52
GCT	68	24.52	25.42	25.51	24.55
GCT	69	24.45	25.54	25.52	24.49
GCT	70	24.52	25.44	25.55	24.48
GCT	71	24.53	25.40	25.54	24.53
GCT	72	24.47	25.51	25.51	24.52
GCT	73	24.58	25.42	25.52	24.48
GCT	74	24.59	25.35	25.54	24.52
GCT	75	24.50	25.44	25.58	24.48
GCT	76	24.61	25.37	25.61	24.42
# ACGT content per cycle for first fragments. Use `grep ^FBC | cut -f 2-` to extract this part. The columns are: cycle; A,C,G,T base counts as a percentage of all A/C/G/T bases [%]; and N and O counts as a percentage of all A/C/G/T bases [%]
FBC	1	25.54	24.19	23.88	26.39	0.07	0.00
FBC	2	25.37	24.50	24.02	26.11	0.00	0.00
FBC	3	24.84	24.99	24.64	25.53	0.00	0.00
FBC	4	24.91	24.93	24.57	25.59	0.01	0.00
FBC	5	25.06	24.79	24.43	25.72	0.06	0.00
FBC	6	24.68	25.21	24.87	25.25	0.26	0.00
FBC	7	24.84	25.07	24.60	25.49	0.01	0.00
FBC	8	24.96	24.91	24.56	25.57	0.60	0.00
FBC	9	24.88	24.99	24.63	25.50	0.17	0.00
FBC	10	24.80	25.07	24.70	25.42	0.03	0.00
FBC	11	24.87	25.05	24.61	25.47	0.00	0.00
FBC	12	24.76	25.14	24.75	25.35	0.00	0.00
FBC	13	24.85	25.03	24.60	25.52	0.00	0.00
FBC	14	24.85	25.10	24.59	25.45	0.00	0.00
FBC	15	24.72	25.19	24.73	25.36	0.00	0.00
FBC	16	24.79	25.21	24.66	25.34	0.00	0.00
FBC	17	24.81	25.16	24.68	25.35	0.00	0.00
FBC	18	24.63	25.30	24.84	25.22	0.00	0.00
FBC	19	24.62	25.27	24.82	25.29	0.00	0.00
FBC	20	24.68	25.29	24.77	25.26	0.00	0.00
FBC	21	24.52	25.43	24.89	25.17	0.00	0.00
FBC	22	24.57	25.36	24.86	25.21	0.00	0.00
FBC	23	24.58	25.38	24.81	25.23	0.00	0.00
FBC	24	24.47	25.46	24.95	25.12	0.00	0.00
FBC	25	24.48	25.47	24.88	25.17	0.00	0.00
FBC	26	24.48	25.42	24.87	25.23	0.00	0.00
FBC	27	24.41	25.54	24.96	25.09	0.00	0.00
FBC	28	24.43	25.49	24.91	25.17	0.00	0.00
FBC	29	24.40	25.48	24.94	25.18	0.00	0.00
FBC	30	24.34	25.63	24.97	25.06	0.00	0.00
FBC	31	24.38	25.62	24.94	25.06	0.00	0.00
FBC	32	24.40	25.55	24.92	25.12	0.00	0.00
FBC	33	24.27	25.68	25.04	25.01	0.00	0.00
FBC	34	24.29	25.65	25.00	25.06	0.00	0.00
FBC	35	24.28	25.65	24.96	25.11	0.00	0.00
FBC	36	24.17	25.75	25.05	25.02	0.00	0.00
FBC	37	24.22	25.69	25.05	25.04	0.00	0.00
FBC	38	24.25	25.68	24.99	25.07	0.00	0.00
FBC	39	24.13	25.81	25.07	24.99	0.00	0.00
FBC	40	24.20	25.78	24.99	25.04	0.00	0.00
FBC	41	24.21	25.71	24.99	25.09	0.00	0.00
FBC	42	24.12	25.85	25.12	24.92	0.00	0.00
FBC	43	24.12	25.82	25.03	25.03	0.00	0.00
FBC	44	24.16	25.80	25.01	25.03	0.00	0.00
FBC	45	24.07	25.88	25.11	24.93	0.00	0.00
FBC	46	24.12	25.77	25.07	25.03	0.00	0.00
FBC	47	24.09	25.81	25.00	25.09	0.00	0.00
FBC	48	24.04	25.92	25.07	24.97	0.00	0.00
FBC	49	24.03	25.87	25.06	25.04	0.00	0.00
FBC	50	24.10	25.84	25.00	25.06	0.00	0.00
FBC	51	24.02	25.94	25.09	24.94	0.00	0.00
FBC	52	24.06	25.90	25.02	25.03	0.00	0.00
FBC	53	24.08	25.87	24.99	25.06	0.00	0.00
FBC	54	23.96	25.97	25.06	25.01	0.00	0.00
FBC	55	24.04	25.91	25.02	25.04	0.00	0.00
FBC	56	24.06	25.87	25.00	25.07	0.00	0.00
FBC	57	23.99	25.96	25.06	24.99	0.00	0.00
FBC	58	24.02	25.92	25.06	25.00	0.00	0.00
FBC	59	24.08	25.89	24.97	25.06	0.00	0.00
FBC	60	23.99	26.01	25.04	24.97	0.00	0.00
FBC	61	23.97	25.95	25.04	25.03	0.00	0.00
FBC	62	24.05	25.93	24.95	25.07	0.00	0.00
FBC	63	23.98	25.99	25.06	24.97	0.00	0.00
FBC	64	24.03	25.94	24.99	25.03	0.00	0.00
FBC	65	24.05	25.91	25.00	25.04	0.00	0.00
FBC	66	23.98	26.02	25.03	24.98	0.00	0.00
FBC	67	24.00	25.94	25.01	25.04	0.00	0.00
FBC	68	24.00	25.92	25.01	25.06	0.00	0.00
FBC	69	23.95	25.99	25.09	24.98	0.00	0.00
FBC	70	24.01	25.94	24.99	25.06	0.00	0.00
FBC	71	24.00	25.94	25.00	25.06	0.00	0.00
FBC	72	23.99	25.96	25.04	25.01	0.00	0.00
FBC	73	24.05	25.92	24.99	25.05	0.00	0.00
FBC	74	24.04	25.91	24.96	25.09	0.00	0.00
FBC	75	23.98	25.94	25.08	25.00	0.00	0.00
FBC	76	23.99	25.95	25.01	25.06	0.00	0.00
# ACGT raw counters for first fragments. Use `grep ^FTC | cut -f 2-` to extract this part. The columns are: A,C,G,T,N base counters
FTC	81234785	85376788	83069919	84002351	53144
# ACGT content per cycle for last fragments. Use `grep ^LBC | cut -f 2-` to extract this part. The columns are: cycle; A,C,G,T base counts as a percentage of all A/C/G/T bases [%]; and N and O counts as a percentage of all A/C/G/T bases [%]
LBC	1	25.56	24.23	23.84	26.37	0.00	0.00
LBC	2	25.14	24.73	24.28	25.84	0.00	0.00
LBC	3	24.41	25.45	24.92	25.21	0.04	0.00
LBC	4	24.30	25.56	25.10	25.04	0.00	0.00
LBC	5	24.86	24.96	24.55	25.63	0.02	0.00
LBC	6	24.31	25.57	25.13	24.99	0.00	0.00
LBC	7	24.64	25.24	24.85	25.27	0.00	0.00
LBC	8	24.83	25.05	24.61	25.51	0.00	0.00
LBC	9	24.68	25.18	24.74	25.40	0.00	0.00
LBC	10	24.63	25.24	24.80	25.33	0.00	0.00
LBC	11	24.71	25.18	24.73	25.38	0.00	0.00
LBC	12	24.66	25.28	24.75	25.32	0.00	0.00
LBC	13	24.73	25.19	24.70	25.38	0.00	0.00
LBC	14	24.77	25.16	24.65	25.42	0.00	0.00
LBC	15	24.61	25.29	24.80	25.30	0.00	0.00
LBC	16	24.64	25.30	24.74	25.33	0.00	0.00
LBC	17	24.66	25.31	24.78	25.25	0.00	0.00
LBC	18	24.55	25.42	24.86	25.17	0.00	0.00
LBC	19	24.54	25.38	24.89	25.19	0.00	0.00
LBC	20	24.59	25.37	24.85	25.19	0.00	0.00
LBC	21	24.44	25.52	24.98	25.06	0.00	0.00
LBC	22	24.50	25.48	24.89	25.14	0.00	0.00
LBC	23	24.51	25.48	24.86	25.15	0.00	0.00
LBC	24	24.37	25.58	25.00	25.05	0.00	0.00
LBC	25	24.38	25.53	24.94	25.16	0.00	0.00
LBC	26	24.40	25.58	24.91	25.11	0.00	0.00
LBC	27	24.28	25.68	25.00	25.03	0.00	0.00
LBC	28	24.36	25.61	24.98	25.05	0.00	0.00
LBC	29	24.34	25.61	24.93	25.11	0.00	0.00
LBC	30	24.22	25.72	25.07	24.99	0.00	0.00
LBC	31	24.28	25.69	25.03	25.00	0.00	0.00
LBC	32	24.30	25.71	24.96	25.04	0.00	0.00
LBC	33	24.15	25.79	25.09	24.97	0.00	0.00
LBC	34	24.20	25.77	25.04	24.99	0.00	0.00
LBC	35	24.20	25.74	24.98	25.09	0.00	0.00
LBC	36	24.10	25.85	25.09	24.97	0.00	0.00
LBC	37	24.16	25.81	25.05	24.97	0.00	0.00
LBC	38	24.21	25.74	25.00	25.05	0.00	0.00
LBC	39	24.05	25.87	25.10	24.98	0.00	0.00
LBC	40	24.15	25.85	25.03	24.98	0.00	0.00
LBC	41	24.15	25.79	25.05	25.01	0.00	0.00
LBC	42	24.04	25.90	25.13	24.93	0.00	0.00
LBC	43	24.09	25.92	25.07	24.92	0.00	0.00
LBC	44	24.10	25.83	25.04	25.03	0.00	0.00
LBC	45	24.00	25.96	25.11	24.93	0.00	0.00
LBC	46	24.06	25.90	25.03	25.01	0.00	0.00
LBC	47	24.09	25.90	25.02	24.99	0.00	0.00
LBC	48	23.98	25.97	25.13	24.92	0.00	0.00
LBC	49	23.99	25.92	25.07	25.01	0.00	0.00
LBC	50	24.07	25.90	25.02	25.01	0.00	0.00
LBC	51	23.93	26.00	25.14	24.93	0.00	0.00
LBC	52	23.99	25.95	25.06	25.00	0.00	0.00
LBC	53	24.05	25.91	25.02	25.02	0.00	0.00
LBC	54	23.97	25.98	25.10	24.95	0.00	0.00
LBC	55	24.00	25.95	25.04	25.01	0.00	0.00
LBC	56	23.99	25.95	25.03	25.03	0.00	0.00
LBC	57	23.96	25.95	25.12	24.97	0.00	0.00
LBC	58	23.97	25.96	25.10	24.97	0.00	0.00
LBC	59	24.02	25.93	25.02	25.04	0.00	0.00
LBC	60	23.92	26.03	25.09	24.96	0.00	0.00
LBC	61	23.97	25.97	25.05	25.01	0.00	0.00
LBC	62	23.98	25.97	25.03	25.03	0.00	0.00
LBC	63	23.93	26.00	25.12	24.96	0.00	0.00
LBC	64	23.97	25.96	25.04	25.03	0.00	0.00
LBC	65	24.03	25.92	25.01	25.04	0.00	0.00
LBC	66	23.92	26.05	25.05	24.99	0.00	0.00
LBC	67	23.92	26.00	25.03	25.04	0.00	0.00
LBC	68	24.00	25.93	25.00	25.07	0.00	0.00
LBC	69	23.93	25.98	25.06	25.02	0.00	0.00
LBC	70	23.94	26.00	25.06	25.00	0.00	0.00
LBC	71	23.99	25.95	24.98	25.08	0.00	0.00
LBC	72	23.93	25.97	25.06	25.03	0.00	0.00
LBC	73	23.95	25.93	25.06	25.06	0.00	0.00
LBC	74	23.99	25.90	25.01	25.10	0.00	0.00
LBC	75	23.95	25.97	25.06	25.01	0.00	0.00
LBC	76	23.96	25.95	25.06	25.04	0.00	0.00
# ACGT raw counters for last fragments. Use `grep ^LTC | cut -f 2-` to extract this part. The columns are: A,C,G,T,N base counters
LTC	80937736	85704806	83281500	83810155	2790
# Insert sizes. Use `grep ^IS | cut -f 2-` to extract this part. The columns are: insert size, pairs total, inward oriented pairs, outward oriented pairs, other pairs
IS	0	65	0	0	65
IS	1	0	0	0	0
IS	2	9	0	2	7
IS	3	3	0	3	0
IS	4	1	0	1	0
IS	5	3	0	3	0
IS	6	6	0	6	0
IS	7	5	0	5	0
IS	8	3	0	3	0
IS	9	1	0	1	0
IS	10	8	0	8	0
IS	11	4	0	4	0
IS	12	2	0	2	0
IS	13	3	0	3	0
IS	14	2	0	2	0
IS	15	4	0	4	0
IS	16	6	0	5	1
IS	17	5	0	5	0
IS	18	11	0	11	0
IS	19	73	61	12	0
IS	20	47	35	12	0
IS	21	31	26	5	0
IS	22	27	21	6	0
IS	23	22	18	4	0
IS	24	13	5	8	0
IS	25	5	4	1	0
IS	26	14	7	7	0
IS	27	8	1	7	0
IS	28	8	3	4	1
IS	29	9	3	6	0
IS	30	9	2	6	1
IS	31	11	5	6	0
IS	32	16	12	3	1
IS	33	16	12	4	0
IS	34	15	8	6	1
IS	35	12	10	2	0
IS	36	10	8	2	0
IS	37	16	13	3	0
IS	38	14	10	4	0
IS	39	14	9	5	0
IS	40	12	8	4	0
IS	41	13	8	5	0
IS	42	24	14	10	0
IS	43	17	12	4	1
IS	44	15	11	3	1
IS	45	21	15	6	0
IS	46	13	12	1	0
IS	47	20	14	6	0
IS	48	27	20	5	2
IS	49	32	21	8	3
IS	50	34	28	5	1
IS	51	37	33	2	2
IS	52	53	42	9	2
IS	53	64	57	7	0
IS	54	61	57	4	0
IS	55	135	129	4	2
IS	56	144	140	3	1
IS	57	223	209	13	1
IS	58	250	244	6	0
IS	59	349	342	6	1
IS	60	446	440	5	1
IS	61	597	593	4	0
IS	62	800	791	6	3
IS	63	1030	1022	6	2
IS	64	1260	1252	6	2
IS	65	1630	1624	6	0
IS	66	2074	2066	8	0
IS	67	2364	2360	4	0
IS	68	2933	2924	7	2
IS	69	3577	3567	10	0
IS	70	4068	4061	4	3
IS	71	4791	4779	11	1
IS	72	5512	5504	7	1
IS	73	6461	6451	9	1
IS	74	7190	7175	14	1
IS	75	7938	7898	38	2
IS	76	8995	8987	3	5
IS	77	9887	9886	0	1
IS	78	10973	10967	0	6
IS	79	12009	12008	0	1
IS	80	12661	12661	0	0
IS	81	13603	13600	0	3
IS	82	14815	14813	0	2
IS	83	15582	15580	0	2
IS	84	16668	16668	0	0
IS	85	17464	17464	0	0
IS	86	18299	18299	0	0
IS	87	19253	19251	0	2
IS	88	20162	20161	0	1
IS	89	21102	21102	0	0
IS	90	21836	21834	0	2
IS	91	22351	22350	0	1
IS	92	23277	23276	0	1
IS	93	24333	24332	0	1
IS	94	24342	24340	0	2
IS	95	25435	25435	0	0
IS	96	26072	26072	0	0
IS	97	26574	26571	0	3
IS	98	27041	27040	0	1
IS	99	27842	27839	0	3
IS	100	28398	28396	0	2
IS	101	28687	28686	1	0
IS	102	29505	29502	0	3
IS	103	29671	29671	0	0
IS	104	30032	30030	0	2
IS	105	30449	30447	0	2
IS	106	30612	30611	1	0
IS	107	31160	31159	0	1
IS	108	31357	31357	0	0
IS	109	31545	31545	0	0
IS	110	32560	32559	0	1
IS	111	32523	32521	0	2
IS	112	32767	32764	0	3
IS	113	33168	33167	1	0
IS	114	33499	33498	0	1
IS	115	33666	33666	0	0
IS	116	33622	33622	0	0
IS	117	33767	33767	0	0
IS	118	34303	34300	0	3
IS	119	34055	34052	0	3
IS	120	34193	34192	0	1
IS	121	34568	34568	0	0
IS	122	34728	34728	0	0
IS	123	34474	34472	0	2
IS	124	35047	35046	0	1
IS	125	35018	35017	0	1
IS	126	34683	34682	0	1
IS	127	34951	34951	0	0
IS	128	35049	35049	0	0
IS	129	34926	34925	0	1
IS	130	34521	34520	0	1
IS	131	34753	34751	0	2
IS	132	34650	34650	0	0
IS	133	34462	34462	0	0
IS	134	34410	34407	1	2
IS	135	34435	34435	0	0
IS	136	34612	34608	0	4
IS	137	34170	34169	1	0
IS	138	34436	34436	0	0
IS	139	34654	34653	1	0
IS	140	33812	33811	0	1
IS	141	33845	33845	0	0
IS	142	33617	33616	0	1
IS	143	33369	33368	0	1
IS	144	33137	33135	0	2
IS	145	33399	33398	0	1
IS	146	33126	33126	0	0
IS	147	33087	33087	0	0
IS	148	32986	32986	0	0
IS	149	32691	32691	0	0
IS	150	32394	32394	0	0
IS	151	32165	32165	0	0
IS	152	31894	31894	0	0
IS	153	31741	31741	0	0
IS	154	31058	31055	0	3
IS	155	31280	31279	0	1
IS	156	30838	30837	0	1
IS	157	30909	30908	0	1
IS	158	30624	30622	0	2
IS	159	30082	30082	0	0
IS	160	29486	29486	0	0
IS	161	29509	29508	0	1
IS	162	29446	29445	0	1
IS	163	29120	29119	0	1
IS	164	28830	28830	0	0
IS	165	28157	28156	0	1
IS	166	28445	28444	0	1
IS	167	28076	28073	1	2
IS	168	27758	27758	0	0
IS	169	27009	27008	0	1
IS	170	27036	27036	0	0
IS	171	26682	26680	0	2
IS	172	26273	26272	0	1
IS	173	25874	25874	0	0
IS	174	25525	25525	0	0
IS	175	25578	25577	1	0
IS	176	24919	24919	0	0
IS	177	24930	24930	0	0
IS	178	24395	24394	1	0
IS	179	24275	24275	0	0
IS	180	24425	24425	0	0
IS	181	23640	23640	0	0
IS	182	23200	23200	0	0
IS	183	23054	23054	0	0
IS	184	22811	22811	0	0
IS	185	22404	22403	0	1
IS	186	22246	22246	0	0
IS	187	21968	21967	0	1
IS	188	21749	21749	0	0
IS	189	21436	21436	0	0
IS	190	20872	20872	0	0
IS	191	20506	20506	0	0
IS	192	20703	20703	0	0
IS	193	20201	20201	0	0
IS	194	19814	19814	0	0
IS	195	19667	19666	0	1
IS	196	19210	19210	0	0
IS	197	18814	18813	0	1
IS	198	18638	18638	0	0
IS	199	18527	18527	0	0
IS	200	18202	18202	0	0
IS	201	17918	17916	1	1
IS	202	17748	17747	0	1
IS	203	16906	16906	0	0
IS	204	16572	16571	0	1
IS	205	16720	16720	0	0
IS	206	16414	16414	0	0
IS	207	16288	16287	1	0
IS	208	15783	15783	0	0
IS	209	15573	15573	0	0
IS	210	15478	15477	0	1
IS	211	14707	14707	0	0
IS	212	14897	14897	0	0
IS	213	14665	14665	0	0
IS	214	14369	14369	0	0
IS	215	14038	14038	0	0
IS	216	14039	14038	0	1
IS	217	13640	13640	0	0
IS	218	13272	13272	0	0
IS	219	13049	13048	0	1
IS	220	12848	12848	0	0
IS	221	12538	12538	0	0
IS	222	12378	12378	0	0
IS	223	11938	11937	1	0
IS	224	11839	11839	0	0
IS	225	11837	11837	0	0
IS	226	11436	11435	0	1
IS	227	11506	11505	1	0
IS	228	10991	10991	0	0
IS	229	10943	10942	0	1
IS	230	10651	10650	1	0
IS	231	10443	10443	0	0
IS	232	10194	10194	0	0
IS	233	9938	9938	0	0
IS	234	9666	9666	0	0
IS	235	9539	9539	0	0
IS	236	9406	9406	0	0
IS	237	9206	9206	0	0
IS	238	9202	9202	0	0
IS	239	8898	8895	1	2
IS	240	8723	8722	0	1
IS	241	8561	8560	0	1
IS	242	8396	8395	1	0
IS	243	8200	8200	0	0
IS	244	8123	8123	0	0
IS	245	7837	7837	0	0
IS	246	7716	7716	0	0
IS	247	7516	7516	0	0
IS	248	7237	7237	0	0
IS	249	7192	7191	1	0
IS	250	7115	7114	0	1
IS	251	6912	6912	0	0
IS	252	6828	6828	0	0
IS	253	6790	6790	0	0
IS	254	6537	6537	0	0
IS	255	6448	6448	0	0
IS	256	6086	6085	0	1
IS	257	6104	6104	0	0
IS	258	6001	6001	0	0
IS	259	5769	5769	0	0
IS	260	5806	5806	0	0
IS	261	5654	5652	0	2
IS	262	5556	5556	0	0
IS	263	5300	5300	0	0
IS	264	5329	5329	0	0
IS	265	5153	5153	0	0
IS	266	4951	4951	0	0
IS	267	4926	4926	0	0
IS	268	4845	4845	0	0
IS	269	4791	4790	1	0
IS	270	4522	4522	0	0
IS	271	4703	4703	0	0
IS	272	4378	4378	0	0
IS	273	4213	4213	0	0
IS	274	4123	4122	0	1
IS	275	4128	4127	0	1
IS	276	4008	4008	0	0
IS	277	3910	3910	0	0
IS	278	3850	3850	0	0
IS	279	3820	3820	0	0
IS	280	3739	3738	0	1
IS	281	3529	3529	0	0
IS	282	3431	3431	0	0
IS	283	3426	3426	0	0
IS	284	3411	3411	0	0
IS	285	3246	3246	0	0
IS	286	3084	3084	0	0
IS	287	3228	3227	1	0
IS	288	2984	2984	0	0
IS	289	3001	3001	0	0
IS	290	2953	2953	0	0
IS	291	2889	2889	0	0
IS	292	2835	2835	0	0
IS	293	2648	2647	0	1
IS	294	2636	2636	0	0
IS	295	2517	2517	0	0
IS	296	2443	2443	0	0
IS	297	2465	2464	0	1
IS	298	2407	2406	0	1
IS	299	2342	2342	0	0
IS	300	2253	2252	0	1
IS	301	2229	2229	0	0
IS	302	2147	2146	0	1
IS	303	2028	2028	0	0
IS	304	2007	2007	0	0
IS	305	2060	2059	1	0
IS	306	2046	2046	0	0
IS	307	1909	1909	0	0
IS	308	1939	1939	0	0
IS	309	1852	1852	0	0
IS	310	1796	1796	0	0
IS	311	1694	1694	0	0
IS	312	1785	1785	0	0
IS	313	1616	1616	0	0
IS	314	1691	1691	0	0
IS	315	1589	1589	0	0
IS	316	1501	1501	0	0
IS	317	1523	1523	0	0
IS	318	1384	1384	0	0
IS	319	1411	1411	0	0
IS	320	1398	1398	0	0
IS	321	1343	1343	0	0
IS	322	1357	1357	0	0
IS	323	1327	1327	0	0
IS	324	1176	1175	1	0
IS	325	1214	1214	0	0
IS	326	1239	1239	0	0
IS	327	1162	1162	0	0
IS	328	1159	1159	0	0
IS	329	1062	1061	0	1
IS	330	1095	1095	0	0
IS	331	1041	1041	0	0
IS	332	995	995	0	0
IS	333	1022	1022	0	0
IS	334	1042	1042	0	0
IS	335	1023	1023	0	0
# Read lengths. Use `grep ^RL | cut -f 2-` to extract this part. The columns are: read length, count
RL	31	310
RL	32	284
RL	33	270
RL	34	300
RL	35	278
RL	36	214
RL	37	234
RL	38	210
RL	39	266
RL	40	238
RL	41	234
RL	42	250
RL	43	196
RL	44	186
RL	45	166
RL	46	170
RL	47	164
RL	48	152
RL	49	154
RL	50	190
RL	51	192
RL	52	188
RL	53	226
RL	54	268
RL	55	386
RL	56	432
RL	57	544
RL	58	616
RL	59	810
RL	60	1026
RL	61	1342
RL	62	1666
RL	63	2158
RL	64	2656
RL	65	3410
RL	66	4338
RL	67	4826
RL	68	5982
RL	69	7300
RL	70	8252
RL	71	9682
RL	72	11144
RL	73	13048
RL	74	14548
RL	75	15974
RL	76	8677674
# Read lengths - first fragments. Use `grep ^FRL | cut -f 2-` to extract this part. The columns are: read length, count
FRL	31	155
FRL	32	142
FRL	33	135
FRL	34	150
FRL	35	139
FRL	36	107
FRL	37	117
FRL	38	105
FRL	39	133
FRL	40	119
FRL	41	117
FRL	42	125
FRL	43	98
FRL	44	93
FRL	45	83
FRL	46	85
FRL	47	82
FRL	48	76
FRL	49	77
FRL	50	95
FRL	51	96
FRL	52	94
FRL	53	113
FRL	54	134
FRL	55	193
FRL	56	216
FRL	57	272
FRL	58	308
FRL	59	405
FRL	60	513
FRL	61	671
FRL	62	833
FRL	63	1079
FRL	64	1328
FRL	65	1705
FRL	66	2169
FRL	67	2413
FRL	68	2991
FRL	69	3650
FRL	70	4126
FRL	71	4841
FRL	72	5572
FRL	73	6524
FRL	74	7274
FRL	75	7987
FRL	76	4338837
# Read lengths - last fragments. Use `grep ^LRL | cut -f 2-` to extract this part. The columns are: read length, count
LRL	31	155
LRL	32	142
LRL	33	135
LRL	34	150
LRL	35	139
LRL	36	107
LRL	37	117
LRL	38	105
LRL	39	133
LRL	40	119
LRL	41	117
LRL	42	125
LRL	43	98
LRL	44	93
LRL	45	83
LRL	46	85
LRL	47	82
LRL	48	76
LRL	49	77
LRL	50	95
LRL	51	96
LRL	52	94
LRL	53	113
LRL	54	134
LRL	55	193
LRL	56	216
LRL	57	272
LRL	58	308
LRL	59	405
LRL	60	513
LRL	61	671
LRL	62	833
LRL	63	1079
LRL	64	1328
LRL	65	1705
LRL	66	2169
LRL	67	2413
LRL	68	2991
LRL	69	3650
LRL	70	4126
LRL	71	4841
LRL	72	5572
LRL	73	6524
LRL	74	7274
LRL	75	7987
LRL	76	4338837
# Mapping qualities for reads !(UNMAP|SECOND|SUPPL|QCFAIL|DUP). Use `grep ^MAPQ | cut -f 2-` to extract this part. The columns are: mapq, count
MAPQ	0	908888
MAPQ	1	1732
MAPQ	2	611
MAPQ	3	3790
MAPQ	4	1146
MAPQ	5	956
MAPQ	6	1444
MAPQ	7	2153
MAPQ	8	1068
MAPQ	9	4358
MAPQ	10	1231
MAPQ	11	2573
MAPQ	12	1756
MAPQ	13	2196
MAPQ	14	894
MAPQ	15	3598
MAPQ	16	2218
MAPQ	17	2239
MAPQ	18	1597
MAPQ	19	3397
MAPQ	20	6211
MAPQ	21	6820
MAPQ	22	8903
MAPQ	23	8163
MAPQ	24	12436
MAPQ	25	20511
MAPQ	26	538
MAPQ	27	53206
MAPQ	28	867
MAPQ	29	1951
MAPQ	30	1067
MAPQ	31	1573
MAPQ	32	473
MAPQ	33	4135
MAPQ	34	860
MAPQ	35	943
MAPQ	36	1036
MAPQ	37	1827
MAPQ	38	603
MAPQ	39	4666
MAPQ	40	68992
MAPQ	41	1691
MAPQ	42	1604
MAPQ	43	4820
MAPQ	44	3193
MAPQ	45	5267
MAPQ	46	7313
MAPQ	47	5705
MAPQ	48	9423
MAPQ	49	22405
MAPQ	50	2171
MAPQ	51	71991
MAPQ	52	3476
MAPQ	53	2085
MAPQ	54	8087
MAPQ	55	3744
MAPQ	56	1127
MAPQ	57	14335
MAPQ	58	843
MAPQ	59	291
MAPQ	60	7468711
# Indel distribution. Use `grep ^ID | cut -f 2-` to extract this part. The columns are: length, number of insertions, number of deletions
ID	1	8224	14335
ID	2	1759	3413
ID	3	1202	1750
ID	4	615	1183
ID	5	230	297
ID	6	181	336
ID	7	85	141
ID	8	78	134
ID	9	52	93
ID	10	44	89
ID	11	16	58
ID	12	25	90
ID	13	6	27
ID	14	16	44
ID	15	4	50
ID	16	8	27
ID	17	2	8
ID	18	1	10
ID	19	2	3
ID	20	0	17
ID	21	1	16
ID	22	0	8
ID	23	0	8
ID	24	0	7
ID	25	0	2
ID	26	0	1
ID	27	0	3
ID	28	0	1
ID	33	0	1
# Indels per cycle. Use `grep ^IC | cut -f 2-` to extract this part. The columns are: cycle, number of insertions (fwd), .. (rev) , number of deletions (fwd), .. (rev)
IC	3	0	0	91	107
IC	4	64	78	90	95
IC	5	72	104	101	105
IC	6	91	90	109	129
IC	7	69	84	129	157
IC	8	78	87	159	172
IC	9	103	80	143	194
IC	10	91	88	173	183
IC	11	121	98	168	161
IC	12	117	106	192	179
IC	13	106	103	193	156
IC	14	111	103	204	192
IC	15	134	86	179	192
IC	16	126	108	200	198
IC	17	138	97	188	220
IC	18	129	115	182	208
IC	19	101	126	185	203
IC	20	110	106	197	182
IC	21	129	107	212	190
IC	22	113	93	193	194
IC	23	125	90	190	171
IC	24	117	108	194	177
IC	25	110	117	200	192
IC	26	121	99	189	184
IC	27	113	88	177	188
IC	28	116	94	165	181
IC	29	120	97	189	162
IC	30	103	88	190	167
IC	31	96	85	190	181
IC	32	110	81	173	178
IC	33	127	92	177	168
IC	34	110	112	206	184
IC	35	104	99	173	166
IC	36	117	89	172	158
IC	37	93	84	144	166
IC	38	86	111	174	178
IC	39	104	92	149	177
IC	40	103	96	167	149
IC	41	93	91	167	159
IC	42	89	102	161	156
IC	43	107	85	160	152
IC	44	101	83	157	171
IC	45	95	94	166	156
IC	46	84	97	149	160
IC	47	105	85	163	172
IC	48	109	81	172	131
IC	49	81	72	171	164
IC	50	96	106	159	140
IC	51	105	76	163	158
IC	52	90	85	155	180
IC	53	80	107	157	156
IC	54	73	91	148	159
IC	55	107	103	134	165
IC	56	97	87	155	148
IC	57	82	75	150	150
IC	58	75	85	144	148
IC	59	69	88	153	150
IC	60	68	62	121	151
IC	61	79	59	134	124
IC	62	63	75	111	140
IC	63	70	64	140	128
IC	64	68	60	117	105
IC	65	73	64	121	128
IC	66	45	58	117	120
IC	67	66	49	126	115
IC	68	55	50	104	117
IC	69	35	56	112	106
IC	70	43	45	112	106
IC	71	40	46	100	87
IC	72	29	47	84	91
IC	73	39	53	59	66
# Coverage distribution. Use `grep ^COV | cut -f 2-` to extract this part.
COV	[1-1]	1	25796746
COV	[2-2]	2	12598078
COV	[3-3]	3	7856336
COV	[4-4]	4	6191562
COV	[5-5]	5	5107609
COV	[6-6]	6	4372514
COV	[7-7]	7	3804491
COV	[8-8]	8	3333522
COV	[9-9]	9	2954196
COV	[10-10]	10	2612294
COV	[11-11]	11	2313252
COV	[12-12]	12	2035444
COV	[13-13]	13	1798906
COV	[14-14]	14	1582366
COV	[15-15]	15	1394449
COV	[16-16]	16	1230695
COV	[17-17]	17	1081524
COV	[18-18]	18	956243
COV	[19-19]	19	841209
COV	[20-20]	20	741358
COV	[21-21]	21	654392
COV	[22-22]	22	578564
COV	[23-23]	23	514053
COV	[24-24]	24	454136
COV	[25-25]	25	401805
COV	[26-26]	26	357594
COV	[27-27]	27	318770
COV	[28-28]	28	286674
COV	[29-29]	29	254983
COV	[30-30]	30	230307
COV	[31-31]	31	208093
COV	[32-32]	32	186907
COV	[33-33]	33	167975
COV	[34-34]	34	151868
COV	[35-35]	35	137820
COV	[36-36]	36	124557
COV	[37-37]	37	113050
COV	[38-38]	38	104230
COV	[39-39]	39	95015
COV	[40-40]	40	87171
COV	[41-41]	41	80079
COV	[42-42]	42	72697
COV	[43-43]	43	66250
COV	[44-44]	44	60390
COV	[45-45]	45	55988
COV	[46-46]	46	51483
COV	[47-47]	47	46520
COV	[48-48]	48	43124
COV	[49-49]	49	40096
COV	[50-50]	50	37420
COV	[51-51]	51	34335
COV	[52-52]	52	31603
COV	[53-53]	53	29272
COV	[54-54]	54	27187
COV	[55-55]	55	25012
COV	[56-56]	56	22778
COV	[57-57]	57	21162
COV	[58-58]	58	19719
COV	[59-59]	59	18279
COV	[60-60]	60	17284
COV	[61-61]	61	16151
COV	[62-62]	62	14715
COV	[63-63]	63	13539
COV	[64-64]	64	13043
COV	[65-65]	65	11991
COV	[66-66]	66	11181
COV	[67-67]	67	10351
COV	[68-68]	68	9719
COV	[69-69]	69	8819
COV	[70-70]	70	8025
COV	[71-71]	71	7497
COV	[72-72]	72	7102
COV	[73-73]	73	6798
COV	[74-74]	74	6231
COV	[75-75]	75	5747
COV	[76-76]	76	5435
COV	[77-77]	77	5244
COV	[78-78]	78	4874
COV	[79-79]	79	4710
COV	[80-80]	80	4367
COV	[81-81]	81	4188
COV	[82-82]	82	3895
COV	[83-83]	83	3592
COV	[84-84]	84	3465
COV	[85-85]	85	3087
COV	[86-86]	86	2955
COV	[87-87]	87	2802
COV	[88-88]	88	2754
COV	[89-89]	89	2538
COV	[90-90]	90	2446
COV	[91-91]	91	2241
COV	[92-92]	92	2157
COV	[93-93]	93	2020
COV	[94-94]	94	1962
COV	[95-95]	95	1943
COV	[96-96]	96	1841
COV	[97-97]	97	1729
COV	[98-98]	98	1660
COV	[99-99]	99	1520
COV	[100-100]	100	1408
COV	[101-101]	101	1277
COV	[102-102]	102	1161
COV	[103-103]	103	1119
COV	[104-104]	104	1033
COV	[105-105]	105	1068
COV	[106-106]	106	997
COV	[107-107]	107	980
COV	[108-108]	108	943
COV	[109-109]	109	861
COV	[110-110]	110	818
COV	[111-111]	111	745
COV	[112-112]	112	715
COV	[113-113]	113	779
COV	[114-114]	114	727
COV	[115-115]	115	656
COV	[116-116]	116	596
COV	[117-117]	117	597
COV	[118-118]	118	562
COV	[119-119]	119	501
COV	[120-120]	120	502
COV	[121-121]	121	492
COV	[122-122]	122	436
COV	[123-123]	123	432
COV	[124-124]	124	458
COV	[125-125]	125	423
COV	[126-126]	126	394
COV	[127-127]	127	421
COV	[128-128]	128	399
COV	[129-129]	129	357
COV	[130-130]	130	332
COV	[131-131]	131	353
COV	[132-132]	132	374
COV	[133-133]	133	347
COV	[134-134]	134	350
COV	[135-135]	135	295
COV	[136-136]	136	340
COV	[137-137]	137	299
COV	[138-138]	138	302
COV	[139-139]	139	303
COV	[140-140]	140	295
COV	[141-141]	141	294
COV	[142-142]	142	243
COV	[143-143]	143	232
COV	[144-144]	144	252
COV	[145-145]	145	260
COV	[146-146]	146	237
COV	[147-147]	147	226
COV	[148-148]	148	267
COV	[149-149]	149	219
COV	[150-150]	150	168
COV	[151-151]	151	188
COV	[152-152]	152	161
COV	[153-153]	153	154
COV	[154-154]	154	148
COV	[155-155]	155	167
COV	[156-156]	156	141
COV	[157-157]	157	177
COV	[158-158]	158	145
COV	[159-159]	159	166
COV	[160-160]	160	184
COV	[161-161]	161	150
COV	[162-162]	162	137
COV	[163-163]	163	145
COV	[164-164]	164	157
COV	[165-165]	165	127
COV	[166-166]	166	116
COV	[167-167]	167	112
COV	[168-168]	168	126
COV	[169-169]	169	117
COV	[170-170]	170	122
COV	[171-171]	171	110
COV	[172-172]	172	123
COV	[173-173]	173	86
COV	[174-174]	174	82
COV	[175-175]	175	107
COV	[176-176]	176	114
COV	[177-177]	177	125
COV	[178-178]	178	144
COV	[179-179]	179	116
COV	[180-180]	180	93
COV	[181-181]	181	94
COV	[182-182]	182	77
COV	[183-183]	183	97
COV	[184-184]	184	69
COV	[185-185]	185	84
COV	[186-186]	186	94
COV	[187-187]	187	77
COV	[188-188]	188	93
COV	[189-189]	189	71
COV	[190-190]	190	93
COV	[191-191]	191	80
COV	[192-192]	192	102
COV	[193-193]	193	81
COV	[194-194]	194	81
COV	[195-195]	195	88
COV	[196-196]	196	79
COV	[197-197]	197	79
COV	[198-198]	198	56
COV	[199-199]	199	57
COV	[200-200]	200	58
COV	[201-201]	201	51
COV	[202-202]	202	60
COV	[203-203]	203	60
COV	[204-204]	204	70
COV	[205-205]	205	59
COV	[206-206]	206	56
COV	[207-207]	207	39
COV	[208-208]	208	53
COV	[209-209]	209	44
COV	[210-210]	210	48
COV	[211-211]	211	36
COV	[212-212]	212	31
COV	[213-213]	213	35
COV	[214-214]	214	35
COV	[215-215]	215	35
COV	[216-216]	216	27
COV	[217-217]	217	41
COV	[218-218]	218	32
COV	[219-219]	219	32
COV	[220-220]	220	45
COV	[221-221]	221	45
COV	[222-222]	222	35
COV	[223-223]	223	32
COV	[224-224]	224	35
COV	[225-225]	225	34
COV	[226-226]	226	29
COV	[227-227]	227	23
COV	[228-228]	228	27
COV	[229-229]	229	38
COV	[230-230]	230	26
COV	[231-231]	231	24
COV	[232-232]	232	21
COV	[233-233]	233	26
COV	[234-234]	234	10
COV	[235-235]	235	28
COV	[236-236]	236	16
COV	[237-237]	237	25
COV	[238-238]	238	23
COV	[239-239]	239	21
COV	[240-240]	240	29
COV	[241-241]	241	20
COV	[242-242]	242	25
COV	[243-243]	243	22
COV	[244-244]	244	25
COV	[245-245]	245	19
COV	[246-246]	246	14
COV	[247-247]	247	14
COV	[248-248]	248	26
COV	[249-249]	249	16
COV	[250-250]	250	19
COV	[251-251]	251	18
COV	[252-252]	252	20
COV	[253-253]	253	10
COV	[254-254]	254	10
COV	[255-255]	255	15
COV	[256-256]	256	10
COV	[257-257]	257	9
COV	[258-258]	258	10
COV	[259-259]	259	10
COV	[260-260]	260	15
COV	[261-261]	261	7
COV	[262-262]	262	10
COV	[263-263]	263	8
COV	[264-264]	264	8
COV	[265-265]	265	9
COV	[266-266]	266	8
COV	[267-267]	267	8
COV	[268-268]	268	11
COV	[269-269]	269	7
COV	[270-270]	270	5
COV	[271-271]	271	5
COV	[272-272]	272	7
COV	[273-273]	273	3
COV	[274-274]	274	7
COV	[275-275]	275	8
COV	[276-276]	276	5
COV	[277-277]	277	4
COV	[278-278]	278	4
COV	[279-279]	279	4
COV	[280-280]	280	5
COV	[281-281]	281	5
COV	[282-282]	282	7
COV	[283-283]	283	5
COV	[284-284]	284	7
COV	[285-285]	285	5
COV	[286-286]	286	3
COV	[287-287]	287	6
COV	[288-288]	288	6
COV	[289-289]	289	8
COV	[290-290]	290	5
COV	[291-291]	291	11
COV	[292-292]	292	4
COV	[293-293]	293	5
COV	[294-294]	294	7
COV	[295-295]	295	6
COV	[296-296]	296	8
COV	[297-297]	297	4
COV	[298-298]	298	5
COV	[299-299]	299	9
COV	[300-300]	300	7
COV	[301-301]	301	6
COV	[302-302]	302	7
COV	[303-303]	303	4
COV	[304-304]	304	6
COV	[305-305]	305	9
COV	[306-306]	306	1
COV	[307-307]	307	5
COV	[308-308]	308	8
COV	[309-309]	309	10
COV	[310-310]	310	5
COV	[311-311]	311	11
COV	[312-312]	312	1
COV	[313-313]	313	6
COV	[314-314]	314	6
COV	[315-315]	315	4
COV	[316-316]	316	12
COV	[317-317]	317	6
COV	[318-318]	318	2
COV	[319-319]	319	7
COV	[320-320]	320	8
COV	[321-321]	321	5
COV	[322-322]	322	5
COV	[323-323]	323	8
COV	[324-324]	324	11
COV	[325-325]	325	15
COV	[326-326]	326	7
COV	[327-327]	327	11
COV	[328-328]	328	7
COV	[329-329]	329	13
COV	[330-330]	330	5
COV	[331-331]	331	11
COV	[332-332]	332	11
COV	[333-333]	333	7
COV	[334-334]	334	12
COV	[335-335]	335	9
COV	[336-336]	336	10
COV	[337-337]	337	12
COV	[338-338]	338	16
COV	[339-339]	339	12
COV	[340-340]	340	12
COV	[341-341]	341	19
COV	[342-342]	342	16
COV	[343-343]	343	23
COV	[344-344]	344	16
COV	[345-345]	345	17
COV	[346-346]	346	21
COV	[347-347]	347	13
COV	[348-348]	348	18
COV	[349-349]	349	15
COV	[350-350]	350	12
COV	[351-351]	351	19
COV	[352-352]	352	10
COV	[353-353]	353	13
COV	[354-354]	354	12
COV	[355-355]	355	11
COV	[356-356]	356	14
COV	[357-357]	357	14
COV	[358-358]	358	7
COV	[359-359]	359	12
COV	[360-360]	360	8
COV	[361-361]	361	8
COV	[362-362]	362	9
COV	[363-363]	363	11
COV	[364-364]	364	8
COV	[365-365]	365	8
COV	[366-366]	366	3
COV	[367-367]	367	11
COV	[368-368]	368	6
COV	[369-369]	369	6
COV	[370-370]	370	8
COV	[371-371]	371	9
COV	[372-372]	372	6
COV	[373-373]	373	6
COV	[374-374]	374	8
COV	[375-375]	375	8
COV	[376-376]	376	14
COV	[377-377]	377	10
COV	[378-378]	378	12
COV	[379-379]	379	16
COV	[380-380]	380	16
COV	[381-381]	381	4
COV	[382-382]	382	10
COV	[383-383]	383	13
COV	[384-384]	384	13
COV	[385-385]	385	10
COV	[386-386]	386	18
COV	[387-387]	387	19
COV	[388-388]	388	15
COV	[389-389]	389	15
COV	[390-390]	390	12
COV	[391-391]	391	9
COV	[392-392]	392	13
COV	[393-393]	393	12
COV	[394-394]	394	7
COV	[395-395]	395	12
COV	[396-396]	396	5
COV	[397-397]	397	6
COV	[398-398]	398	9
COV	[399-399]	399	4
COV	[400-400]	400	5
COV	[401-401]	401	7
COV	[402-402]	402	5
COV	[403-403]	403	9
COV	[404-404]	404	11
COV	[405-405]	405	12
COV	[406-406]	406	5
COV	[407-407]	407	10
COV	[408-408]	408	8
COV	[409-409]	409	8
COV	[410-410]	410	10
COV	[411-411]	411	8
COV	[412-412]	412	11
COV	[413-413]	413	5
COV	[414-414]	414	3
COV	[415-415]	415	2
COV	[416-416]	416	2
COV	[417-417]	417	5
COV	[418-418]	418	5
COV	[419-419]	419	1
COV	[420-420]	420	6
COV	[421-421]	421	2
COV	[422-422]	422	1
COV	[423-423]	423	1
COV	[424-424]	424	1
COV	[425-425]	425	1
COV	[426-426]	426	3
COV	[427-427]	427	3
COV	[429-429]	429	4
COV	[430-430]	430	2
COV	[431-431]	431	1
COV	[432-432]	432	2
COV	[433-433]	433	7
COV	[434-434]	434	2
COV	[435-435]	435	3
COV	[436-436]	436	6
COV	[437-437]	437	3
COV	[438-438]	438	2
COV	[439-439]	439	4
COV	[440-440]	440	2
COV	[441-441]	441	6
COV	[442-442]	442	2
COV	[443-443]	443	1
COV	[444-444]	444	8
COV	[445-445]	445	3
COV	[446-446]	446	3
COV	[447-447]	447	1
COV	[448-448]	448	2
COV	[450-450]	450	1
COV	[451-451]	451	1
COV	[452-452]	452	1
COV	[454-454]	454	1
COV	[455-455]	455	2
COV	[456-456]	456	2
COV	[457-457]	457	2
COV	[458-458]	458	1
COV	[459-459]	459	1
COV	[460-460]	460	2
COV	[461-461]	461	2
COV	[463-463]	463	1
COV	[464-464]	464	2
COV	[466-466]	466	1
COV	[467-467]	467	1
COV	[468-468]	468	1
COV	[469-469]	469	3
COV	[470-470]	470	3
COV	[471-471]	471	1
COV	[472-472]	472	3
COV	[473-473]	473	2
COV	[474-474]	474	4
COV	[475-475]	475	4
COV	[477-477]	477	3
COV	[478-478]	478	3
COV	[479-479]	479	3
COV	[480-480]	480	2
COV	[482-482]	482	1
COV	[485-485]	485	1
COV	[488-488]	488	1
COV	[489-489]	489	2
COV	[490-490]	490	1
COV	[496-496]	496	1
COV	[497-497]	497	1
COV	[498-498]	498	1
COV	[499-499]	499	1
COV	[500-500]	500	1
COV	[501-501]	501	1
COV	[505-505]	505	2
COV	[510-510]	510	1
COV	[512-512]	512	1
COV	[514-514]	514	1
COV	[516-516]	516	1
COV	[517-517]	517	1
COV	[521-521]	521	1
COV	[522-522]	522	1
COV	[525-525]	525	1
COV	[526-526]	526	1
COV	[528-528]	528	1
COV	[530-530]	530	1
COV	[533-533]	533	1
COV	[536-536]	536	1
COV	[538-538]	538	1
COV	[541-541]	541	2
COV	[543-543]	543	1
COV	[544-544]	544	1
COV	[546-546]	546	2
COV	[547-547]	547	2
COV	[549-549]	549	1
COV	[551-551]	551	2
COV	[553-553]	553	2
COV	[557-557]	557	1
COV	[562-562]	562	2
COV	[563-563]	563	1
COV	[564-564]	564	2
COV	[568-568]	568	2
COV	[574-574]	574	1
COV	[575-575]	575	1
COV	[576-576]	576	1
COV	[577-577]	577	1
COV	[578-578]	578	1
COV	[583-583]	583	1
COV	[592-592]	592	1
COV	[598-598]	598	1
COV	[599-599]	599	1
COV	[606-606]	606	1
COV	[609-609]	609	1
COV	[610-610]	610	1
COV	[614-614]	614	1
COV	[616-616]	616	1
COV	[617-617]	617	1
COV	[619-619]	619	2
COV	[626-626]	626	1
COV	[631-631]	631	1
COV	[635-635]	635	1
COV	[638-638]	638	1
COV	[641-641]	641	1
COV	[643-643]	643	1
COV	[646-646]	646	1
COV	[652-652]	652	1
COV	[653-653]	653	1
COV	[654-654]	654	1
COV	[659-659]	659	1
COV	[663-663]	663	1
COV	[668-668]	668	1
COV	[670-670]	670	1
COV	[671-671]	671	1
COV	[673-673]	673	1
COV	[679-679]	679	2
COV	[682-682]	682	1
COV	[683-683]	683	1
COV	[687-687]	687	1
COV	[689-689]	689	1
COV	[693-693]	693	2
COV	[694-694]	694	1
COV	[695-695]	695	1
COV	[702-702]	702	1
COV	[703-703]	703	1
COV	[706-706]	706	2
COV	[710-710]	710	1
COV	[711-711]	711	3
COV	[712-712]	712	1
COV	[713-713]	713	1
COV	[715-715]	715	1
COV	[717-717]	717	1
COV	[719-719]	719	2
COV	[721-721]	721	2
COV	[722-722]	722	1
COV	[724-724]	724	2
COV	[725-725]	725	3
COV	[728-728]	728	2
COV	[730-730]	730	2
COV	[731-731]	731	1
COV	[732-732]	732	1
COV	[733-733]	733	1
COV	[734-734]	734	4
COV	[736-736]	736	1
COV	[738-738]	738	1
COV	[740-740]	740	1
COV	[741-741]	741	1
COV	[742-742]	742	1
COV	[743-743]	743	1
COV	[745-745]	745	1
COV	[748-748]	748	1
COV	[753-753]	753	1
COV	[757-757]	757	1
COV	[759-759]	759	1
COV	[760-760]	760	1
COV	[762-762]	762	1
COV	[766-766]	766	1
COV	[769-769]	769	1
COV	[770-770]	770	1
COV	[771-771]	771	1
COV	[775-775]	775	1
COV	[777-777]	777	2
COV	[784-784]	784	1
COV	[787-787]	787	1
COV	[790-790]	790	1
COV	[791-791]	791	1
COV	[792-792]	792	1
COV	[793-793]	793	1
COV	[794-794]	794	1
COV	[795-795]	795	2
COV	[796-796]	796	1
COV	[797-797]	797	1
COV	[805-805]	805	1
COV	[808-808]	808	1
COV	[810-810]	810	1
COV	[811-811]	811	1
COV	[813-813]	813	1
COV	[819-819]	819	1
COV	[821-821]	821	1
COV	[822-822]	822	1
COV	[823-823]	823	1
COV	[824-824]	824	1
COV	[826-826]	826	1
COV	[828-828]	828	1
COV	[836-836]	836	3
COV	[837-837]	837	2
COV	[841-841]	841	1
COV	[850-850]	850	1
COV	[852-852]	852	2
COV	[857-857]	857	1
COV	[858-858]	858	1
COV	[861-861]	861	1
COV	[865-865]	865	1
COV	[866-866]	866	1
COV	[871-871]	871	1
COV	[873-873]	873	1
COV	[875-875]	875	1
COV	[878-878]	878	2
COV	[883-883]	883	1
COV	[889-889]	889	1
COV	[896-896]	896	1
COV	[900-900]	900	1
COV	[901-901]	901	1
COV	[903-903]	903	1
COV	[905-905]	905	1
COV	[906-906]	906	1
COV	[910-910]	910	1
COV	[912-912]	912	1
COV	[915-915]	915	1
COV	[920-920]	920	1
COV	[924-924]	924	1
COV	[927-927]	927	1
COV	[928-928]	928	1
COV	[935-935]	935	1
COV	[944-944]	944	2
COV	[949-949]	949	1
COV	[952-952]	952	1
COV	[959-959]	959	1
COV	[963-963]	963	2
COV	[964-964]	964	1
COV	[966-966]	966	1
COV	[972-972]	972	2
COV	[975-975]	975	1
COV	[982-982]	982	1
COV	[987-987]	987	1
COV	[989-989]	989	1
COV	[990-990]	990	1
COV	[992-992]	992	1
COV	[997-997]	997	1
COV	[1000-1000]	1000	3
COV	[1000<]	1000	115
# GC-depth. Use `grep ^GCD | cut -f 2-` to extract this part. The columns are: GC%, unique sequence percentiles, 10th, 25th, 50th, 75th and 90th depth percentile
GCD	0.0	0.221	0.004	0.004	0.004	0.004	0.004
GCD	9.0	0.223	0.004	0.004	0.004	0.004	0.004
GCD	12.0	0.225	0.008	0.008	0.008	0.008	0.008
GCD	14.0	0.231	0.004	0.004	0.006	0.008	0.008
GCD	15.0	0.237	0.008	0.008	0.008	0.009	0.011
GCD	16.0	0.255	0.004	0.004	0.008	0.008	0.008
GCD	17.0	0.272	0.004	0.004	0.004	0.008	0.008
GCD	18.0	0.296	0.004	0.004	0.008	0.009	0.011
GCD	19.0	0.308	0.008	0.008	0.011	0.013	0.015
GCD	20.0	0.349	0.004	0.004	0.008	0.008	0.011
GCD	21.0	0.408	0.004	0.004	0.008	0.008	0.011
GCD	22.0	0.488	0.004	0.004	0.008	0.008	0.008
GCD	23.0	0.540	0.008	0.008	0.008	0.008	0.015
GCD	24.0	0.700	0.004	0.004	0.008	0.008	0.008
GCD	25.0	0.829	0.004	0.004	0.008	0.008	0.011
GCD	26.0	1.108	0.004	0.004	0.008	0.008	0.008
GCD	27.0	1.242	0.008	0.008	0.008	0.011	0.015
GCD	28.0	1.648	0.004	0.008	0.008	0.008	0.015
GCD	28.8	1.649	0.182	0.182	0.182	0.182	0.182
GCD	29.0	2.066	0.004	0.004	0.008	0.011	0.022
GCD	30.0	2.713	0.004	0.004	0.008	0.008	0.051
GCD	31.0	3.198	0.008	0.008	0.011	0.046	0.172
GCD	32.0	4.267	0.004	0.008	0.008	0.019	0.164
GCD	33.0	5.407	0.004	0.008	0.011	0.106	0.280
GCD	34.0	7.162	0.004	0.008	0.015	0.169	0.399
GCD	35.0	8.803	0.008	0.011	0.091	0.326	0.590
GCD	36.0	11.556	0.008	0.008	0.038	0.302	0.592
GCD	37.0	14.411	0.004	0.011	0.106	0.387	0.759
GCD	38.0	18.103	0.008	0.008	0.068	0.389	0.746
GCD	39.0	22.076	0.008	0.008	0.076	0.417	0.782
GCD	40.0	25.596	0.008	0.023	0.235	0.619	1.002
GCD	41.0	30.020	0.008	0.008	0.121	0.505	0.941
GCD	42.0	34.113	0.008	0.015	0.205	0.599	1.055
GCD	43.0	38.478	0.008	0.011	0.129	0.539	1.049
GCD	44.0	42.152	0.008	0.023	0.226	0.621	1.139
GCD	45.0	46.435	0.008	0.011	0.125	0.562	1.127
GCD	46.0	50.273	0.008	0.015	0.182	0.622	1.207
GCD	47.0	54.227	0.008	0.011	0.159	0.630	1.245
GCD	48.0	57.316	0.008	0.023	0.190	0.634	1.221
GCD	49.0	60.891	0.008	0.011	0.140	0.607	1.250
GCD	50.0	64.226	0.008	0.015	0.190	0.740	1.429
GCD	51.0	67.574	0.008	0.015	0.137	0.660	1.366
GCD	52.0	70.429	0.008	0.023	0.243	0.772	1.564
GCD	53.0	73.497	0.008	0.011	0.167	0.710	1.458
GCD	54.0	76.329	0.008	0.019	0.220	0.770	1.545
GCD	55.0	79.152	0.008	0.015	0.190	0.822	1.645
GCD	56.0	81.552	0.011	0.030	0.338	1.013	1.901
GCD	57.0	84.214	0.008	0.015	0.243	0.991	2.015
GCD	58.0	86.511	0.008	0.030	0.372	1.218	2.218
GCD	59.0	88.957	0.008	0.019	0.304	1.115	2.258
GCD	60.0	90.973	0.015	0.068	0.440	1.142	2.129
GCD	61.0	93.078	0.008	0.023	0.362	1.132	2.190
GCD	62.0	94.840	0.008	0.023	0.326	1.082	2.190
GCD	63.0	96.125	0.008	0.030	0.302	1.032	1.981
GCD	64.0	97.201	0.008	0.023	0.201	0.733	1.539
GCD	65.0	97.964	0.015	0.040	0.205	0.677	1.431
GCD	66.0	98.554	0.008	0.015	0.061	0.311	0.823
GCD	67.0	98.945	0.008	0.023	0.072	0.243	0.575
GCD	68.0	99.260	0.008	0.011	0.038	0.114	0.256
GCD	69.0	99.469	0.008	0.015	0.032	0.068	0.134
GCD	70.0	99.619	0.008	0.008	0.027	0.060	0.109
GCD	71.0	99.705	0.008	0.011	0.023	0.046	0.091
GCD	72.0	99.803	0.008	0.008	0.015	0.034	0.062
GCD	73.0	99.855	0.008	0.015	0.023	0.042	0.061
GCD	74.0	99.898	0.008	0.008	0.008	0.023	0.046
GCD	75.0	99.922	0.007	0.008	0.011	0.023	0.033
GCD	76.0	99.952	0.008	0.008	0.008	0.015	0.026
GCD	77.0	99.961	0.008	0.008	0.015	0.015	0.015
GCD	78.0	99.975	0.008	0.008	0.008	0.008	0.014
GCD	79.0	99.979	0.008	0.008	0.008	0.015	0.015
GCD	80.0	99.989	0.008	0.008	0.008	0.008	0.008
GCD	82.0	99.992	0.004	0.004	0.006	0.008	0.008
GCD	83.0	99.995	0.004	0.004	0.006	0.008	0.008
GCD	84.0	99.999	0.004	0.004	0.008	0.008	0.008
GCD	85.0	100.000	0.008	0.008	0.008	0.008	0.008
