# This file was produced by samtools stats (1.23+htslib-1.23) and can be plotted using plot-bamstats
# This file contains statistics for all reads.
# The command line was:  stats data/AFR/GWD/HG02814/aligned/HG02814.bam
# CHK, Checksum	[2]Read Names	[3]Sequences	[4]Qualities
# CHK, CRC32 of reads which passed filtering followed by addition (32bit overflow)
CHK	cbdc48b2	83ddcd90	2f64c9e3
# Summary Numbers. Use `grep ^SN | cut -f 2-` to extract this part.
SN	raw total sequences:	228950	# excluding supplementary and secondary reads
SN	filtered sequences:	0
SN	sequences:	228950
SN	is sorted:	1	# sorted by coordinate
SN	1st fragments:	114475
SN	last fragments:	114475
SN	reads mapped:	228901
SN	reads mapped and paired:	228896	# paired-end technology bit set + both mates mapped
SN	reads unmapped:	49
SN	reads properly paired:	227510	# proper-pair bit set
SN	reads paired:	228950	# paired-end technology bit set
SN	reads duplicated:	0	# PCR or optical duplicate bit set
SN	reads MQ0:	19370	# mapped and MQ=0
SN	reads QC failed:	0
SN	non-primary alignments:	0
SN	supplementary alignments:	229
SN	total length:	22881084	# ignores clipping
SN	total first fragment length:	11440542	# ignores clipping
SN	total last fragment length:	11440542	# ignores clipping
SN	bases mapped:	22876452	# ignores clipping
SN	bases mapped (cigar):	22840742	# more accurate
SN	bases trimmed:	0
SN	bases duplicated:	0
SN	mismatches:	76940	# from NM fields
SN	error rate:	3.368542e-03	# mismatches / bases mapped (cigar)
SN	average length:	100
SN	average first fragment length:	100
SN	average last fragment length:	100
SN	maximum length:	100
SN	maximum first fragment length:	100
SN	maximum last fragment length:	100
SN	average quality:	35.0
SN	insert size average:	249.4
SN	insert size standard deviation:	87.1
SN	inward oriented pairs:	113912
SN	outward oriented pairs:	31
SN	pairs with other orientation:	23
SN	pairs on different chromosomes:	482
SN	percentage of properly paired reads (%):	99.4
# First Fragment Qualities. Use `grep ^FFQ | cut -f 2-` to extract this part.
# Columns correspond to qualities and rows to cycles. First column is the cycle number.
FFQ	1	0	0	136	0	0	0	0	0	0	0	102	0	0	0	0	0	269	0	0	0	0	0	69	407	0	272	1411	2166	873	0	7269	51680	0	6020	43801	0	0	0	0	0	0	0	0
FFQ	2	0	0	466	0	0	0	0	0	0	0	114	0	0	0	0	0	360	0	0	12	0	0	162	293	0	233	1136	2397	715	0	5848	44360	0	2974	55405	0	0	0	0	0	0	0	0
FFQ	3	0	0	0	0	0	0	0	0	0	0	85	0	0	0	0	0	659	0	0	32	0	0	176	277	0	311	901	2512	847	0	5646	41390	0	2610	59029	0	0	0	0	0	0	0	0
FFQ	4	0	0	0	0	0	0	0	0	0	0	76	0	0	0	0	0	165	0	0	110	0	0	149	0	0	280	502	52	851	21	1499	55	2493	3372	0	28401	0	76449	0	0	0	0	0
FFQ	5	0	0	0	0	0	0	0	0	0	0	141	0	0	0	0	0	204	0	0	142	0	0	206	0	0	356	718	40	896	17	1748	58	2500	3897	0	29015	0	74537	0	0	0	0	0
FFQ	6	0	0	0	0	0	0	0	0	11	0	84	21	0	0	0	13	24	133	77	75	0	14	13	170	0	439	603	81	462	425	1620	168	2703	3698	0	27427	2327	73887	0	0	0	0	0
FFQ	7	0	0	0	0	0	0	0	0	16	0	149	56	0	0	0	18	53	188	131	137	0	22	26	270	0	557	808	135	514	601	1951	187	3096	3936	0	27132	2268	72224	0	0	0	0	0
FFQ	8	0	0	0	0	0	0	0	0	25	0	173	62	1	0	0	19	36	239	143	135	0	19	23	231	0	524	770	153	550	480	1880	222	3012	4058	0	27365	2394	71961	0	0	0	0	0
FFQ	9	0	0	0	0	0	0	0	0	100	0	530	197	0	0	0	31	127	375	308	326	1	58	31	474	0	1076	427	1280	665	861	3065	225	3457	3866	1605	10290	4	16164	9808	59124	0	0	0
FFQ	10	0	0	0	0	0	0	1	0	21	0	150	50	0	0	0	30	34	310	108	107	0	22	13	207	0	583	251	909	490	461	1855	230	3133	2779	2274	9568	5	17647	7935	65302	0	0	0
FFQ	11	0	0	0	0	0	0	0	0	18	0	137	48	0	0	0	29	49	184	92	89	3	17	15	201	4	530	233	904	242	480	1808	172	2643	2837	1821	9428	1	17163	8302	67025	0	0	0
FFQ	12	0	0	0	0	0	0	1	1	19	0	122	40	0	0	0	15	42	163	90	78	0	16	15	197	4	477	229	935	86	447	1724	149	2464	2669	1572	9193	2	16714	8658	68353	0	0	0
FFQ	13	0	0	0	0	0	0	2	1	13	0	123	46	2	0	0	20	32	157	108	105	1	30	18	207	5	502	231	1031	70	497	1798	135	2476	2901	1425	9431	6	16406	9467	67229	0	0	0
FFQ	14	0	0	0	0	0	1	0	1	18	1	146	68	0	0	0	5	65	173	134	148	4	29	20	59	195	581	262	1166	94	515	832	1312	1812	2919	1810	1677	5904	4638	13988	8312	24574	43012	0
FFQ	15	0	0	0	0	0	2	0	0	30	0	148	62	0	0	0	6	66	199	140	114	1	31	23	62	200	520	246	1081	73	479	794	1307	1830	2921	1935	1701	5875	4745	14119	8619	24977	42169	0
FFQ	16	0	0	0	0	0	1	1	0	33	0	179	63	1	1	0	4	75	237	159	135	1	40	23	68	217	665	304	1232	82	594	899	1374	1955	3206	1937	1762	6016	4677	14113	8325	24843	41253	0
FFQ	17	0	0	0	0	0	0	0	2	23	2	134	41	1	2	2	5	46	181	126	123	3	30	15	70	204	500	243	1105	85	534	760	1266	1937	2906	1983	1696	5996	4913	14141	8797	25227	41376	0
FFQ	18	0	0	0	0	0	1	0	1	29	4	139	38	1	2	1	8	66	186	136	110	1	31	20	55	202	580	267	990	96	538	843	1287	1898	3142	1898	1851	6080	4837	14569	8505	25248	40815	0
FFQ	19	0	0	0	0	0	0	0	3	28	5	146	49	1	0	0	7	59	18	315	140	2	30	19	78	218	541	265	1155	85	562	930	1275	1876	1864	3131	1816	5244	4784	11913	10406	25786	41724	0
FFQ	20	0	0	0	0	0	0	0	1	38	6	171	55	2	1	0	15	71	16	328	141	6	28	21	84	228	548	278	1183	94	600	900	1347	1801	1836	3241	1901	5255	4855	11930	10442	25674	41378	0
FFQ	21	0	0	0	0	0	0	2	3	47	14	163	47	1	2	2	14	74	27	335	138	2	37	31	90	281	534	287	1178	95	572	935	1394	1870	1956	3311	1933	5314	4843	12007	10631	25668	40637	0
FFQ	22	0	0	0	0	0	0	0	3	30	10	166	59	2	1	1	17	87	24	317	146	2	55	27	91	306	539	262	1145	105	570	968	1480	1877	1984	3395	2093	5506	4970	12316	11145	25700	39076	0
FFQ	23	0	0	0	0	0	0	2	4	35	14	161	34	2	2	2	24	84	36	253	125	4	39	31	107	305	435	265	1068	99	581	1027	1353	1768	1857	3308	2065	5416	5032	12320	11577	25898	39142	0
FFQ	24	0	0	0	0	0	0	2	3	46	15	129	36	2	2	2	24	58	45	228	129	4	39	28	106	316	446	252	991	82	577	994	1249	1713	1814	3273	2016	5416	5108	12323	11129	25039	40839	0
FFQ	25	0	0	0	0	0	0	2	9	64	28	197	45	2	2	4	22	98	59	255	183	7	57	38	149	457	471	310	1102	106	631	1168	1440	1784	2113	3411	2260	5574	4932	12727	10647	24852	39269	0
FFQ	26	0	0	0	0	0	4	9	5	109	61	255	64	6	1	11	40	122	105	290	183	4	66	33	141	508	472	349	1203	130	662	1286	1495	1824	2209	3586	2401	5592	5139	12964	10842	24822	37482	0
FFQ	27	0	0	0	0	0	0	9	8	85	59	183	40	2	8	2	36	110	110	227	149	9	50	29	137	465	408	305	1056	109	539	1288	1281	1676	2026	3343	2506	5478	5371	12671	11462	25428	37810	0
FFQ	28	0	0	0	0	0	2	4	12	133	109	248	41	6	7	5	46	137	146	269	198	13	90	48	182	637	467	357	1226	136	682	1493	1631	1820	2233	3532	2735	5585	5157	13324	10478	25236	36050	0
FFQ	29	0	0	0	0	0	2	8	11	112	93	215	21	2	5	6	74	163	153	243	169	10	62	48	165	615	412	334	1074	157	606	1553	1455	1706	2241	3501	2708	5609	5419	13523	10834	25599	35567	0
FFQ	30	0	0	0	0	0	3	9	15	122	150	232	26	10	6	6	68	169	143	205	181	16	88	61	205	675	407	335	1043	150	638	1636	1541	1578	2230	3526	2876	5671	5287	13640	10590	25663	35274	0
FFQ	31	0	0	0	0	0	3	9	21	181	177	214	10	6	12	13	93	208	142	230	190	7	93	61	215	756	481	394	1084	202	724	1881	1593	1569	2379	3538	3136	5736	5432	14280	10097	25668	33640	0
FFQ	32	0	0	1	0	0	6	11	28	245	290	193	5	15	13	11	129	305	154	271	278	25	112	86	270	960	567	457	1201	190	821	2085	1752	1564	2667	3817	3372	5673	5496	14490	10000	25120	31794	0
FFQ	33	0	0	2	0	0	6	14	41	240	358	162	3	13	16	17	142	350	131	265	259	27	133	66	253	987	666	461	1110	183	769	2444	1812	1505	2636	3879	3629	5903	5547	14863	9689	25291	30599	0
FFQ	34	0	0	1	0	0	3	17	26	186	246	65	3	10	17	17	118	287	62	165	174	38	97	79	238	733	681	382	899	206	658	2357	1617	1337	2657	3699	3894	5591	5872	15108	10228	25870	30827	0
FFQ	35	0	0	1	0	0	2	22	54	253	387	56	2	21	17	19	169	296	60	277	254	25	151	88	248	920	632	491	1019	226	847	2412	1813	1337	2879	3543	4077	5541	5771	15628	9239	25761	29921	0
FFQ	36	0	0	1	0	0	3	28	51	263	460	45	8	26	18	34	202	341	49	271	286	33	151	121	270	1062	742	537	1097	272	861	2674	1924	1318	3181	3817	4401	5498	5785	16196	8704	25158	28570	0
FFQ	37	0	0	1	0	0	6	18	50	218	342	7	9	26	23	29	196	267	31	198	184	38	152	89	270	858	761	436	854	274	785	2654	1791	1152	3077	3652	4575	5104	6165	15943	9531	25752	28938	0
FFQ	38	0	0	0	0	0	8	30	61	184	337	8	10	19	26	28	226	287	41	222	191	57	158	95	260	871	674	488	887	287	810	2572	1903	1209	3149	3493	4842	4962	5895	16444	9285	25576	28858	0
FFQ	39	0	0	0	0	0	6	30	87	215	396	7	7	24	31	33	251	232	36	244	212	49	168	108	299	898	642	504	964	315	880	2496	2033	1218	3417	3543	4904	4849	5971	15756	9517	25820	28288	0
FFQ	40	0	0	1	0	0	8	35	90	290	446	7	13	34	40	46	260	228	40	286	278	66	181	139	380	1021	638	582	1008	346	876	2534	2100	1392	3549	3652	5211	5001	6057	15922	9358	25355	26975	0
FFQ	41	0	0	1	0	0	7	41	112	291	497	12	5	46	63	61	288	211	47	278	264	74	192	155	436	1026	643	640	1112	440	935	2610	2131	1438	3822	3626	5457	5003	6236	15795	9504	24841	26103	0
FFQ	42	0	0	1	0	0	9	47	88	197	389	5	7	44	71	57	290	186	61	229	228	72	179	142	360	975	624	631	947	467	869	2650	2039	1402	3819	3465	5643	4767	6452	16053	9842	25100	26036	0
FFQ	43	0	0	13	0	0	12	72	136	297	527	8	14	39	59	79	324	183	62	324	276	81	205	183	455	1199	585	716	1084	549	1020	2599	2173	1514	4106	3650	5685	4781	6267	16129	9376	24676	24982	0
FFQ	44	0	0	1	0	0	8	69	141	280	489	5	17	65	77	102	347	142	78	300	281	97	222	204	521	1133	539	764	1077	576	974	2720	2311	1558	4375	3602	5829	4866	6400	15969	9657	24543	24098	0
FFQ	45	0	0	1	0	0	14	54	137	245	389	11	15	49	86	88	329	113	88	255	224	138	170	225	488	1022	525	742	920	634	954	2539	2258	1529	4421	3402	5956	4846	6765	16387	9577	24885	23953	0
FFQ	46	0	0	1	0	0	10	76	153	261	386	8	18	56	83	95	320	92	77	267	235	155	169	225	568	1098	426	790	921	713	901	2450	2196	1526	4267	3417	5974	4631	6468	15609	9943	24246	25601	0
FFQ	47	0	0	1	0	0	14	62	180	193	366	10	25	52	88	108	318	71	54	200	233	172	201	246	584	1003	379	780	864	809	918	2495	2222	1546	4352	3500	5833	4648	6743	15512	9836	24122	25690	0
FFQ	48	0	0	1	0	0	9	72	178	263	355	14	24	55	98	113	296	61	73	255	241	188	167	256	596	984	340	831	869	801	926	2297	2325	1608	4354	3611	5822	4823	6652	15283	9887	23933	25763	0
FFQ	49	0	0	1	0	0	20	83	210	265	372	9	30	51	107	132	278	67	104	303	263	215	180	284	583	1075	314	932	974	920	1068	2319	2425	1845	4521	3836	5625	5175	6799	13628	11019	23469	24920	0
FFQ	50	0	0	1	0	0	16	82	240	320	313	15	29	64	181	136	286	43	109	270	249	217	196	310	666	1093	258	990	975	1043	1108	2324	2563	1770	4402	3958	5823	5200	6949	13603	11034	22945	24638	0
FFQ	51	0	0	0	0	0	15	89	232	320	304	19	31	70	162	126	253	33	93	288	247	257	189	344	720	1110	219	996	936	1138	1027	2245	2495	1888	4348	4051	5954	5360	6971	13204	11160	22816	24707	0
FFQ	52	0	0	0	0	0	29	108	231	306	321	18	30	80	184	146	229	53	120	287	277	256	229	359	728	1051	214	1025	977	1244	1114	2192	2703	1863	4466	4367	5830	5467	7118	13232	11330	22644	23587	0
FFQ	53	0	0	0	0	0	11	68	203	274	209	18	39	70	198	130	222	33	94	247	209	275	186	339	681	913	179	1046	846	1317	934	2005	2522	1869	4377	4172	6044	5148	7201	12414	11980	22451	25489	0
FFQ	54	0	0	2	0	0	14	71	195	242	158	15	30	71	195	124	178	41	88	218	190	248	160	391	696	887	178	949	800	1305	975	1893	2454	1881	4184	4356	6236	5381	7172	12025	11808	21965	26635	0
FFQ	55	0	0	0	0	0	12	55	151	237	137	18	28	60	181	132	125	37	80	246	199	245	215	346	658	518	347	981	771	1294	1049	1690	2450	1976	4066	4597	6391	5501	6860	12183	11620	21663	27290	0
FFQ	56	0	0	1	0	0	13	50	175	253	123	14	35	59	179	110	139	28	77	248	187	261	184	389	682	468	336	1009	757	1389	1085	1695	2516	2013	3861	4727	6543	5674	7002	11964	11464	21518	27180	0
FFQ	57	0	0	1	0	0	24	74	245	312	144	16	39	71	194	141	123	52	95	279	230	272	200	427	756	464	425	1141	819	1482	1232	1612	2788	2097	3850	5100	6823	5991	6955	11827	11004	20591	26512	0
FFQ	58	0	0	1	0	0	26	76	216	296	120	22	39	65	239	152	107	43	116	299	200	289	206	502	716	440	394	1177	771	1540	1128	1656	2796	2219	3876	5397	7146	6040	6985	11609	11268	20201	26035	0
FFQ	59	0	0	1	0	0	28	134	451	732	229	27	40	76	277	206	109	86	142	490	351	304	265	642	884	488	597	1567	1062	1792	1586	1649	3422	2463	4034	6093	7140	6435	6880	11503	10506	18723	22991	0
FFQ	60	0	0	1	0	0	20	86	203	304	53	20	58	82	285	148	94	33	88	312	160	337	224	589	792	419	385	1446	713	1986	1202	1810	3151	2365	4104	6074	7624	6388	7708	11060	11922	18659	23498	0
FFQ	61	0	0	17	0	0	25	52	225	274	52	17	42	60	231	101	69	32	91	319	168	306	197	547	663	324	392	1491	739	1823	1263	1553	3008	2482	3996	6301	8096	6725	7586	10791	12135	18382	23827	0
FFQ	62	0	0	34	0	0	32	74	248	335	67	23	62	65	237	106	70	44	121	351	191	301	227	620	655	345	461	1521	731	1742	1392	1590	3229	2604	3917	6690	8518	7046	7639	10610	11781	17687	23036	0
FFQ	63	0	0	58	0	0	33	79	304	417	40	31	55	69	268	104	70	37	126	391	203	364	227	669	698	322	481	1706	746	1906	1538	1708	3392	2686	3853	6867	8969	7319	7861	10293	11718	16894	21897	0
FFQ	64	0	0	93	0	0	36	86	298	352	28	38	57	60	295	97	64	33	137	386	161	348	217	685	644	310	461	1739	714	1983	1561	1714	3459	2851	3982	7331	9424	7584	8005	10143	12046	16124	20851	0
FFQ	65	0	0	117	0	0	38	62	249	359	16	28	51	62	263	85	54	47	116	313	240	405	233	661	659	294	509	1692	612	1895	1773	1676	3467	2830	3897	7507	10154	8015	8360	9545	12431	15624	20058	0
FFQ	66	0	0	184	0	0	31	69	289	353	7	32	56	84	244	77	72	61	129	332	240	361	243	666	643	296	461	1728	596	1790	1796	1813	3547	3039	4132	8023	10772	8180	8535	9171	12477	15051	18817	0
FFQ	67	0	0	196	0	0	33	69	308	306	8	48	71	82	214	73	53	50	133	332	214	408	218	658	575	306	506	1817	586	1738	1850	1859	3547	3157	4079	8274	11444	8396	8866	8846	12736	14181	18157	0
FFQ	68	0	0	244	0	0	33	68	326	347	3	51	82	82	262	67	81	58	117	388	244	442	248	743	607	313	561	1855	665	1730	2011	1918	3684	3219	4179	8598	12287	8886	8918	8537	12477	13117	16942	0
FFQ	69	0	0	313	0	0	54	81	367	447	3	54	96	57	283	89	67	67	168	455	247	487	313	835	659	348	647	2164	613	1847	2237	2213	3913	3455	4431	8934	12858	8955	9109	8007	12418	12049	15049	0
FFQ	70	0	0	371	0	0	36	54	333	302	0	62	78	64	247	60	77	56	135	404	186	524	251	746	499	515	642	2077	589	1827	2261	2286	3962	3396	4490	9246	13613	9375	9567	7314	12980	11397	14365	0
FFQ	71	0	0	438	0	0	40	67	426	351	0	58	88	60	251	61	79	65	159	502	225	493	280	752	463	548	739	2241	639	1653	2404	2351	4085	3778	4699	9803	14336	9618	9762	7027	12535	10273	13037	0
FFQ	72	0	0	502	0	0	48	79	387	345	1	60	91	75	220	65	99	61	161	460	219	523	236	730	475	538	687	2090	632	1605	2447	2494	4055	3802	4790	10274	15318	10141	9910	6478	12951	9384	11953	0
FFQ	73	0	0	571	0	0	46	77	394	317	1	70	91	75	258	65	90	55	145	483	241	595	263	646	455	567	749	2224	638	1604	2597	2584	4186	3953	5044	10455	16250	10294	10301	6061	12792	8449	10698	0
FFQ	74	0	0	644	0	0	54	69	486	331	0	48	100	88	255	44	87	64	149	549	229	593	275	688	480	620	828	2387	646	1533	2841	2694	4230	4065	5251	11157	17029	10609	10374	5500	12706	7423	9257	0
FFQ	75	0	0	715	0	0	64	63	517	331	0	75	88	92	235	62	96	55	175	588	218	599	285	705	464	664	880	2294	940	1478	2881	2828	4276	4151	5423	11605	18057	10928	10517	4957	12534	6542	7997	0
FFQ	76	0	0	820	0	0	51	55	472	265	0	105	124	89	312	58	151	58	191	513	262	969	412	926	586	863	1081	3157	1345	2331	4058	4646	6472	6519	6563	15760	13557	11409	7097	4333	12317	4356	2092	0
FFQ	77	0	0	876	0	0	61	54	479	269	0	97	131	102	260	39	128	64	193	466	237	819	330	733	546	748	984	2576	1161	1636	3399	3701	5294	5416	6721	15363	16492	11801	8736	3835	12919	4992	2716	0
FFQ	78	0	0	962	0	0	63	59	472	241	0	82	124	98	197	46	138	55	200	534	219	723	271	544	477	718	973	2318	1094	1337	3322	3403	4782	5008	6664	14483	19364	11845	10347	3296	11978	4361	3574	0
FFQ	79	0	0	1030	0	0	80	63	478	193	0	126	110	93	189	28	136	55	169	563	223	765	285	521	485	697	950	2236	1077	1153	3129	3159	4496	4664	6326	13669	22438	12097	11284	2855	11186	3394	3969	0
FFQ	80	0	0	1130	0	0	59	47	458	181	0	87	120	96	164	30	136	69	176	500	230	781	273	474	508	678	987	2127	1116	1034	3222	3045	4342	4584	6197	13958	24192	12223	11964	2421	10480	2649	3629	0
FFQ	81	0	0	1233	0	0	74	42	455	172	0	89	103	84	155	39	146	59	163	549	202	736	253	403	486	743	965	1996	1176	960	3223	3047	4297	4566	6364	14492	25754	12209	11996	2119	10083	2060	2871	0
FFQ	82	0	0	1371	0	0	68	55	584	202	0	112	117	106	162	33	143	72	229	587	252	810	284	409	497	786	1061	2134	1216	888	3423	3017	4487	4579	6742	14779	26816	12318	11778	1729	8812	1560	2145	0
FFQ	83	0	0	1498	0	0	63	40	502	157	0	138	147	110	158	36	144	56	206	523	242	838	253	362	558	727	1140	2138	1218	810	3451	3088	4677	4727	6539	15326	28282	12360	11652	1404	8070	1146	1575	0
FFQ	84	0	0	1632	0	0	65	45	468	137	0	121	109	100	130	19	153	56	202	501	277	792	251	337	563	759	1156	1967	1273	684	3490	3135	4512	4797	6871	15954	29930	12382	11377	1115	7033	819	1149	0
FFQ	85	0	0	1769	0	0	77	35	634	137	0	121	106	116	96	24	161	81	219	666	268	856	257	288	540	858	1256	2002	1357	668	3678	3189	4714	4888	7035	16428	30781	12284	10705	931	5828	512	789	0
FFQ	86	0	0	1909	0	0	82	29	624	112	0	129	129	92	100	28	157	57	218	619	310	923	228	271	562	904	1383	1957	1372	686	3842	3084	5008	5003	7160	17064	31770	12157	9905	757	4900	335	484	0
FFQ	87	0	0	2079	0	0	78	30	537	89	0	138	110	113	85	27	166	59	216	588	275	849	228	230	600	863	1460	1843	1424	531	3813	3092	4921	5128	7223	17534	33301	12257	9352	566	4047	206	290	0
FFQ	88	0	0	2261	0	0	86	32	515	81	1	126	108	97	69	18	161	70	197	565	287	853	189	193	574	827	1436	1744	1398	520	3906	3068	4886	5095	7285	17937	34924	12187	8776	431	3147	124	158	0
FFQ	89	0	0	2471	0	0	70	20	569	82	0	149	113	108	62	26	153	54	225	635	322	947	184	161	597	854	1478	1709	1547	427	3960	3013	4986	5204	7529	18429	35849	11706	7890	312	2327	74	82	0
FFQ	90	0	0	2684	0	0	68	14	578	86	0	155	84	125	56	19	164	69	250	668	372	876	161	152	629	868	1609	1637	1492	458	4087	3101	5016	5246	7431	18782	37064	11447	6876	226	1686	35	38	0
FFQ	91	0	0	2973	0	0	86	25	596	72	0	167	99	99	48	18	178	67	220	638	337	882	166	126	625	966	1721	1583	1652	413	4163	3076	5064	5363	7736	19212	37631	10953	5966	155	1180	17	22	0
FFQ	92	0	0	3276	0	0	62	23	603	64	0	134	114	99	52	24	166	84	258	600	386	904	139	133	668	973	1637	1447	1648	382	4014	3087	5045	5492	7662	19574	38887	10711	5026	96	792	9	7	0
FFQ	93	0	0	3654	0	0	87	18	644	58	0	175	104	106	45	11	201	84	264	650	341	962	150	109	750	947	1832	1404	1826	367	4222	3166	5255	5543	7602	20048	38931	10043	4116	54	493	1	2	0
FFQ	94	0	0	4120	0	0	101	24	844	69	1	198	120	124	36	21	230	94	294	849	461	1079	168	120	844	1082	2051	1478	1898	350	4512	3274	5582	5731	7474	20355	38080	9030	3234	43	271	2	2	0
FFQ	95	0	0	4582	0	0	84	18	520	42	0	182	100	43	91	14	194	86	237	597	489	1048	119	81	794	1099	2007	1294	1971	322	4271	3154	5348	5889	7526	20856	39504	8912	2553	24	167	1	2	0
FFQ	96	0	0	5134	0	0	89	21	570	43	0	153	84	30	92	19	177	89	262	722	484	971	103	82	763	1120	2038	1162	1961	274	4576	3225	5521	6052	7615	20898	39601	8181	1997	9	84	0	1	0
FFQ	97	0	0	5753	0	0	63	7	487	29	0	132	86	31	71	15	224	74	257	686	522	917	88	76	803	1063	2139	1066	1846	261	4556	3256	5388	5960	7559	21031	40503	7682	1495	5	53	0	0	0
FFQ	98	0	0	6559	0	0	29	5	268	16	0	105	51	24	40	4	170	67	242	538	437	793	54	60	678	1041	1967	898	1884	250	4291	3164	5299	5917	7710	21543	41555	7326	1149	2	19	0	0	0
FFQ	99	0	0	7572	0	0	11	1	118	9	0	42	14	11	25	1	170	78	191	564	395	668	38	68	643	952	1974	691	1805	214	4044	3331	5267	5853	7713	21464	42470	6842	873	0	10	0	0	0
FFQ	100	0	0	8764	0	0	0	0	0	0	0	0	0	0	3	0	168	85	201	653	454	741	30	59	711	935	2028	698	1948	165	4284	3273	5439	6031	7725	21526	41313	6222	638	1	5	0	0	0
# Last Fragment Qualities. Use `grep ^LFQ | cut -f 2-` to extract this part.
# Columns correspond to qualities and rows to cycles. First column is the cycle number.
LFQ	1	0	0	116	0	0	0	0	0	0	0	531	0	0	0	0	0	627	0	0	0	0	0	106	796	0	589	2028	2705	1374	0	7670	46896	0	13883	37154	0	0	0	0	0	0	0	0
LFQ	2	0	0	0	0	0	0	0	0	0	0	758	0	0	0	0	0	1046	0	0	2	0	0	267	840	0	718	2198	3501	1432	0	6411	42506	0	8165	46631	0	0	0	0	0	0	0	0
LFQ	3	0	0	0	0	0	0	0	0	0	0	518	0	0	0	0	0	901	0	0	0	0	0	224	632	0	834	1871	3077	1629	0	6464	40346	0	7780	50199	0	0	0	0	0	0	0	0
LFQ	4	0	0	0	0	0	0	0	0	0	0	560	0	0	0	0	0	407	0	0	449	0	0	221	0	0	699	943	72	1450	0	2225	47	3232	4880	0	28523	0	70767	0	0	0	0	0
LFQ	5	0	0	0	0	0	0	0	0	0	0	494	0	0	0	0	0	346	0	0	444	0	0	184	0	0	649	827	41	1292	0	2092	48	3027	4712	0	28444	0	71875	0	0	0	0	0
LFQ	6	0	0	0	0	0	0	0	0	45	0	364	130	0	0	0	34	73	359	135	192	0	26	20	276	1	647	908	136	766	546	2136	269	3576	4343	0	25375	3061	71057	0	0	0	0	0
LFQ	7	0	0	0	0	0	0	1	0	34	0	324	135	0	0	0	32	58	356	141	119	0	28	20	233	1	642	841	124	759	538	2072	283	3380	4440	0	25693	3043	71178	0	0	0	0	0
LFQ	8	0	0	0	0	0	1	0	0	49	0	362	147	1	0	0	34	76	348	142	188	0	28	23	257	0	712	905	171	734	582	2219	250	3501	4420	0	25800	2996	70529	0	0	0	0	0
LFQ	9	0	0	0	0	0	0	0	0	55	0	393	143	0	0	1	47	64	386	159	165	0	30	16	265	1	730	330	892	686	607	2261	192	3157	3116	1868	9494	0	16617	9585	63215	0	0	0
LFQ	10	0	0	0	0	0	1	1	0	53	0	337	128	0	0	0	40	71	398	167	183	1	30	23	322	1	702	255	993	551	576	2253	206	3111	3191	1913	9349	0	16812	9740	63067	0	0	0
LFQ	11	0	0	0	0	0	0	0	0	57	1	366	120	1	0	1	38	74	367	142	164	2	33	17	274	1	701	322	1179	317	589	2186	206	3081	3098	1871	9441	0	16790	9667	63369	0	0	0
LFQ	12	0	0	0	0	0	0	0	1	52	3	324	140	0	0	2	42	56	383	164	175	1	25	21	246	3	675	332	1362	126	534	2179	208	3148	3049	1879	9492	0	16689	9366	63798	0	0	0
LFQ	13	0	0	0	0	0	0	3	0	106	2	706	268	1	1	2	48	142	478	292	328	1	54	37	492	10	956	408	1834	124	896	2840	219	3509	3810	1831	10278	3	16562	10237	57997	0	0	0
LFQ	14	0	0	0	0	0	1	2	1	88	3	629	222	0	1	2	11	129	596	246	220	7	43	32	74	308	879	362	1872	94	690	1201	1677	2642	3660	2623	1933	6221	4994	15200	8996	22437	36379	0
LFQ	15	0	0	0	0	0	0	0	1	51	4	404	133	2	1	2	8	83	508	179	161	1	26	28	100	175	678	286	1579	86	567	1031	1382	2453	3156	2628	1753	6167	5415	15214	9793	23311	37109	0
LFQ	16	0	0	1	0	0	2	1	0	78	6	493	178	1	1	2	14	134	486	206	225	3	48	35	89	283	826	353	1640	117	694	1093	1605	2477	3639	2419	1958	6338	4953	15603	9069	23410	35995	0
LFQ	17	0	0	0	0	0	1	3	3	56	2	413	129	0	2	0	15	101	421	163	175	5	38	33	81	284	703	336	1570	86	593	1046	1458	2487	3233	2524	1817	6318	5049	15539	9429	23608	36754	0
LFQ	18	0	0	0	0	0	4	1	2	83	10	533	176	6	1	1	12	128	441	232	254	2	54	42	98	355	769	356	1610	117	647	1158	1581	2406	3628	2391	1976	6211	5082	15701	8972	23555	35880	0
LFQ	19	0	0	0	0	0	4	2	2	91	16	549	184	2	1	6	16	120	43	715	241	5	50	43	114	345	812	375	1710	114	739	1162	1677	2418	2212	3781	1998	5708	4935	12779	11140	23709	36657	0
LFQ	20	0	0	0	0	0	2	1	5	99	29	526	164	5	1	2	16	117	60	681	236	4	58	44	131	398	781	354	1646	110	730	1214	1665	2433	2214	3871	2147	5595	5042	12897	11337	24267	35593	0
LFQ	21	0	0	17	0	0	3	3	5	108	13	442	156	2	3	2	24	110	78	641	195	3	62	41	134	371	746	349	1578	115	708	1225	1563	2285	2159	3945	2080	5723	5163	13106	11758	24097	35462	0
LFQ	22	0	0	44	0	0	0	2	6	111	33	460	168	5	1	1	25	134	81	560	211	5	61	37	121	372	691	330	1564	120	694	1166	1570	2339	2039	3858	2105	5628	5042	13125	12341	24454	34971	0
LFQ	23	0	0	8	0	0	3	3	11	97	38	386	142	2	0	3	39	142	102	559	218	8	52	25	154	431	684	376	1504	131	716	1177	1530	2293	2174	3744	2178	5650	5067	13494	12202	24384	34748	0
LFQ	24	0	0	0	0	0	2	6	9	118	55	400	130	7	2	3	31	140	125	489	230	6	62	38	170	484	638	394	1503	125	746	1338	1619	2163	2205	3895	2275	5641	4977	13849	11494	22758	36348	0
LFQ	25	0	0	0	0	0	2	6	11	136	71	391	108	4	4	7	56	191	169	444	207	11	70	44	191	525	599	386	1506	121	704	1359	1538	2178	2179	3952	2344	5802	5259	13864	11507	23041	35488	0
LFQ	26	0	0	0	0	0	3	9	14	153	126	460	121	9	10	5	63	205	181	439	263	5	79	58	198	699	630	435	1543	160	824	1558	1762	2148	2508	4081	2493	6019	5262	14236	11194	23352	33170	0
LFQ	27	0	0	0	0	0	7	4	9	188	122	383	73	8	6	8	79	206	199	375	226	12	89	66	226	708	604	403	1519	137	765	1641	1648	2132	2326	3975	2564	5861	5451	14231	11719	23736	32769	0
LFQ	28	0	0	6	0	0	7	14	17	256	228	496	77	11	8	13	82	298	241	414	333	18	111	61	277	970	642	470	1645	197	898	1966	1905	2205	2580	4321	2757	6150	5284	14750	11080	23436	30251	0
LFQ	29	0	0	0	0	0	6	17	28	352	381	614	71	7	13	19	144	398	309	484	393	16	147	96	312	1270	718	534	1770	202	1026	2254	2090	2181	2924	4555	3069	6089	5550	14898	10838	22960	27740	0
LFQ	30	0	0	0	0	0	4	13	22	269	313	361	16	12	15	14	134	358	264	312	301	16	132	69	283	998	755	452	1423	216	780	2422	1909	2131	2654	4596	3147	6113	6088	15207	11619	23662	27395	0
LFQ	31	0	0	0	0	0	4	20	49	369	472	420	15	14	17	13	189	435	263	429	370	15	142	103	349	1230	819	543	1582	216	958	2659	2131	1950	2976	4458	3312	6015	5829	15628	10785	23393	26303	0
LFQ	32	0	0	0	0	0	8	14	46	291	400	232	1	16	20	26	187	395	191	283	269	22	129	72	278	993	851	512	1277	237	843	2805	1913	1740	2950	4335	3610	5957	6076	15861	11318	24197	26119	0
LFQ	33	0	0	0	0	0	3	25	42	333	547	224	4	15	22	25	187	409	124	350	290	39	172	105	347	1206	781	548	1327	267	929	2813	2048	1634	3110	4217	3848	5943	5901	16519	10643	24015	25459	0
LFQ	34	0	0	0	0	0	10	32	61	442	661	153	3	24	30	25	241	458	130	370	350	28	175	147	366	1302	944	580	1334	285	981	3050	2138	1535	3295	4291	4008	5935	6016	16778	9948	23654	24685	0
LFQ	35	0	0	0	0	0	7	48	67	443	708	94	7	27	28	44	283	522	89	366	348	36	208	120	386	1376	1032	649	1320	316	1027	3271	2275	1597	3502	4276	4271	5832	6084	16993	9626	23405	23776	0
LFQ	36	0	0	1	0	0	13	48	117	602	1047	81	7	39	46	44	354	526	80	497	514	44	245	158	443	1658	1138	764	1500	353	1215	3541	2481	1603	3795	4595	4668	5796	6054	17152	9052	22428	21759	0
LFQ	37	0	0	2	0	0	19	75	133	681	1218	49	12	37	54	69	463	662	66	507	510	66	274	160	522	1598	1235	809	1435	385	1199	3822	2620	1545	3873	4542	5105	5677	6251	17176	9307	21716	20582	0
LFQ	38	0	0	1	0	0	18	73	168	747	1250	27	8	47	56	68	533	691	68	459	467	63	303	200	546	1696	1284	831	1476	448	1201	4021	2572	1462	4147	4455	5266	5411	6385	17403	9407	21536	19659	0
LFQ	39	0	0	1	0	0	14	77	167	550	1054	15	8	42	76	95	556	616	66	465	462	81	256	207	527	1596	1228	825	1376	510	1171	4116	2638	1563	4323	4362	5748	5301	6609	16803	9944	21582	19420	0
LFQ	40	0	0	1	0	0	17	94	194	575	1041	6	15	73	78	90	589	539	93	450	479	91	262	211	611	1699	1107	908	1439	530	1180	3956	2532	1586	4602	4285	5701	5255	6697	16989	10026	21547	18897	0
LFQ	41	0	0	2	0	0	21	90	214	645	1100	13	26	63	94	92	630	496	93	439	419	105	321	257	642	1746	1083	904	1374	598	1091	4128	2586	1598	4606	4003	5833	4926	6675	16485	10275	20871	19899	0
LFQ	42	0	0	2	0	0	20	90	224	572	997	5	24	79	124	129	674	395	95	419	422	130	315	275	720	1667	1029	978	1255	680	1116	4045	2587	1616	4806	3964	5983	4714	6944	16569	10208	20998	19573	0
LFQ	43	0	0	2	0	0	18	102	230	498	816	8	21	75	124	150	618	320	107	389	405	106	281	283	700	1629	887	957	1272	752	1109	3850	2665	1600	4956	3893	6065	4712	6736	16785	10457	21230	19632	0
LFQ	44	0	0	2	0	0	25	106	305	494	913	10	17	77	150	133	613	242	120	441	441	132	308	283	784	1557	750	1038	1346	751	1225	3593	2797	1772	5077	3886	5995	4746	6629	16775	10287	21314	19303	0
LFQ	45	0	0	2	0	0	36	144	298	653	1035	14	17	94	193	178	677	226	132	471	545	194	338	348	828	1748	720	1141	1444	957	1287	3620	2903	1857	5265	4051	5958	4985	6665	16481	9489	20873	18567	0
LFQ	46	0	0	2	0	0	28	134	315	502	852	14	29	105	205	175	659	177	135	446	423	195	298	374	857	1640	656	1084	1310	1066	1245	3628	2819	1821	5450	3830	6103	4879	7001	16676	9896	20947	18456	0
LFQ	47	0	0	3	0	0	25	131	316	515	710	15	28	91	197	192	576	130	133	401	396	246	303	360	896	1624	618	1142	1253	1132	1166	3416	2845	1974	5418	3981	6078	5047	6900	16636	10032	21206	18298	0
LFQ	48	0	0	3	0	0	22	95	285	442	592	17	37	89	235	176	561	88	116	355	331	282	265	403	942	1497	485	1103	1133	1214	1070	3294	2731	1852	5288	3845	5927	4616	7050	15819	10890	20883	20391	0
LFQ	49	0	0	2	0	0	26	132	391	619	839	11	34	99	242	210	491	85	137	423	446	240	322	421	916	1586	419	1228	1282	1283	1279	3022	2996	1966	5079	4003	5681	5142	6746	13908	11511	20488	20716	0
LFQ	50	0	0	3	0	0	22	141	341	537	673	22	45	128	309	236	493	82	149	403	386	272	293	481	968	1571	375	1215	1223	1401	1257	3101	2819	1884	5075	4002	5638	5069	6868	13665	11516	20466	21290	0
LFQ	51	0	0	5	0	0	13	145	318	460	583	28	47	118	298	217	484	75	143	348	341	352	282	553	1084	1583	363	1363	1116	1913	1209	3704	3136	2105	6461	4548	6397	5138	9893	15359	16015	18084	10136	0
LFQ	52	0	0	5	0	0	29	211	476	737	739	24	48	129	316	260	467	86	166	476	447	342	311	523	1179	1530	279	1445	1228	1784	1275	2923	3184	2250	5596	4635	5715	5406	7914	14948	14764	20284	12284	0
LFQ	53	0	0	183	0	0	29	132	348	457	405	33	50	117	338	273	373	63	128	345	328	381	260	530	1076	1283	238	1344	1028	1854	1216	2754	3106	2095	5105	4761	5615	5372	7469	13673	13769	21016	16866	0
LFQ	54	0	0	438	0	0	21	110	250	396	272	21	39	86	246	189	225	44	126	315	294	339	251	467	958	1110	194	1365	890	1715	1165	2327	3017	2134	4666	4686	5606	5474	7286	13124	12886	20708	20971	0
LFQ	55	0	0	3	0	0	35	131	354	502	310	31	95	246	284	214	385	68	147	429	351	321	259	552	996	749	505	1481	1026	1836	1340	2108	3115	2244	4451	4968	5787	5660	6454	13004	11482	19831	22655	0
LFQ	56	0	0	2	0	0	28	165	479	697	351	41	79	197	370	256	289	84	175	490	412	498	312	714	1102	758	607	1578	1108	2005	1492	2018	3335	2290	4312	5355	5907	5888	6346	12864	10738	19134	21932	0
LFQ	57	0	0	3	0	0	27	157	378	526	262	25	79	134	381	217	184	73	148	458	304	498	299	685	1141	724	556	1683	957	2135	1487	2125	3241	2395	4369	5606	5950	5936	6760	12257	11180	18946	22122	0
LFQ	58	0	0	3	0	0	32	161	466	644	195	21	82	114	405	232	164	83	162	485	323	512	304	714	1117	632	598	1728	978	2184	1607	2027	3452	2511	4286	5890	6158	6201	6538	11895	11098	18478	21928	0
LFQ	59	0	0	3	0	0	31	141	465	587	163	39	81	119	427	187	135	74	186	542	329	452	314	840	1035	510	559	1940	907	2380	1662	2033	3591	2598	4146	6151	6349	6245	6698	11860	10924	17798	21904	0
LFQ	60	0	0	4	0	0	30	182	550	733	176	34	90	129	477	242	132	80	173	596	382	465	327	912	1106	544	588	2106	992	2477	1805	2022	3807	2757	4209	6499	6465	6525	6628	11712	10639	17103	20705	0
LFQ	61	0	0	39	0	0	52	251	745	1086	246	43	100	133	548	260	156	112	233	741	444	512	410	1092	1205	601	801	2364	1145	2682	1977	2071	4050	2891	4380	6906	6530	6740	6553	11390	10246	16019	18648	0
LFQ	62	0	0	93	0	0	49	158	445	618	80	45	109	136	493	211	144	57	174	531	290	555	383	974	1088	585	571	2320	889	2842	1764	2175	4070	3015	4234	7159	6912	6844	7220	11121	11233	16159	18656	0
LFQ	63	0	0	175	0	0	64	199	629	840	99	43	105	134	513	194	120	83	211	715	329	575	399	1044	1044	504	692	2386	996	2688	2033	2113	4249	3267	4202	7565	7226	7203	6753	10870	10909	15270	17958	0
LFQ	64	0	0	257	0	0	75	229	736	967	77	66	125	152	565	221	111	87	235	793	360	676	438	1247	1077	515	792	2712	982	2816	2262	2171	4449	3306	4168	7885	7322	7407	6890	10536	10607	14411	16672	0
LFQ	65	0	0	381	0	0	71	209	759	989	53	59	164	153	640	197	89	101	241	688	423	718	473	1255	1131	516	747	2851	880	2899	2446	2297	4575	3480	4202	7908	7839	7618	6923	10034	10872	13729	15787	0
LFQ	66	0	0	532	0	0	73	158	621	739	21	72	150	118	568	172	112	82	191	640	311	690	406	1153	1009	453	775	2713	777	2871	2386	2458	4478	3527	4250	8368	8314	7910	7435	9746	11380	13355	15383	0
LFQ	67	0	0	703	0	0	74	194	730	868	19	78	154	138	532	169	102	89	222	783	419	720	430	1298	985	528	902	2898	845	2644	2577	2461	4676	3717	4085	8637	8896	8095	7260	9558	11036	12463	14409	0
LFQ	68	0	0	879	0	0	72	151	576	686	11	78	155	125	432	139	115	79	243	643	309	700	424	1164	876	496	874	2809	773	2551	2503	2583	4722	3810	4162	9230	9392	8408	7585	8956	11901	11910	13868	0
LFQ	69	0	0	1100	0	0	75	143	660	730	3	81	150	109	481	121	106	107	245	734	374	778	453	1173	864	504	964	2939	806	2547	2957	2637	4699	3895	4194	9389	9997	8749	7551	8489	11495	11148	12942	0
LFQ	70	0	0	1316	0	0	80	125	755	644	3	77	153	117	437	131	91	100	224	702	321	799	454	1047	691	756	939	2880	819	2450	2932	2811	4745	4063	4287	9793	10600	8867	7969	8135	11751	10379	11944	0
LFQ	71	0	0	1580	0	0	102	156	766	643	0	75	158	116	453	118	140	96	260	776	364	808	479	1111	703	766	1012	3104	809	2236	3087	2863	4890	4184	4337	10038	11162	9174	8154	7468	11612	9496	11090	0
LFQ	72	0	0	1847	0	0	96	143	701	590	0	91	167	134	402	94	136	95	226	784	342	840	421	1065	693	797	1036	3162	797	2164	3179	3173	4721	4252	4561	10432	11879	9321	8632	6979	11456	8832	10146	0
LFQ	73	0	0	2178	0	0	111	145	861	639	1	94	185	117	381	103	159	101	228	872	334	854	436	1078	669	782	1171	3241	875	2108	3328	3201	4919	4525	4595	10835	12400	9521	8617	6454	11297	7890	9079	0
LFQ	74	0	0	2556	0	0	137	158	950	693	0	125	192	132	459	114	175	131	283	930	337	1007	478	1132	748	866	1188	3468	954	2054	3489	3198	5279	4462	4849	11071	12795	9614	8892	5962	10850	6905	7750	0
LFQ	75	0	0	2929	0	0	134	136	961	609	0	140	209	136	492	95	189	117	311	1000	318	1056	461	1028	717	929	1225	3253	1198	2051	3646	3567	5203	4822	4884	11414	13353	9756	8929	5300	11064	5915	6832	0
LFQ	76	0	0	3357	0	0	125	167	1098	708	1	136	246	137	439	79	179	96	340	1007	385	1099	535	1080	754	966	1404	3270	1329	1899	4012	3635	5379	4826	5113	12024	13551	9921	8920	4644	10527	5270	5717	0
LFQ	77	0	0	3761	0	0	188	186	1542	852	0	141	250	207	495	102	215	125	361	1244	376	1175	585	1149	763	1038	1529	3661	1421	1806	4223	3761	5404	4970	5160	12471	13797	9702	8736	4153	9796	4261	4768	0
LFQ	78	0	0	4118	0	0	139	123	1128	589	0	190	261	164	522	73	213	120	336	1042	369	1266	587	1007	733	965	1527	3558	1394	1956	4229	3841	5543	5310	5285	12978	14698	9889	9060	3571	9840	3679	4069	0
LFQ	79	0	0	4512	0	0	173	145	1302	618	0	192	270	167	430	98	225	128	346	1122	374	1292	543	976	771	1092	1602	3530	1511	1600	4464	3896	5442	5213	5498	13362	15376	10126	9345	3151	9084	3046	3349	0
LFQ	80	0	0	4908	0	0	171	130	1340	525	0	204	271	191	463	69	242	127	373	1098	424	1377	503	888	819	1080	1683	3587	1523	1569	4461	3913	5576	5393	5614	13968	16127	10146	9321	2728	8404	2435	2716	0
LFQ	81	0	0	5325	0	0	163	152	1482	500	0	212	253	198	380	80	246	118	321	1252	399	1430	545	799	821	1188	1819	3483	1588	1343	4817	4110	5718	5445	5571	14418	16614	10020	9547	2314	7772	1866	2055	0
LFQ	82	0	0	5779	0	0	166	116	1214	365	0	209	256	174	303	52	213	117	366	1087	440	1399	472	702	841	1174	1860	3396	1682	1340	4602	4055	5816	5659	5804	15273	17702	10016	9431	1961	7357	1421	1543	0
LFQ	83	0	0	6276	0	0	195	160	1802	489	0	248	247	236	355	72	258	152	397	1459	501	1503	555	755	958	1198	2067	3548	1784	1197	5075	4002	5892	5568	5768	15523	17832	9551	8898	1558	6158	1029	1095	0
LFQ	84	0	0	6733	0	0	175	138	1513	403	0	266	310	207	320	58	285	128	405	1290	528	1584	505	628	963	1248	2171	3479	1782	1168	5246	3925	6150	5824	5958	15921	18686	9508	8631	1247	5493	717	768	0
LFQ	85	0	0	7197	0	0	169	93	1279	277	0	261	250	178	232	66	249	143	370	1117	503	1523	475	477	905	1265	2122	3163	1816	1029	5192	3997	6117	6110	6053	16939	19780	9577	8566	954	4853	527	530	0
LFQ	86	0	0	7748	0	0	188	96	1480	305	1	221	236	204	225	60	276	142	397	1225	501	1505	478	464	931	1331	2313	3161	1925	884	5338	4025	6261	5893	6066	17208	20461	9493	7914	793	3963	320	318	0
LFQ	87	0	0	8373	0	0	212	94	1430	230	0	282	250	201	206	62	284	151	408	1134	556	1579	423	415	981	1354	2339	3123	1935	839	5425	4003	6437	6071	6073	17651	21213	9217	7263	561	3182	183	208	0
LFQ	88	0	0	8980	0	0	221	94	1802	261	1	316	268	215	201	62	314	149	449	1391	586	1666	423	413	1024	1376	2668	3152	2072	820	5552	3995	6533	6163	6093	17889	21035	8547	6503	440	2436	117	105	0
LFQ	89	0	0	9550	0	0	191	98	1399	196	0	334	244	210	167	49	329	128	442	1258	638	1624	382	315	1030	1394	2605	2891	1989	727	5693	4076	6629	6338	6058	18436	21970	8559	6053	311	1894	47	70	0
LFQ	90	0	0	10200	0	0	205	87	1404	159	0	281	254	205	111	40	301	135	460	1246	666	1544	324	266	1019	1400	2671	2627	2149	625	5601	3943	6442	6461	6059	19361	22691	8339	5360	196	1411	32	34	0
LFQ	91	0	0	10975	0	0	196	64	1587	140	1	301	254	202	122	33	318	120	443	1366	621	1679	346	237	1054	1406	2874	2551	2184	613	5684	3875	6686	6405	5858	19299	23118	7874	4711	151	918	12	17	0
LFQ	92	0	0	11750	0	0	205	82	1567	122	1	328	249	200	103	47	345	128	466	1337	688	1682	334	216	1093	1457	2959	2500	2253	592	5887	3914	6597	6458	5867	19679	23223	7362	3894	94	589	6	4	0
LFQ	93	0	0	12592	0	0	172	53	1415	82	0	302	218	186	68	30	306	143	424	1172	765	1611	275	155	1050	1478	2995	2244	2387	545	5824	3971	6708	6602	5813	19866	24010	7106	3227	59	404	2	5	0
LFQ	94	0	0	13523	0	0	163	44	1177	64	1	267	173	187	56	36	278	120	430	1183	703	1459	211	128	1029	1377	3041	2013	2315	459	5749	4004	6723	6751	6137	20468	24314	6739	2672	28	221	3	0	0
LFQ	95	0	0	14721	0	0	148	26	1041	69	2	235	180	42	125	23	266	124	370	1130	700	1408	180	101	1084	1377	3016	1786	2287	411	5682	3886	6713	6671	5939	20832	25160	6309	2026	19	130	1	1	0
LFQ	96	0	0	16093	0	0	122	23	910	62	0	250	142	51	112	18	259	113	363	1090	695	1286	153	100	987	1401	2996	1543	2313	361	5489	3816	6699	6647	5919	20873	25697	5934	1613	6	65	2	0	0
LFQ	97	0	0	17776	0	0	126	21	1056	46	0	253	139	43	103	30	277	144	386	1282	740	1317	128	95	998	1378	3195	1566	2374	329	5738	3780	6738	6690	5733	20850	24407	5266	1143	5	32	0	0	0
LFQ	98	0	0	19487	0	0	67	15	558	30	0	163	82	26	73	11	202	128	358	1062	670	1197	92	95	989	1400	3146	1357	2288	294	5704	3704	6771	6800	5714	20919	25054	4895	786	2	16	0	0	0
LFQ	99	0	0	21362	0	0	18	6	214	5	1	72	31	11	34	7	225	133	321	1149	660	997	69	90	951	1329	3140	1189	2401	247	5611	3843	6618	6925	5705	20852	24910	4382	607	0	7	0	0	0
LFQ	100	0	0	23282	0	0	0	0	0	0	0	0	0	0	2	0	193	122	285	1062	601	889	60	85	909	1262	2900	1003	2281	219	5298	3883	6658	6858	5573	20973	25247	4025	424	1	5	0	0	0
# GC Content of first fragments. Use `grep ^GCF | cut -f 2-` to extract this part.
GCF	3.77	0
GCF	8.04	1
GCF	9.05	0
GCF	10.05	1
GCF	11.06	0
GCF	12.06	4
GCF	13.07	0
GCF	14.07	2
GCF	15.08	3
GCF	16.08	8
GCF	17.09	14
GCF	18.09	18
GCF	19.10	44
GCF	20.10	82
GCF	21.11	142
GCF	22.11	231
GCF	23.12	313
GCF	24.12	503
GCF	24.87	678
GCF	25.38	679
GCF	26.13	950
GCF	26.88	1281
GCF	27.39	1284
GCF	27.89	1491
GCF	28.39	1489
GCF	28.89	1805
GCF	29.40	1807
GCF	30.15	2236
GCF	30.90	2438
GCF	31.41	2440
GCF	31.91	2698
GCF	32.41	2697
GCF	32.91	3092
GCF	33.42	3094
GCF	33.92	3221
GCF	34.42	3222
GCF	34.92	3466
GCF	35.43	3465
GCF	35.93	3632
GCF	36.43	3631
GCF	36.93	3896
GCF	37.44	3897
GCF	38.19	3794
GCF	39.20	4070
GCF	39.95	4081
GCF	40.45	4085
GCF	40.95	3990
GCF	41.46	3992
GCF	41.96	3831
GCF	42.46	3830
GCF	42.96	3828
GCF	43.47	3822
GCF	43.97	3714
GCF	44.47	3718
GCF	44.97	3680
GCF	45.48	3675
GCF	45.98	3325
GCF	46.48	3327
GCF	46.98	3352
GCF	47.49	3350
GCF	47.99	3206
GCF	48.49	3203
GCF	48.99	3114
GCF	49.50	3112
GCF	50.00	2970
GCF	50.50	2974
GCF	51.01	2863
GCF	51.51	2865
GCF	52.01	2752
GCF	52.51	2754
GCF	53.02	2629
GCF	53.52	2632
GCF	54.02	2615
GCF	54.52	2611
GCF	55.03	2505
GCF	55.53	2503
GCF	56.03	2545
GCF	56.53	2543
GCF	57.04	2306
GCF	57.54	2307
GCF	58.04	2344
GCF	58.54	2346
GCF	59.05	2166
GCF	59.55	2165
GCF	60.30	1887
GCF	61.06	1704
GCF	61.56	1701
GCF	62.06	1655
GCF	62.56	1654
GCF	63.07	1351
GCF	63.57	1354
GCF	64.07	1257
GCF	64.57	1259
GCF	65.08	1004
GCF	65.58	1005
GCF	66.08	854
GCF	66.58	851
GCF	67.34	728
GCF	68.34	570
GCF	69.10	445
GCF	69.60	444
GCF	70.35	342
GCF	71.36	232
GCF	72.36	187
GCF	73.37	147
GCF	74.12	89
GCF	74.62	90
GCF	75.38	52
GCF	76.38	46
GCF	77.39	37
GCF	78.39	31
GCF	79.40	23
GCF	80.40	18
GCF	81.41	5
GCF	82.41	2
GCF	83.42	4
GCF	84.42	1
GCF	85.43	2
GCF	86.43	0
GCF	87.94	1
# GC Content of last fragments. Use `grep ^GCL | cut -f 2-` to extract this part.
GCL	6.28	0
GCL	13.07	1
GCL	14.07	0
GCL	15.08	3
GCL	16.08	7
GCL	17.09	16
GCL	18.09	26
GCL	19.10	37
GCL	20.10	77
GCL	21.11	140
GCL	22.11	209
GCL	23.12	346
GCL	24.12	518
GCL	24.87	719
GCL	25.38	720
GCL	26.13	937
GCL	26.88	1264
GCL	27.39	1266
GCL	27.89	1557
GCL	28.39	1556
GCL	28.89	1862
GCL	29.40	1864
GCL	30.15	2134
GCL	30.90	2408
GCL	31.41	2409
GCL	32.16	2758
GCL	32.91	3078
GCL	33.42	3080
GCL	34.17	3299
GCL	34.92	3520
GCL	35.43	3519
GCL	35.93	3656
GCL	36.43	3653
GCL	36.93	3799
GCL	37.44	3800
GCL	37.94	4016
GCL	38.44	4019
GCL	38.94	3966
GCL	39.45	3968
GCL	39.95	3959
GCL	40.45	3956
GCL	40.95	3921
GCL	41.46	3919
GCL	41.96	3889
GCL	42.46	3890
GCL	43.22	3812
GCL	43.97	3629
GCL	44.47	3631
GCL	44.97	3596
GCL	45.48	3593
GCL	45.98	3540
GCL	46.48	3539
GCL	47.24	3330
GCL	47.99	3145
GCL	48.49	3140
GCL	48.99	3106
GCL	49.50	3111
GCL	50.00	3049
GCL	50.50	3050
GCL	51.01	2896
GCL	51.51	2893
GCL	52.26	2753
GCL	53.02	2715
GCL	53.52	2717
GCL	54.27	2572
GCL	55.03	2607
GCL	55.53	2603
GCL	56.03	2384
GCL	56.53	2386
GCL	57.29	2262
GCL	58.29	2166
GCL	59.05	2071
GCL	59.55	2072
GCL	60.05	1896
GCL	60.55	1897
GCL	61.31	1796
GCL	62.31	1599
GCL	63.07	1366
GCL	63.57	1364
GCL	64.07	1247
GCL	64.57	1246
GCL	65.08	1024
GCL	65.58	1025
GCL	66.33	871
GCL	67.09	714
GCL	67.59	713
GCL	68.34	557
GCL	69.10	468
GCL	69.60	467
GCL	70.10	359
GCL	70.60	358
GCL	71.11	244
GCL	71.61	243
GCL	72.11	190
GCL	72.61	189
GCL	73.37	126
GCL	74.37	114
GCL	75.38	88
GCL	76.38	50
GCL	77.39	44
GCL	78.39	30
GCL	79.40	26
GCL	80.40	16
GCL	81.41	9
GCL	82.41	8
GCL	83.42	3
GCL	84.42	4
GCL	85.43	0
GCL	86.43	3
GCL	87.44	0
GCL	88.44	1
# ACGT content per cycle. Use `grep ^GCC | cut -f 2-` to extract this part. The columns are: cycle; A,C,G,T base counts as a percentage of all A/C/G/T bases [%]; and N and O counts as a percentage of all A/C/G/T bases [%]
GCC	1	28.41	21.08	21.36	29.15	0.11	0.00
GCC	2	29.12	20.45	20.68	29.76	0.20	0.00
GCC	3	28.32	21.40	21.33	28.94	0.00	0.00
GCC	4	27.72	21.83	21.83	28.63	0.00	0.00
GCC	5	27.78	21.69	21.78	28.74	0.00	0.00
GCC	6	27.45	22.22	22.16	28.17	0.00	0.00
GCC	7	27.54	21.98	22.07	28.41	0.00	0.00
GCC	8	27.94	21.67	21.80	28.59	0.00	0.00
GCC	9	27.58	21.75	22.04	28.62	0.00	0.00
GCC	10	27.69	21.92	21.80	28.60	0.00	0.00
GCC	11	27.73	21.81	21.95	28.52	0.00	0.00
GCC	12	27.69	21.76	22.02	28.53	0.00	0.00
GCC	13	27.63	21.96	21.87	28.54	0.00	0.00
GCC	14	27.57	21.88	22.01	28.54	0.00	0.00
GCC	15	27.68	21.80	22.04	28.48	0.00	0.00
GCC	16	27.45	21.93	21.87	28.75	0.00	0.00
GCC	17	27.51	21.80	22.06	28.63	0.00	0.00
GCC	18	27.40	22.00	22.25	28.35	0.00	0.00
GCC	19	27.36	21.90	22.23	28.51	0.00	0.00
GCC	20	27.45	22.03	22.03	28.49	0.00	0.00
GCC	21	27.43	22.12	22.21	28.24	0.01	0.00
GCC	22	27.34	22.05	22.30	28.31	0.02	0.00
GCC	23	27.31	22.01	22.21	28.47	0.00	0.00
GCC	24	27.37	22.09	22.26	28.28	0.00	0.00
GCC	25	27.31	22.28	22.19	28.22	0.00	0.00
GCC	26	27.25	22.09	22.23	28.43	0.00	0.00
GCC	27	27.06	22.25	22.30	28.39	0.00	0.00
GCC	28	26.96	22.21	22.44	28.39	0.00	0.00
GCC	29	27.13	22.00	22.32	28.55	0.00	0.00
GCC	30	27.06	22.33	22.32	28.29	0.00	0.00
GCC	31	27.06	22.27	22.45	28.22	0.00	0.00
GCC	32	27.04	22.20	22.43	28.34	0.00	0.00
GCC	33	26.92	22.51	22.37	28.20	0.00	0.00
GCC	34	27.10	22.38	22.35	28.17	0.00	0.00
GCC	35	27.07	22.31	22.54	28.08	0.00	0.00
GCC	36	26.77	22.43	22.59	28.20	0.00	0.00
GCC	37	26.91	22.33	22.58	28.18	0.00	0.00
GCC	38	26.95	22.18	22.51	28.36	0.00	0.00
GCC	39	26.95	22.55	22.52	27.98	0.00	0.00
GCC	40	26.79	22.39	22.71	28.11	0.00	0.00
GCC	41	27.11	22.29	22.44	28.16	0.00	0.00
GCC	42	26.75	22.40	22.56	28.30	0.00	0.00
GCC	43	26.89	22.36	22.66	28.09	0.01	0.00
GCC	44	26.80	22.27	22.63	28.30	0.00	0.00
GCC	45	26.86	22.24	22.73	28.16	0.00	0.00
GCC	46	26.60	22.40	22.76	28.24	0.00	0.00
GCC	47	26.94	22.38	22.66	28.02	0.00	0.00
GCC	48	26.65	22.43	22.72	28.20	0.00	0.00
GCC	49	26.89	22.38	22.54	28.18	0.00	0.00
GCC	50	26.62	22.49	22.64	28.25	0.00	0.00
GCC	51	26.71	22.46	22.60	28.23	0.00	0.00
GCC	52	26.73	22.57	22.55	28.16	0.00	0.00
GCC	53	26.69	22.44	22.63	28.24	0.08	0.00
GCC	54	26.74	22.39	22.76	28.11	0.19	0.00
GCC	55	26.69	22.39	22.76	28.16	0.00	0.00
GCC	56	26.87	22.35	22.62	28.16	0.00	0.00
GCC	57	26.66	22.46	22.69	28.19	0.00	0.00
GCC	58	26.66	22.51	22.80	28.03	0.00	0.00
GCC	59	26.92	22.52	22.60	27.97	0.00	0.00
GCC	60	26.75	22.50	22.80	27.95	0.00	0.00
GCC	61	26.70	22.58	22.76	27.96	0.00	0.00
GCC	62	26.59	22.40	22.71	28.30	0.00	0.00
GCC	63	26.50	22.58	22.99	27.94	0.00	0.00
GCC	64	26.63	22.46	22.83	28.08	0.00	0.00
GCC	65	26.70	22.50	22.75	28.05	0.00	0.00
GCC	66	26.61	22.53	22.90	27.96	0.01	0.00
GCC	67	26.72	22.51	22.79	27.98	0.00	0.00
GCC	68	26.71	22.46	22.93	27.90	0.00	0.00
GCC	69	26.49	22.74	22.83	27.95	0.00	0.00
GCC	70	26.72	22.42	22.89	27.97	0.00	0.00
GCC	71	26.72	22.48	22.80	28.00	0.00	0.00
GCC	72	26.52	22.64	22.79	28.05	0.00	0.00
GCC	73	26.60	22.62	22.82	27.96	0.00	0.00
GCC	74	26.71	22.44	22.84	28.01	0.00	0.00
GCC	75	26.50	22.58	22.94	27.99	0.00	0.00
GCC	76	26.53	22.70	23.01	27.77	0.00	0.00
GCC	77	26.56	22.64	22.78	28.02	0.00	0.00
GCC	78	26.45	22.73	22.89	27.93	0.00	0.00
GCC	79	26.47	22.63	22.98	27.92	0.00	0.00
GCC	80	26.54	22.58	22.94	27.94	0.00	0.00
GCC	81	26.56	22.51	22.95	27.98	0.00	0.00
GCC	82	26.53	22.57	23.04	27.86	0.00	0.00
GCC	83	26.32	22.62	23.04	28.02	0.00	0.00
GCC	84	26.40	22.71	22.92	27.97	0.00	0.00
GCC	85	26.60	22.47	23.02	27.91	0.00	0.00
GCC	86	26.49	22.81	22.85	27.85	0.00	0.00
GCC	87	26.32	22.65	22.99	28.04	0.00	0.00
GCC	88	26.44	22.74	22.98	27.83	0.00	0.00
GCC	89	26.33	22.71	22.96	27.99	0.00	0.00
GCC	90	26.54	22.68	22.87	27.92	0.00	0.00
GCC	91	26.37	22.78	22.92	27.94	0.00	0.00
GCC	92	26.43	22.91	22.93	27.72	0.00	0.00
GCC	93	26.53	22.68	22.87	27.92	0.00	0.00
GCC	94	26.24	22.96	23.03	27.77	0.00	0.00
GCC	95	26.56	22.71	23.04	27.68	0.00	0.00
GCC	96	26.13	22.81	23.06	28.00	0.00	0.00
GCC	97	26.46	22.75	23.00	27.79	0.00	0.00
GCC	98	26.39	22.87	22.91	27.83	0.00	0.00
GCC	99	26.38	22.83	23.04	27.75	0.00	0.00
GCC	100	26.54	22.81	22.99	27.66	0.00	0.00
# ACGT content per cycle, read oriented. Use `grep ^GCT | cut -f 2-` to extract this part. The columns are: cycle; A,C,G,T base counts as a percentage of all A/C/G/T bases [%]
GCT	1	29.97	22.29	20.16	27.59
GCT	2	30.13	18.54	22.58	28.75
GCT	3	28.21	21.14	21.59	29.05
GCT	4	27.99	21.94	21.71	28.36
GCT	5	28.05	21.64	21.83	28.48
GCT	6	27.64	22.44	21.94	27.97
GCT	7	27.95	21.95	22.10	28.00
GCT	8	27.84	22.34	21.13	28.69
GCT	9	27.25	22.29	21.50	28.96
GCT	10	27.78	22.08	21.64	28.50
GCT	11	27.86	22.09	21.66	28.38
GCT	12	27.61	22.14	21.65	28.60
GCT	13	27.79	22.01	21.82	28.38
GCT	14	27.72	22.13	21.76	28.39
GCT	15	27.92	22.20	21.63	28.25
GCT	16	27.82	22.15	21.65	28.38
GCT	17	27.81	22.15	21.71	28.33
GCT	18	27.50	22.50	21.75	28.25
GCT	19	27.61	22.29	21.84	28.26
GCT	20	27.58	22.44	21.62	28.36
GCT	21	27.43	22.61	21.72	28.24
GCT	22	27.46	22.51	21.84	28.19
GCT	23	27.74	22.35	21.87	28.03
GCT	24	27.49	22.48	21.87	28.16
GCT	25	27.52	22.52	21.95	28.01
GCT	26	27.66	22.42	21.89	28.02
GCT	27	27.49	22.58	21.96	27.96
GCT	28	27.35	22.60	22.05	28.00
GCT	29	27.75	22.53	21.79	27.93
GCT	30	27.43	22.66	21.99	27.92
GCT	31	27.33	22.64	22.09	27.94
GCT	32	27.40	22.39	22.24	27.98
GCT	33	27.42	22.61	22.27	27.70
GCT	34	27.40	22.48	22.24	27.88
GCT	35	27.30	22.58	22.27	27.85
GCT	36	27.24	22.71	22.32	27.73
GCT	37	27.40	22.73	22.18	27.69
GCT	38	27.52	22.60	22.09	27.79
GCT	39	27.18	22.83	22.24	27.75
GCT	40	27.19	22.71	22.40	27.71
GCT	41	27.53	22.61	22.13	27.73
GCT	42	27.28	22.76	22.19	27.77
GCT	43	27.38	22.53	22.49	27.60
GCT	44	27.41	22.55	22.35	27.69
GCT	45	27.41	22.61	22.36	27.62
GCT	46	27.27	22.70	22.45	27.57
GCT	47	27.34	22.81	22.23	27.62
GCT	48	27.20	22.86	22.30	27.65
GCT	49	27.24	22.69	22.24	27.83
GCT	50	27.23	22.74	22.39	27.63
GCT	51	27.37	22.86	22.21	27.56
GCT	52	27.29	22.60	22.52	27.59
GCT	53	27.31	22.70	22.37	27.62
GCT	54	27.23	22.70	22.45	27.61
GCT	55	27.31	22.80	22.35	27.54
GCT	56	27.38	22.55	22.42	27.65
GCT	57	27.23	22.81	22.35	27.61
GCT	58	27.04	22.84	22.47	27.65
GCT	59	27.50	22.74	22.38	27.39
GCT	60	27.17	22.86	22.44	27.53
GCT	61	27.24	22.94	22.40	27.42
GCT	62	27.27	22.68	22.43	27.62
GCT	63	27.07	22.92	22.64	27.36
GCT	64	27.31	22.80	22.49	27.40
GCT	65	27.12	22.76	22.50	27.62
GCT	66	27.15	22.88	22.55	27.42
GCT	67	27.30	22.83	22.46	27.41
GCT	68	27.11	22.71	22.68	27.50
GCT	69	27.16	23.01	22.55	27.28
GCT	70	27.36	22.79	22.52	27.33
GCT	71	27.31	22.78	22.50	27.41
GCT	72	26.97	22.89	22.55	27.59
GCT	73	27.18	22.84	22.60	27.39
GCT	74	27.17	22.78	22.50	27.55
GCT	75	27.13	22.73	22.78	27.36
GCT	76	27.16	22.94	22.77	27.13
GCT	77	27.29	22.84	22.58	27.29
GCT	78	27.08	22.91	22.71	27.30
GCT	79	27.11	22.84	22.76	27.28
GCT	80	27.22	22.90	22.62	27.25
GCT	81	27.35	22.86	22.60	27.19
GCT	82	27.18	22.79	22.81	27.21
GCT	83	27.20	22.80	22.87	27.14
GCT	84	27.21	22.87	22.75	27.17
GCT	85	27.32	22.80	22.69	27.19
GCT	86	27.14	22.98	22.68	27.20
GCT	87	27.11	22.86	22.78	27.25
GCT	88	27.24	22.86	22.86	27.03
GCT	89	27.23	22.90	22.77	27.09
GCT	90	27.27	22.85	22.70	27.19
GCT	91	27.26	22.89	22.80	27.04
GCT	92	27.21	22.80	23.05	26.94
GCT	93	27.17	22.78	22.77	27.28
GCT	94	27.14	22.97	23.02	26.87
GCT	95	27.06	22.88	22.88	27.19
GCT	96	27.10	22.94	22.93	27.03
GCT	97	27.13	22.80	22.95	27.12
GCT	98	27.16	22.97	22.82	27.05
GCT	99	27.08	22.91	22.95	27.05
GCT	100	27.22	22.97	22.83	26.98
# ACGT content per cycle for first fragments. Use `grep ^FBC | cut -f 2-` to extract this part. The columns are: cycle; A,C,G,T base counts as a percentage of all A/C/G/T bases [%]; and N and O counts as a percentage of all A/C/G/T bases [%]
FBC	1	28.32	21.09	21.45	29.14	0.12	0.00
FBC	2	29.07	20.55	20.59	29.79	0.41	0.00
FBC	3	28.50	21.23	21.28	28.99	0.00	0.00
FBC	4	27.83	21.58	21.75	28.84	0.00	0.00
FBC	5	27.97	21.57	21.70	28.76	0.00	0.00
FBC	6	27.56	22.14	22.17	28.13	0.00	0.00
FBC	7	27.74	21.91	21.95	28.40	0.00	0.00
FBC	8	27.80	21.59	21.97	28.64	0.00	0.00
FBC	9	27.58	21.74	22.16	28.52	0.00	0.00
FBC	10	27.61	21.92	21.83	28.64	0.00	0.00
FBC	11	27.58	21.92	22.00	28.50	0.00	0.00
FBC	12	27.62	21.78	22.12	28.48	0.00	0.00
FBC	13	27.66	21.97	21.95	28.42	0.00	0.00
FBC	14	27.52	22.02	21.95	28.51	0.00	0.00
FBC	15	27.68	21.96	22.11	28.26	0.00	0.00
FBC	16	27.45	21.77	21.96	28.82	0.00	0.00
FBC	17	27.46	21.80	22.27	28.47	0.00	0.00
FBC	18	27.48	22.06	22.23	28.24	0.00	0.00
FBC	19	27.39	22.00	22.35	28.26	0.00	0.00
FBC	20	27.31	22.19	22.10	28.40	0.00	0.00
FBC	21	27.34	22.25	22.23	28.18	0.00	0.00
FBC	22	27.32	22.12	22.36	28.19	0.00	0.00
FBC	23	27.31	22.15	22.12	28.42	0.00	0.00
FBC	24	27.28	22.25	22.34	28.13	0.00	0.00
FBC	25	27.37	22.27	22.30	28.06	0.00	0.00
FBC	26	27.19	22.11	22.28	28.42	0.00	0.00
FBC	27	26.97	22.36	22.36	28.31	0.00	0.00
FBC	28	26.85	22.23	22.43	28.50	0.00	0.00
FBC	29	27.07	21.99	22.32	28.62	0.00	0.00
FBC	30	26.95	22.39	22.42	28.23	0.00	0.00
FBC	31	27.06	22.22	22.54	28.18	0.00	0.00
FBC	32	27.12	22.28	22.54	28.06	0.00	0.00
FBC	33	26.96	22.69	22.20	28.15	0.00	0.00
FBC	34	27.05	22.45	22.27	28.23	0.00	0.00
FBC	35	27.20	22.33	22.61	27.86	0.00	0.00
FBC	36	26.79	22.47	22.55	28.19	0.00	0.00
FBC	37	26.92	22.39	22.68	28.01	0.00	0.00
FBC	38	27.00	22.11	22.48	28.41	0.00	0.00
FBC	39	26.88	22.52	22.68	27.92	0.00	0.00
FBC	40	26.62	22.40	22.81	28.17	0.00	0.00
FBC	41	27.18	22.28	22.40	28.14	0.00	0.00
FBC	42	26.67	22.54	22.49	28.31	0.00	0.00
FBC	43	26.74	22.43	22.72	28.12	0.01	0.00
FBC	44	26.79	22.34	22.62	28.25	0.00	0.00
FBC	45	26.84	22.27	22.76	28.13	0.00	0.00
FBC	46	26.45	22.41	22.89	28.26	0.00	0.00
FBC	47	27.03	22.46	22.75	27.76	0.00	0.00
FBC	48	26.61	22.38	22.77	28.24	0.00	0.00
FBC	49	26.98	22.39	22.65	27.98	0.00	0.00
FBC	50	26.38	22.69	22.61	28.32	0.00	0.00
FBC	51	26.52	22.48	22.72	28.28	0.00	0.00
FBC	52	26.71	22.47	22.50	28.32	0.00	0.00
FBC	53	26.85	22.33	22.56	28.25	0.00	0.00
FBC	54	26.73	22.28	22.92	28.08	0.00	0.00
FBC	55	26.72	22.28	22.87	28.13	0.00	0.00
FBC	56	26.81	22.25	22.71	28.23	0.00	0.00
FBC	57	26.64	22.40	22.78	28.19	0.00	0.00
FBC	58	26.72	22.58	22.81	27.88	0.00	0.00
FBC	59	26.91	22.59	22.63	27.88	0.00	0.00
FBC	60	26.73	22.47	22.86	27.94	0.00	0.00
FBC	61	26.58	22.55	22.86	28.02	0.00	0.00
FBC	62	26.36	22.46	22.86	28.33	0.00	0.00
FBC	63	26.51	22.61	23.11	27.77	0.00	0.00
FBC	64	26.58	22.56	22.87	27.99	0.00	0.00
FBC	65	26.67	22.49	22.62	28.22	0.00	0.00
FBC	66	26.74	22.43	23.07	27.77	0.03	0.00
FBC	67	26.79	22.45	22.84	27.92	0.00	0.00
FBC	68	26.77	22.44	22.88	27.91	0.00	0.00
FBC	69	26.42	22.74	22.91	27.93	0.00	0.00
FBC	70	26.73	22.51	22.85	27.91	0.00	0.00
FBC	71	26.78	22.47	22.66	28.08	0.00	0.00
FBC	72	26.52	22.61	22.90	27.98	0.00	0.00
FBC	73	26.54	22.67	22.74	28.06	0.00	0.00
FBC	74	26.83	22.33	22.75	28.09	0.00	0.00
FBC	75	26.46	22.65	23.08	27.81	0.00	0.00
FBC	76	26.66	22.72	22.83	27.79	0.00	0.00
FBC	77	26.67	22.67	22.64	28.03	0.00	0.00
FBC	78	26.43	22.84	22.88	27.86	0.00	0.00
FBC	79	26.43	22.64	22.95	27.98	0.00	0.00
FBC	80	26.55	22.74	22.73	27.98	0.00	0.00
FBC	81	26.51	22.52	22.84	28.13	0.00	0.00
FBC	82	26.52	22.52	23.07	27.89	0.00	0.00
FBC	83	26.37	22.49	22.94	28.20	0.00	0.00
FBC	84	26.45	22.58	22.95	28.01	0.00	0.00
FBC	85	26.60	22.25	23.14	28.01	0.00	0.00
FBC	86	26.41	22.84	22.79	27.95	0.00	0.00
FBC	87	26.41	22.56	22.78	28.25	0.00	0.00
FBC	88	26.47	22.69	22.96	27.88	0.00	0.00
FBC	89	26.34	22.65	22.94	28.07	0.00	0.00
FBC	90	26.74	22.50	22.96	27.81	0.00	0.00
FBC	91	26.24	22.87	22.85	28.03	0.00	0.00
FBC	92	26.60	22.67	22.89	27.84	0.00	0.00
FBC	93	26.73	22.47	22.80	28.00	0.00	0.00
FBC	94	26.28	22.91	22.95	27.86	0.00	0.00
FBC	95	26.66	22.67	22.92	27.75	0.00	0.00
FBC	96	26.16	22.80	23.02	28.02	0.00	0.00
FBC	97	26.44	22.61	23.04	27.91	0.00	0.00
FBC	98	26.44	22.85	22.76	27.95	0.00	0.00
FBC	99	26.56	22.84	22.98	27.62	0.00	0.00
FBC	100	26.60	22.69	22.83	27.89	0.00	0.00
# ACGT raw counters for first fragments. Use `grep ^FTC | cut -f 2-` to extract this part. The columns are: A,C,G,T,N base counters
FTC	3080716	2555197	2580631	3223347	651
# ACGT content per cycle for last fragments. Use `grep ^LBC | cut -f 2-` to extract this part. The columns are: cycle; A,C,G,T base counts as a percentage of all A/C/G/T bases [%]; and N and O counts as a percentage of all A/C/G/T bases [%]
LBC	1	28.49	21.07	21.28	29.16	0.10	0.00
LBC	2	29.17	20.34	20.77	29.72	0.00	0.00
LBC	3	28.15	21.57	21.38	28.90	0.00	0.00
LBC	4	27.60	22.08	21.90	28.42	0.00	0.00
LBC	5	27.60	21.81	21.86	28.73	0.00	0.00
LBC	6	27.33	22.31	22.15	28.21	0.00	0.00
LBC	7	27.33	22.05	22.19	28.43	0.00	0.00
LBC	8	28.08	21.75	21.62	28.54	0.00	0.00
LBC	9	27.59	21.75	21.93	28.72	0.00	0.00
LBC	10	27.76	21.92	21.77	28.55	0.00	0.00
LBC	11	27.88	21.69	21.89	28.54	0.00	0.00
LBC	12	27.75	21.74	21.93	28.57	0.00	0.00
LBC	13	27.60	21.95	21.79	28.66	0.00	0.00
LBC	14	27.62	21.75	22.06	28.57	0.00	0.00
LBC	15	27.69	21.64	21.97	28.71	0.00	0.00
LBC	16	27.45	22.08	21.79	28.68	0.00	0.00
LBC	17	27.57	21.80	21.85	28.78	0.00	0.00
LBC	18	27.33	21.94	22.28	28.46	0.00	0.00
LBC	19	27.33	21.79	22.12	28.76	0.00	0.00
LBC	20	27.60	21.87	21.95	28.58	0.00	0.00
LBC	21	27.52	21.99	22.19	28.30	0.01	0.00
LBC	22	27.36	21.98	22.23	28.42	0.04	0.00
LBC	23	27.32	21.87	22.30	28.51	0.01	0.00
LBC	24	27.46	21.93	22.19	28.43	0.00	0.00
LBC	25	27.26	22.29	22.08	28.38	0.00	0.00
LBC	26	27.30	22.07	22.19	28.44	0.00	0.00
LBC	27	27.16	22.13	22.24	28.47	0.00	0.00
LBC	28	27.07	22.19	22.46	28.28	0.01	0.00
LBC	29	27.19	22.01	22.32	28.48	0.00	0.00
LBC	30	27.17	22.27	22.21	28.34	0.00	0.00
LBC	31	27.05	22.33	22.36	28.26	0.00	0.00
LBC	32	26.96	22.11	22.31	28.61	0.00	0.00
LBC	33	26.88	22.33	22.54	28.25	0.00	0.00
LBC	34	27.15	22.31	22.43	28.11	0.00	0.00
LBC	35	26.94	22.29	22.46	28.30	0.00	0.00
LBC	36	26.76	22.39	22.63	28.22	0.00	0.00
LBC	37	26.90	22.27	22.47	28.35	0.00	0.00
LBC	38	26.91	22.26	22.53	28.30	0.00	0.00
LBC	39	27.03	22.58	22.35	28.04	0.00	0.00
LBC	40	26.96	22.38	22.62	28.05	0.00	0.00
LBC	41	27.03	22.31	22.48	28.17	0.00	0.00
LBC	42	26.83	22.26	22.63	28.28	0.00	0.00
LBC	43	27.04	22.29	22.61	28.06	0.00	0.00
LBC	44	26.81	22.19	22.65	28.35	0.00	0.00
LBC	45	26.88	22.22	22.71	28.20	0.00	0.00
LBC	46	26.76	22.39	22.63	28.22	0.00	0.00
LBC	47	26.85	22.30	22.57	28.29	0.00	0.00
LBC	48	26.69	22.48	22.68	28.15	0.00	0.00
LBC	49	26.80	22.38	22.43	28.39	0.00	0.00
LBC	50	26.86	22.29	22.67	28.17	0.00	0.00
LBC	51	26.89	22.45	22.48	28.18	0.00	0.00
LBC	52	26.74	22.68	22.59	27.99	0.00	0.00
LBC	53	26.53	22.54	22.70	28.24	0.16	0.00
LBC	54	26.74	22.51	22.61	28.14	0.38	0.00
LBC	55	26.65	22.50	22.65	28.20	0.00	0.00
LBC	56	26.92	22.45	22.52	28.10	0.00	0.00
LBC	57	26.67	22.53	22.61	28.19	0.00	0.00
LBC	58	26.59	22.44	22.79	28.18	0.00	0.00
LBC	59	26.93	22.45	22.56	28.06	0.00	0.00
LBC	60	26.78	22.54	22.74	27.95	0.00	0.00
LBC	61	26.83	22.61	22.66	27.90	0.00	0.00
LBC	62	26.83	22.35	22.56	28.26	0.00	0.00
LBC	63	26.48	22.56	22.87	28.10	0.00	0.00
LBC	64	26.68	22.37	22.78	28.17	0.00	0.00
LBC	65	26.72	22.50	22.89	27.88	0.00	0.00
LBC	66	26.48	22.64	22.73	28.15	0.00	0.00
LBC	67	26.66	22.56	22.73	28.05	0.00	0.00
LBC	68	26.64	22.49	22.98	27.90	0.00	0.00
LBC	69	26.56	22.74	22.74	27.96	0.00	0.00
LBC	70	26.71	22.33	22.93	28.02	0.00	0.00
LBC	71	26.66	22.49	22.93	27.92	0.00	0.00
LBC	72	26.51	22.68	22.69	28.12	0.00	0.00
LBC	73	26.67	22.57	22.91	27.86	0.00	0.00
LBC	74	26.58	22.55	22.93	27.94	0.00	0.00
LBC	75	26.54	22.50	22.79	28.17	0.00	0.00
LBC	76	26.39	22.68	23.18	27.75	0.00	0.00
LBC	77	26.45	22.62	22.92	28.01	0.00	0.00
LBC	78	26.47	22.62	22.90	28.01	0.00	0.00
LBC	79	26.52	22.62	23.01	27.85	0.00	0.00
LBC	80	26.53	22.42	23.15	27.90	0.00	0.00
LBC	81	26.61	22.50	23.06	27.83	0.00	0.00
LBC	82	26.54	22.62	23.00	27.84	0.00	0.00
LBC	83	26.27	22.75	23.14	27.83	0.00	0.00
LBC	84	26.35	22.83	22.88	27.93	0.00	0.00
LBC	85	26.60	22.69	22.91	27.80	0.00	0.00
LBC	86	26.56	22.78	22.92	27.74	0.00	0.00
LBC	87	26.23	22.73	23.21	27.83	0.00	0.00
LBC	88	26.42	22.80	23.00	27.78	0.00	0.00
LBC	89	26.32	22.78	22.98	27.91	0.00	0.00
LBC	90	26.33	22.86	22.78	28.03	0.00	0.00
LBC	91	26.49	22.69	22.98	27.84	0.00	0.00
LBC	92	26.26	23.16	22.98	27.60	0.00	0.00
LBC	93	26.33	22.89	22.95	27.83	0.00	0.00
LBC	94	26.19	23.01	23.12	27.68	0.00	0.00
LBC	95	26.46	22.76	23.17	27.61	0.00	0.00
LBC	96	26.11	22.82	23.10	27.97	0.00	0.00
LBC	97	26.47	22.89	22.97	27.67	0.00	0.00
LBC	98	26.33	22.90	23.06	27.71	0.00	0.00
LBC	99	26.21	22.82	23.10	27.88	0.00	0.00
LBC	100	26.48	22.94	23.15	27.44	0.00	0.00
# ACGT raw counters for last fragments. Use `grep ^LTC | cut -f 2-` to extract this part. The columns are: A,C,G,T,N base counters
LTC	3080467	2555822	2578057	3225390	806
# Insert sizes. Use `grep ^IS | cut -f 2-` to extract this part. The columns are: insert size, pairs total, inward oriented pairs, outward oriented pairs, other pairs
IS	0	0	0	0	0
IS	1	0	0	0	0
IS	2	0	0	0	0
IS	3	0	0	0	0
IS	4	0	0	0	0
IS	5	0	0	0	0
IS	6	0	0	0	0
IS	7	0	0	0	0
IS	8	1	0	1	0
IS	9	0	0	0	0
IS	10	0	0	0	0
IS	11	0	0	0	0
IS	12	0	0	0	0
IS	13	1	0	1	0
IS	14	0	0	0	0
IS	15	0	0	0	0
IS	16	0	0	0	0
IS	17	0	0	0	0
IS	18	1	0	1	0
IS	19	2	2	0	0
IS	20	1	1	0	0
IS	21	2	1	1	0
IS	22	0	0	0	0
IS	23	1	1	0	0
IS	24	0	0	0	0
IS	25	0	0	0	0
IS	26	1	1	0	0
IS	27	0	0	0	0
IS	28	0	0	0	0
IS	29	0	0	0	0
IS	30	2	1	1	0
IS	31	0	0	0	0
IS	32	0	0	0	0
IS	33	0	0	0	0
IS	34	0	0	0	0
IS	35	0	0	0	0
IS	36	0	0	0	0
IS	37	0	0	0	0
IS	38	1	0	1	0
IS	39	0	0	0	0
IS	40	0	0	0	0
IS	41	0	0	0	0
IS	42	0	0	0	0
IS	43	1	1	0	0
IS	44	0	0	0	0
IS	45	0	0	0	0
IS	46	0	0	0	0
IS	47	1	1	0	0
IS	48	0	0	0	0
IS	49	1	1	0	0
IS	50	1	1	0	0
IS	51	0	0	0	0
IS	52	0	0	0	0
IS	53	0	0	0	0
IS	54	0	0	0	0
IS	55	0	0	0	0
IS	56	0	0	0	0
IS	57	0	0	0	0
IS	58	0	0	0	0
IS	59	0	0	0	0
IS	60	1	1	0	0
IS	61	0	0	0	0
IS	62	0	0	0	0
IS	63	0	0	0	0
IS	64	1	1	0	0
IS	65	0	0	0	0
IS	66	0	0	0	0
IS	67	0	0	0	0
IS	68	0	0	0	0
IS	69	1	1	0	0
IS	70	3	2	1	0
IS	71	1	1	0	0
IS	72	0	0	0	0
IS	73	0	0	0	0
IS	74	1	1	0	0
IS	75	1	1	0	0
IS	76	1	1	0	0
IS	77	1	0	1	0
IS	78	1	1	0	0
IS	79	0	0	0	0
IS	80	3	3	0	0
IS	81	1	0	0	1
IS	82	1	1	0	0
IS	83	0	0	0	0
IS	84	4	4	0	0
IS	85	3	3	0	0
IS	86	3	3	0	0
IS	87	15	15	0	0
IS	88	5	5	0	0
IS	89	12	11	1	0
IS	90	10	10	0	0
IS	91	17	17	0	0
IS	92	12	11	1	0
IS	93	18	18	0	0
IS	94	25	25	0	0
IS	95	14	14	0	0
IS	96	18	18	0	0
IS	97	28	28	0	0
IS	98	32	32	0	0
IS	99	22	22	0	0
IS	100	39	39	0	0
IS	101	36	35	1	0
IS	102	52	52	0	0
IS	103	48	48	0	0
IS	104	45	45	0	0
IS	105	62	62	0	0
IS	106	61	61	0	0
IS	107	70	70	0	0
IS	108	80	80	0	0
IS	109	82	82	0	0
IS	110	86	86	0	0
IS	111	66	66	0	0
IS	112	97	97	0	0
IS	113	115	115	0	0
IS	114	113	113	0	0
IS	115	102	102	0	0
IS	116	136	136	0	0
IS	117	128	128	0	0
IS	118	153	153	0	0
IS	119	151	151	0	0
IS	120	176	176	0	0
IS	121	173	173	0	0
IS	122	180	180	0	0
IS	123	166	166	0	0
IS	124	184	184	0	0
IS	125	232	232	0	0
IS	126	207	207	0	0
IS	127	220	220	0	0
IS	128	206	206	0	0
IS	129	249	248	0	1
IS	130	227	227	0	0
IS	131	255	255	0	0
IS	132	277	277	0	0
IS	133	256	256	0	0
IS	134	296	296	0	0
IS	135	314	314	0	0
IS	136	309	309	0	0
IS	137	318	318	0	0
IS	138	335	335	0	0
IS	139	333	333	0	0
IS	140	355	355	0	0
IS	141	334	334	0	0
IS	142	372	372	0	0
IS	143	375	375	0	0
IS	144	390	390	0	0
IS	145	393	393	0	0
IS	146	398	398	0	0
IS	147	412	412	0	0
IS	148	412	412	0	0
IS	149	454	454	0	0
IS	150	421	421	0	0
IS	151	471	471	0	0
IS	152	412	412	0	0
IS	153	504	504	0	0
IS	154	454	454	0	0
IS	155	496	495	1	0
IS	156	489	489	0	0
IS	157	470	470	0	0
IS	158	491	491	0	0
IS	159	488	488	0	0
IS	160	473	473	0	0
IS	161	489	489	0	0
IS	162	542	542	0	0
IS	163	531	531	0	0
IS	164	520	520	0	0
IS	165	501	501	0	0
IS	166	507	507	0	0
IS	167	552	552	0	0
IS	168	508	508	0	0
IS	169	538	538	0	0
IS	170	543	543	0	0
IS	171	548	548	0	0
IS	172	557	557	0	0
IS	173	531	531	0	0
IS	174	513	513	0	0
IS	175	559	559	0	0
IS	176	542	542	0	0
IS	177	569	569	0	0
IS	178	533	533	0	0
IS	179	576	576	0	0
IS	180	560	560	0	0
IS	181	562	562	0	0
IS	182	505	505	0	0
IS	183	609	609	0	0
IS	184	622	622	0	0
IS	185	619	619	0	0
IS	186	581	581	0	0
IS	187	535	535	0	0
IS	188	567	567	0	0
IS	189	573	573	0	0
IS	190	551	551	0	0
IS	191	558	558	0	0
IS	192	576	576	0	0
IS	193	584	584	0	0
IS	194	599	599	0	0
IS	195	580	580	0	0
IS	196	557	557	0	0
IS	197	619	619	0	0
IS	198	597	597	0	0
IS	199	587	587	0	0
IS	200	587	587	0	0
IS	201	575	575	0	0
IS	202	593	593	0	0
IS	203	555	555	0	0
IS	204	555	555	0	0
IS	205	565	565	0	0
IS	206	562	562	0	0
IS	207	555	555	0	0
IS	208	565	565	0	0
IS	209	577	577	0	0
IS	210	568	568	0	0
IS	211	520	520	0	0
IS	212	553	553	0	0
IS	213	576	576	0	0
IS	214	554	554	0	0
IS	215	575	575	0	0
IS	216	536	536	0	0
IS	217	523	523	0	0
IS	218	540	540	0	0
IS	219	495	495	0	0
IS	220	588	588	0	0
IS	221	492	492	0	0
IS	222	537	537	0	0
IS	223	561	561	0	0
IS	224	607	607	0	0
IS	225	521	521	0	0
IS	226	504	504	0	0
IS	227	526	526	0	0
IS	228	540	540	0	0
IS	229	528	528	0	0
IS	230	533	533	0	0
IS	231	492	492	0	0
IS	232	550	550	0	0
IS	233	540	540	0	0
IS	234	525	525	0	0
IS	235	534	534	0	0
IS	236	491	491	0	0
IS	237	506	506	0	0
IS	238	522	522	0	0
IS	239	532	532	0	0
IS	240	532	532	0	0
IS	241	503	503	0	0
IS	242	476	476	0	0
IS	243	513	513	0	0
IS	244	500	500	0	0
IS	245	442	442	0	0
IS	246	469	469	0	0
IS	247	473	473	0	0
IS	248	488	488	0	0
IS	249	454	454	0	0
IS	250	424	424	0	0
IS	251	466	466	0	0
IS	252	452	452	0	0
IS	253	469	469	0	0
IS	254	433	433	0	0
IS	255	448	448	0	0
IS	256	443	443	0	0
IS	257	441	441	0	0
IS	258	440	440	0	0
IS	259	462	462	0	0
IS	260	412	412	0	0
IS	261	442	442	0	0
IS	262	425	425	0	0
IS	263	422	422	0	0
IS	264	432	432	0	0
IS	265	409	409	0	0
IS	266	395	395	0	0
IS	267	445	445	0	0
IS	268	433	433	0	0
IS	269	405	405	0	0
IS	270	419	419	0	0
IS	271	421	421	0	0
IS	272	398	398	0	0
IS	273	410	410	0	0
IS	274	418	418	0	0
IS	275	403	403	0	0
IS	276	373	373	0	0
IS	277	402	402	0	0
IS	278	365	365	0	0
IS	279	386	386	0	0
IS	280	379	379	0	0
IS	281	397	397	0	0
IS	282	378	378	0	0
IS	283	378	378	0	0
IS	284	373	373	0	0
IS	285	376	376	0	0
IS	286	375	375	0	0
IS	287	368	368	0	0
IS	288	356	356	0	0
IS	289	353	353	0	0
IS	290	332	332	0	0
IS	291	361	361	0	0
IS	292	322	322	0	0
IS	293	360	360	0	0
IS	294	340	340	0	0
IS	295	293	293	0	0
IS	296	331	331	0	0
IS	297	319	319	0	0
IS	298	307	307	0	0
IS	299	334	334	0	0
IS	300	315	315	0	0
IS	301	305	305	0	0
IS	302	333	333	0	0
IS	303	323	323	0	0
IS	304	307	307	0	0
IS	305	323	323	0	0
IS	306	330	330	0	0
IS	307	267	267	0	0
IS	308	318	318	0	0
IS	309	339	339	0	0
IS	310	317	317	0	0
IS	311	296	296	0	0
IS	312	294	294	0	0
IS	313	293	293	0	0
IS	314	272	272	0	0
IS	315	285	285	0	0
IS	316	301	301	0	0
IS	317	322	322	0	0
IS	318	284	284	0	0
IS	319	262	262	0	0
IS	320	308	308	0	0
IS	321	306	306	0	0
IS	322	254	254	0	0
IS	323	272	272	0	0
IS	324	281	281	0	0
IS	325	272	272	0	0
IS	326	291	291	0	0
IS	327	259	259	0	0
IS	328	235	235	0	0
IS	329	269	269	0	0
IS	330	215	215	0	0
IS	331	235	235	0	0
IS	332	257	256	1	0
IS	333	251	251	0	0
IS	334	245	245	0	0
IS	335	227	227	0	0
IS	336	241	241	0	0
IS	337	247	247	0	0
IS	338	216	216	0	0
IS	339	221	221	0	0
IS	340	217	217	0	0
IS	341	226	226	0	0
IS	342	207	207	0	0
IS	343	207	207	0	0
IS	344	223	223	0	0
IS	345	224	224	0	0
IS	346	212	212	0	0
IS	347	234	234	0	0
IS	348	212	212	0	0
IS	349	192	192	0	0
IS	350	190	190	0	0
IS	351	184	184	0	0
IS	352	204	204	0	0
IS	353	195	195	0	0
IS	354	192	192	0	0
IS	355	209	209	0	0
IS	356	183	183	0	0
IS	357	181	181	0	0
IS	358	195	195	0	0
IS	359	193	193	0	0
IS	360	150	150	0	0
IS	361	184	184	0	0
IS	362	166	166	0	0
IS	363	177	177	0	0
IS	364	164	164	0	0
IS	365	148	148	0	0
IS	366	156	156	0	0
IS	367	141	141	0	0
IS	368	168	168	0	0
IS	369	140	140	0	0
IS	370	144	144	0	0
IS	371	180	180	0	0
IS	372	149	149	0	0
IS	373	172	172	0	0
IS	374	156	156	0	0
IS	375	165	165	0	0
IS	376	151	151	0	0
IS	377	165	165	0	0
IS	378	150	150	0	0
IS	379	155	155	0	0
IS	380	185	185	0	0
IS	381	130	130	0	0
IS	382	158	158	0	0
IS	383	125	125	0	0
IS	384	143	143	0	0
IS	385	131	131	0	0
IS	386	135	135	0	0
IS	387	138	138	0	0
IS	388	133	133	0	0
IS	389	142	142	0	0
IS	390	136	136	0	0
IS	391	139	139	0	0
IS	392	121	121	0	0
IS	393	127	127	0	0
IS	394	122	122	0	0
IS	395	134	134	0	0
IS	396	137	137	0	0
IS	397	125	125	0	0
IS	398	105	105	0	0
IS	399	121	121	0	0
IS	400	128	128	0	0
IS	401	127	127	0	0
IS	402	116	116	0	0
IS	403	91	91	0	0
IS	404	118	118	0	0
IS	405	121	121	0	0
IS	406	101	101	0	0
IS	407	120	120	0	0
IS	408	110	110	0	0
IS	409	114	114	0	0
IS	410	97	97	0	0
IS	411	110	110	0	0
IS	412	111	111	0	0
IS	413	91	91	0	0
IS	414	86	86	0	0
IS	415	93	93	0	0
IS	416	96	96	0	0
IS	417	91	91	0	0
IS	418	90	90	0	0
IS	419	109	109	0	0
IS	420	78	78	0	0
IS	421	95	95	0	0
IS	422	95	95	0	0
IS	423	88	88	0	0
IS	424	80	80	0	0
IS	425	92	92	0	0
IS	426	70	70	0	0
IS	427	74	74	0	0
IS	428	72	72	0	0
IS	429	93	93	0	0
IS	430	69	69	0	0
IS	431	78	78	0	0
IS	432	78	78	0	0
IS	433	97	97	0	0
IS	434	69	69	0	0
IS	435	73	73	0	0
IS	436	84	84	0	0
IS	437	80	80	0	0
IS	438	60	60	0	0
IS	439	63	63	0	0
IS	440	89	89	0	0
IS	441	74	74	0	0
IS	442	71	71	0	0
IS	443	76	76	0	0
IS	444	51	51	0	0
IS	445	72	72	0	0
IS	446	65	65	0	0
IS	447	60	60	0	0
IS	448	65	65	0	0
IS	449	54	54	0	0
IS	450	61	61	0	0
IS	451	67	67	0	0
IS	452	56	56	0	0
IS	453	69	69	0	0
IS	454	46	46	0	0
IS	455	62	62	0	0
IS	456	65	65	0	0
IS	457	70	70	0	0
IS	458	59	59	0	0
IS	459	41	41	0	0
IS	460	45	45	0	0
IS	461	39	39	0	0
IS	462	54	54	0	0
IS	463	58	58	0	0
IS	464	48	48	0	0
IS	465	54	54	0	0
IS	466	52	52	0	0
IS	467	47	47	0	0
IS	468	47	47	0	0
IS	469	48	48	0	0
IS	470	44	44	0	0
IS	471	41	41	0	0
IS	472	45	45	0	0
IS	473	50	50	0	0
IS	474	36	36	0	0
IS	475	38	38	0	0
IS	476	38	38	0	0
IS	477	42	42	0	0
IS	478	32	32	0	0
IS	479	36	36	0	0
IS	480	50	50	0	0
IS	481	43	43	0	0
IS	482	44	44	0	0
IS	483	40	40	0	0
IS	484	45	45	0	0
IS	485	36	36	0	0
IS	486	37	37	0	0
IS	487	41	41	0	0
IS	488	41	41	0	0
IS	489	43	43	0	0
IS	490	29	29	0	0
IS	491	49	49	0	0
IS	492	35	35	0	0
IS	493	25	25	0	0
IS	494	39	39	0	0
IS	495	28	28	0	0
IS	496	32	32	0	0
IS	497	41	41	0	0
IS	498	26	26	0	0
IS	499	38	38	0	0
IS	500	31	31	0	0
IS	501	29	29	0	0
IS	502	30	30	0	0
IS	503	38	38	0	0
IS	504	28	28	0	0
IS	505	29	29	0	0
IS	506	30	30	0	0
IS	507	38	38	0	0
IS	508	34	34	0	0
IS	509	24	24	0	0
IS	510	33	33	0	0
IS	511	26	26	0	0
IS	512	29	29	0	0
IS	513	25	25	0	0
IS	514	23	23	0	0
IS	515	25	25	0	0
IS	516	24	24	0	0
IS	517	27	27	0	0
IS	518	18	18	0	0
IS	519	18	18	0	0
IS	520	21	21	0	0
IS	521	24	24	0	0
IS	522	25	25	0	0
IS	523	23	23	0	0
IS	524	19	19	0	0
IS	525	33	33	0	0
IS	526	15	15	0	0
IS	527	24	24	0	0
IS	528	20	20	0	0
IS	529	28	28	0	0
IS	530	23	23	0	0
IS	531	18	18	0	0
IS	532	20	20	0	0
IS	533	16	16	0	0
IS	534	23	23	0	0
IS	535	23	23	0	0
IS	536	20	20	0	0
IS	537	21	21	0	0
IS	538	16	16	0	0
IS	539	15	15	0	0
IS	540	32	32	0	0
IS	541	13	13	0	0
IS	542	15	15	0	0
IS	543	12	12	0	0
# Read lengths. Use `grep ^RL | cut -f 2-` to extract this part. The columns are: read length, count
RL	31	2
RL	32	6
RL	33	12
RL	34	12
RL	35	2
RL	36	4
RL	37	6
RL	38	6
RL	39	10
RL	40	4
RL	42	6
RL	43	6
RL	44	6
RL	45	4
RL	46	4
RL	47	12
RL	48	6
RL	49	4
RL	50	4
RL	51	4
RL	52	4
RL	53	4
RL	54	4
RL	55	2
RL	58	6
RL	59	4
RL	60	2
RL	62	6
RL	63	4
RL	66	6
RL	67	8
RL	68	2
RL	69	4
RL	70	2
RL	72	4
RL	73	2
RL	74	8
RL	75	8
RL	76	2
RL	77	4
RL	78	2
RL	79	8
RL	80	6
RL	81	2
RL	82	4
RL	84	14
RL	85	8
RL	86	4
RL	87	32
RL	88	16
RL	89	30
RL	90	28
RL	91	34
RL	92	26
RL	93	38
RL	94	50
RL	95	36
RL	96	38
RL	97	58
RL	98	66
RL	99	44
RL	100	228200
# Read lengths - first fragments. Use `grep ^FRL | cut -f 2-` to extract this part. The columns are: read length, count
FRL	31	1
FRL	32	3
FRL	33	6
FRL	34	6
FRL	35	1
FRL	36	2
FRL	37	3
FRL	38	3
FRL	39	5
FRL	40	2
FRL	42	3
FRL	43	3
FRL	44	3
FRL	45	2
FRL	46	2
FRL	47	6
FRL	48	3
FRL	49	2
FRL	50	2
FRL	51	2
FRL	52	2
FRL	53	2
FRL	54	2
FRL	55	1
FRL	58	3
FRL	59	2
FRL	60	1
FRL	62	3
FRL	63	2
FRL	66	3
FRL	67	4
FRL	68	1
FRL	69	2
FRL	70	1
FRL	72	2
FRL	73	1
FRL	74	4
FRL	75	4
FRL	76	1
FRL	77	2
FRL	78	1
FRL	79	4
FRL	80	3
FRL	81	1
FRL	82	2
FRL	84	7
FRL	85	4
FRL	86	2
FRL	87	16
FRL	88	8
FRL	89	15
FRL	90	14
FRL	91	17
FRL	92	13
FRL	93	19
FRL	94	25
FRL	95	18
FRL	96	19
FRL	97	29
FRL	98	33
FRL	99	22
FRL	100	114100
# Read lengths - last fragments. Use `grep ^LRL | cut -f 2-` to extract this part. The columns are: read length, count
LRL	31	1
LRL	32	3
LRL	33	6
LRL	34	6
LRL	35	1
LRL	36	2
LRL	37	3
LRL	38	3
LRL	39	5
LRL	40	2
LRL	42	3
LRL	43	3
LRL	44	3
LRL	45	2
LRL	46	2
LRL	47	6
LRL	48	3
LRL	49	2
LRL	50	2
LRL	51	2
LRL	52	2
LRL	53	2
LRL	54	2
LRL	55	1
LRL	58	3
LRL	59	2
LRL	60	1
LRL	62	3
LRL	63	2
LRL	66	3
LRL	67	4
LRL	68	1
LRL	69	2
LRL	70	1
LRL	72	2
LRL	73	1
LRL	74	4
LRL	75	4
LRL	76	1
LRL	77	2
LRL	78	1
LRL	79	4
LRL	80	3
LRL	81	1
LRL	82	2
LRL	84	7
LRL	85	4
LRL	86	2
LRL	87	16
LRL	88	8
LRL	89	15
LRL	90	14
LRL	91	17
LRL	92	13
LRL	93	19
LRL	94	25
LRL	95	18
LRL	96	19
LRL	97	29
LRL	98	33
LRL	99	22
LRL	100	114100
# Mapping qualities for reads !(UNMAP|SECOND|SUPPL|QCFAIL|DUP). Use `grep ^MAPQ | cut -f 2-` to extract this part. The columns are: mapq, count
MAPQ	0	19370
MAPQ	1	46
MAPQ	2	13
MAPQ	3	92
MAPQ	4	19
MAPQ	5	39
MAPQ	6	39
MAPQ	7	45
MAPQ	8	33
MAPQ	9	109
MAPQ	10	73
MAPQ	11	12
MAPQ	12	26
MAPQ	13	60
MAPQ	14	7
MAPQ	15	85
MAPQ	16	33
MAPQ	17	28
MAPQ	18	29
MAPQ	19	65
MAPQ	20	140
MAPQ	21	150
MAPQ	22	202
MAPQ	23	247
MAPQ	24	391
MAPQ	25	897
MAPQ	26	36
MAPQ	27	1809
MAPQ	28	4
MAPQ	29	7
MAPQ	30	27
MAPQ	31	38
MAPQ	32	8
MAPQ	33	108
MAPQ	34	15
MAPQ	35	24
MAPQ	36	20
MAPQ	37	77
MAPQ	38	24
MAPQ	39	130
MAPQ	40	2024
MAPQ	41	27
MAPQ	42	99
MAPQ	43	76
MAPQ	44	67
MAPQ	45	194
MAPQ	46	117
MAPQ	47	329
MAPQ	48	367
MAPQ	49	413
MAPQ	50	1553
MAPQ	51	71
MAPQ	52	164
MAPQ	53	42
MAPQ	54	77
MAPQ	55	186
MAPQ	56	12
MAPQ	57	273
MAPQ	58	14
MAPQ	59	33
MAPQ	60	198186
# Indel distribution. Use `grep ^ID | cut -f 2-` to extract this part. The columns are: length, number of insertions, number of deletions
ID	1	642	783
ID	2	136	186
ID	3	77	85
ID	4	63	74
ID	5	29	26
ID	6	12	23
ID	7	6	10
ID	8	7	8
ID	9	4	5
ID	10	2	4
ID	11	3	1
ID	12	1	7
ID	13	2	1
ID	14	0	2
ID	15	2	4
ID	16	1	4
ID	18	2	1
ID	21	1	2
ID	22	2	0
ID	23	0	1
ID	24	0	1
# Indels per cycle. Use `grep ^IC | cut -f 2-` to extract this part. The columns are: cycle, number of insertions (fwd), .. (rev) , number of deletions (fwd), .. (rev)
IC	3	0	0	1	4
IC	4	1	1	5	1
IC	5	6	4	2	8
IC	6	5	4	2	2
IC	7	5	2	7	2
IC	8	7	5	2	5
IC	9	3	3	3	12
IC	10	7	7	9	7
IC	11	8	4	5	7
IC	12	3	4	9	6
IC	13	5	1	7	4
IC	14	7	9	7	2
IC	15	7	6	10	7
IC	16	8	7	7	10
IC	17	12	4	8	4
IC	18	12	8	6	9
IC	19	5	8	7	7
IC	20	8	4	3	11
IC	21	2	4	9	4
IC	22	6	6	8	9
IC	23	5	7	10	14
IC	24	3	6	9	8
IC	25	4	9	9	9
IC	26	4	5	7	6
IC	27	8	7	11	2
IC	28	6	0	6	7
IC	29	10	3	3	7
IC	30	4	5	6	10
IC	31	7	3	6	6
IC	32	7	6	6	8
IC	33	6	10	5	6
IC	34	7	7	9	8
IC	35	7	5	4	2
IC	36	6	2	5	3
IC	37	6	7	8	2
IC	38	5	5	6	6
IC	39	3	7	5	3
IC	40	2	3	6	6
IC	41	5	4	6	8
IC	42	7	8	5	3
IC	43	5	5	6	11
IC	44	4	7	5	7
IC	45	10	6	8	5
IC	46	4	8	8	6
IC	47	9	5	3	6
IC	48	5	7	8	8
IC	49	2	10	6	8
IC	50	6	2	6	8
IC	51	12	6	8	8
IC	52	6	4	11	8
IC	53	8	4	9	8
IC	54	5	1	6	8
IC	55	6	9	8	10
IC	56	2	4	11	6
IC	57	2	4	7	7
IC	58	5	9	0	9
IC	59	10	5	6	9
IC	60	4	4	6	6
IC	61	8	2	10	10
IC	62	5	5	11	1
IC	63	1	7	6	6
IC	64	3	8	4	6
IC	65	5	5	5	6
IC	66	4	8	11	8
IC	67	4	2	8	6
IC	68	9	6	7	7
IC	69	8	8	6	11
IC	70	5	9	9	3
IC	71	3	3	10	6
IC	72	3	9	7	5
IC	73	1	8	6	7
IC	74	6	5	10	6
IC	75	6	3	8	4
IC	76	4	5	4	2
IC	77	8	4	6	7
IC	78	6	5	10	6
IC	79	5	7	7	7
IC	80	5	3	10	5
IC	81	3	8	7	9
IC	82	2	5	6	7
IC	83	2	4	9	7
IC	84	3	5	8	5
IC	85	5	9	5	4
IC	86	8	6	6	5
IC	87	4	6	4	5
IC	88	2	2	6	9
IC	89	2	4	6	9
IC	90	4	5	7	8
IC	91	6	1	8	1
IC	92	2	4	5	2
IC	93	2	7	2	7
IC	94	5	5	5	5
IC	95	2	8	8	5
IC	96	5	6	3	7
IC	97	2	3	4	6
# Coverage distribution. Use `grep ^COV | cut -f 2-` to extract this part.
COV	[1-1]	1	15249070
COV	[2-2]	2	2719143
COV	[3-3]	3	500306
COV	[4-4]	4	107341
COV	[5-5]	5	26319
COV	[6-6]	6	6930
COV	[7-7]	7	2792
COV	[8-8]	8	1248
COV	[9-9]	9	706
COV	[10-10]	10	433
COV	[11-11]	11	130
COV	[12-12]	12	107
COV	[13-13]	13	114
COV	[14-14]	14	61
COV	[15-15]	15	36
COV	[16-16]	16	1
COV	[17-17]	17	1
COV	[18-18]	18	7
COV	[19-19]	19	13
COV	[20-20]	20	20
COV	[21-21]	21	11
COV	[22-22]	22	21
COV	[23-23]	23	12
COV	[24-24]	24	9
COV	[25-25]	25	6
# GC-depth. Use `grep ^GCD | cut -f 2-` to extract this part. The columns are: GC%, unique sequence percentiles, 10th, 25th, 50th, 75th and 90th depth percentile
GCD	0.0	0.187	0.005	0.005	0.005	0.005	0.005
GCD	1.0	0.190	0.010	0.010	0.010	0.010	0.010
GCD	9.0	0.193	0.050	0.050	0.050	0.050	0.050
GCD	10.0	0.196	0.010	0.010	0.010	0.010	0.010
GCD	14.0	0.199	0.010	0.010	0.010	0.010	0.010
GCD	17.0	0.205	0.010	0.010	0.010	0.010	0.010
GCD	18.0	0.208	0.010	0.010	0.010	0.010	0.010
GCD	19.0	0.215	0.010	0.010	0.010	0.010	0.010
GCD	20.0	0.227	0.010	0.010	0.012	0.015	0.015
GCD	21.0	0.233	0.005	0.005	0.010	0.015	0.015
GCD	22.0	0.251	0.010	0.010	0.010	0.016	0.020
GCD	23.0	0.297	0.005	0.010	0.010	0.010	0.017
GCD	24.0	0.328	0.005	0.010	0.010	0.010	0.014
GCD	25.0	0.472	0.010	0.010	0.010	0.010	0.015
GCD	26.0	0.631	0.005	0.010	0.010	0.010	0.028
GCD	27.0	0.781	0.005	0.010	0.010	0.020	0.020
GCD	28.0	1.229	0.010	0.010	0.010	0.020	0.023
GCD	29.0	1.676	0.010	0.010	0.015	0.022	0.040
GCD	30.0	2.513	0.010	0.010	0.020	0.030	0.040
GCD	31.0	4.039	0.010	0.010	0.020	0.030	0.050
GCD	32.0	5.961	0.010	0.010	0.020	0.040	0.060
GCD	33.0	8.317	0.010	0.020	0.030	0.050	0.070
GCD	34.0	11.740	0.010	0.010	0.020	0.050	0.075
GCD	35.0	14.918	0.010	0.020	0.030	0.050	0.080
GCD	36.0	18.645	0.010	0.015	0.030	0.050	0.080
GCD	37.0	22.951	0.010	0.020	0.030	0.050	0.070
GCD	38.0	28.292	0.010	0.010	0.030	0.050	0.080
GCD	39.0	32.555	0.010	0.020	0.030	0.050	0.080
GCD	40.0	36.655	0.010	0.020	0.030	0.050	0.080
GCD	41.0	41.209	0.010	0.010	0.030	0.050	0.070
GCD	42.0	45.267	0.010	0.020	0.030	0.050	0.080
GCD	43.0	49.147	0.010	0.010	0.030	0.050	0.080
GCD	44.0	53.615	0.010	0.010	0.020	0.050	0.070
GCD	45.0	57.145	0.010	0.010	0.030	0.045	0.070
GCD	46.0	60.424	0.010	0.020	0.030	0.050	0.075
GCD	47.0	63.823	0.010	0.010	0.025	0.045	0.070
GCD	48.0	66.621	0.010	0.010	0.030	0.050	0.070
GCD	49.0	69.330	0.010	0.010	0.030	0.050	0.070
GCD	50.0	72.765	0.010	0.010	0.020	0.040	0.070
GCD	51.0	75.205	0.010	0.010	0.025	0.040	0.070
GCD	52.0	77.604	0.010	0.010	0.030	0.050	0.070
GCD	53.0	79.765	0.010	0.010	0.030	0.050	0.072
GCD	54.0	81.937	0.010	0.015	0.030	0.050	0.070
GCD	55.0	83.975	0.010	0.020	0.030	0.050	0.070
GCD	56.0	86.399	0.010	0.010	0.020	0.050	0.080
GCD	57.0	88.266	0.010	0.020	0.030	0.050	0.080
GCD	58.0	90.166	0.010	0.010	0.030	0.050	0.070
GCD	59.0	91.811	0.010	0.020	0.030	0.050	0.070
GCD	60.0	93.420	0.010	0.010	0.025	0.040	0.062
GCD	61.0	94.830	0.010	0.010	0.025	0.050	0.070
GCD	62.0	96.286	0.010	0.010	0.020	0.030	0.060
GCD	63.0	97.223	0.010	0.010	0.020	0.040	0.056
GCD	64.0	97.941	0.010	0.010	0.020	0.040	0.060
GCD	65.0	98.492	0.010	0.010	0.015	0.030	0.060
GCD	66.0	98.918	0.010	0.010	0.020	0.030	0.050
GCD	67.0	99.203	0.010	0.010	0.020	0.020	0.040
GCD	68.0	99.442	0.010	0.010	0.010	0.020	0.040
GCD	69.0	99.629	0.010	0.010	0.010	0.012	0.020
GCD	70.0	99.752	0.010	0.010	0.010	0.020	0.020
GCD	71.0	99.828	0.010	0.010	0.010	0.015	0.034
GCD	72.0	99.880	0.009	0.010	0.010	0.010	0.010
GCD	73.0	99.933	0.010	0.010	0.010	0.010	0.012
GCD	74.0	99.945	0.010	0.010	0.010	0.010	0.010
GCD	75.0	99.969	0.010	0.010	0.010	0.010	0.010
GCD	76.0	99.982	0.010	0.010	0.010	0.010	0.010
GCD	77.0	99.991	0.010	0.010	0.010	0.010	0.010
GCD	78.0	100.000	0.005	0.005	0.010	0.010	0.010
