chr1	248956422	6773894	76
chr10	133797422	2872566	62
chr11	135086622	3319532	76
chr11_KI270721v1_random	100316	265	0
chr12	133275309	3462180	65
chr13	114364328	1337315	43
chr14	107043718	2046946	29
chr14_GL000009v2_random	201709	4341	0
chr14_GL000225v1_random	211173	4814	3
chr14_KI270722v1_random	194050	3648	0
chr14_GL000194v1_random	191469	5086	0
chr14_KI270723v1_random	38115	1455	0
chr14_KI270724v1_random	39555	1758	0
chr14_KI270725v1_random	172810	4004	0
chr14_KI270726v1_random	43739	2714	0
chr15	101991189	2349254	32
chr15_KI270727v1_random	448248	12961	1
chr16	90338345	2432859	31
chr16_KI270728v1_random	1872759	34066	3
chr17	83257441	3304480	42
chr17_GL000205v2_random	185591	5098	0
chr17_KI270729v1_random	280839	10931	2
chr17_KI270730v1_random	112551	778	0
chr18	80373285	1097108	14
chr19	58617616	3049630	716
chr1_KI270706v1_random	175055	3703	0
chr1_KI270707v1_random	32032	42	0
chr1_KI270708v1_random	127682	3016	0
chr1_KI270709v1_random	66860	1454	0
chr1_KI270710v1_random	40176	29	0
chr1_KI270711v1_random	42210	44116	0
chr1_KI270712v1_random	176043	3482	0
chr1_KI270713v1_random	40745	4514	0
chr1_KI270714v1_random	41717	2386	0
chr2	242193529	5431582	83
chr20	64444167	1406184	22
chr21	46709983	716106	21
chr22	50818468	1181977	14
chr22_KI270731v1_random	150754	4759	0
chr22_KI270732v1_random	41543	588	0
chr22_KI270733v1_random	179772	12888	0
chr22_KI270734v1_random	165050	5753	0
chr22_KI270735v1_random	42811	588	0
chr22_KI270736v1_random	181920	1355	9
chr22_KI270737v1_random	103838	1043	2
chr22_KI270738v1_random	99375	154	0
chr22_KI270739v1_random	73985	36	0
chr2_KI270715v1_random	161471	272	0
chr2_KI270716v1_random	153799	322	0
chr3	198295559	3837997	52
chr3_GL000221v1_random	155397	3511	0
chr4	190214555	2822730	47
chr4_GL000008v2_random	209709	2956	0
chr5	181538259	3010504	118
chr5_GL000208v1_random	92689	183	0
chr6	170805979	2985516	39
chr7	159345973	3429753	61
chr8	145138636	2235835	42
chr9	138394717	2743404	36
chr9_KI270717v1_random	40062	898	0
chr9_KI270718v1_random	38054	1165	0
chr9_KI270719v1_random	176845	3325	0
chr9_KI270720v1_random	39050	1785	0
chr1_KI270762v1_alt	354444	6812	0
chr1_KI270766v1_alt	256271	24281	0
chr1_KI270760v1_alt	109528	53	0
chr1_KI270765v1_alt	185285	2193	0
chr1_GL383518v1_alt	182439	7193	0
chr1_GL383519v1_alt	110268	8550	0
chr1_GL383520v2_alt	366580	2723	0
chr1_KI270764v1_alt	50258	28	0
chr1_KI270763v1_alt	911658	10092	0
chr1_KI270759v1_alt	425601	2142	1
chr1_KI270761v1_alt	165834	3923	0
chr2_KI270770v1_alt	136240	30	0
chr2_KI270773v1_alt	70887	794	0
chr2_KI270774v1_alt	223625	3634	0
chr2_KI270769v1_alt	120616	1389	0
chr2_GL383521v1_alt	143390	127	0
chr2_KI270772v1_alt	133041	1329	0
chr2_KI270775v1_alt	138019	51	0
chr2_KI270771v1_alt	110395	30	0
chr2_KI270768v1_alt	110099	1735	0
chr2_GL582966v2_alt	96131	2941	0
chr2_GL383522v1_alt	123821	5273	0
chr2_KI270776v1_alt	174166	1073	0
chr2_KI270767v1_alt	161578	290	0
chr3_JH636055v2_alt	173151	3182	0
chr3_KI270783v1_alt	109187	31	0
chr3_KI270780v1_alt	224108	2769	0
chr3_GL383526v1_alt	180671	1336	0
chr3_KI270777v1_alt	173649	3253	0
chr3_KI270778v1_alt	248252	53	0
chr3_KI270781v1_alt	113034	62	0
chr3_KI270779v1_alt	205312	18965	0
chr3_KI270782v1_alt	162429	799	0
chr3_KI270784v1_alt	184404	4470	0
chr4_KI270790v1_alt	220246	251	0
chr4_GL383528v1_alt	376187	118	0
chr4_KI270787v1_alt	111943	40	0
chr4_GL000257v2_alt	586476	15974	0
chr4_KI270788v1_alt	158965	46	0
chr4_GL383527v1_alt	164536	4031	0
chr4_KI270785v1_alt	119912	42	0
chr4_KI270789v1_alt	205944	709	0
chr4_KI270786v1_alt	244096	47	0
chr5_KI270793v1_alt	126136	517	0
chr5_KI270792v1_alt	179043	2029	0
chr5_KI270791v1_alt	195710	3925	0
chr5_GL383532v1_alt	82728	24	0
chr5_GL949742v1_alt	226852	95	0
chr5_KI270794v1_alt	164558	1072	0
chr5_GL339449v2_alt	1612928	31037	0
chr5_GL383530v1_alt	101241	56	0
chr5_KI270796v1_alt	172708	47	0
chr5_GL383531v1_alt	173459	61	0
chr5_KI270795v1_alt	131892	1408	0
chr6_GL000250v2_alt	4672374	8431	0
chr6_KI270800v1_alt	175808	827	0
chr6_KI270799v1_alt	152148	38	0
chr6_GL383533v1_alt	124736	778	0
chr6_KI270801v1_alt	870480	6735	0
chr6_KI270802v1_alt	75005	109	0
chr6_KB021644v2_alt	185823	57	0
chr6_KI270797v1_alt	197536	4391	0
chr6_KI270798v1_alt	271782	3667	0
chr7_KI270804v1_alt	157952	124	0
chr7_KI270809v1_alt	209586	7981	0
chr7_KI270806v1_alt	158166	2683	0
chr7_GL383534v2_alt	119183	4267	0
chr7_KI270803v1_alt	1111570	39601	0
chr7_KI270808v1_alt	271455	822	0
chr7_KI270807v1_alt	126434	78	0
chr7_KI270805v1_alt	209988	147	0
chr8_KI270818v1_alt	145606	118	0
chr8_KI270812v1_alt	282736	110	0
chr8_KI270811v1_alt	292436	160	0
chr8_KI270821v1_alt	985506	8588	0
chr8_KI270813v1_alt	300230	23393	0
chr8_KI270822v1_alt	624492	11127	0
chr8_KI270814v1_alt	141812	184	0
chr8_KI270810v1_alt	374415	121	0
chr8_KI270819v1_alt	133535	1411	1
chr8_KI270820v1_alt	36640	256	0
chr8_KI270817v1_alt	158983	1065	0
chr8_KI270816v1_alt	305841	8303	0
chr8_KI270815v1_alt	132244	1203	0
chr9_GL383539v1_alt	162988	867	0
chr9_GL383540v1_alt	71551	1535	0
chr9_GL383541v1_alt	171286	1680	0
chr9_GL383542v1_alt	60032	863	0
chr9_KI270823v1_alt	439082	2191	0
chr10_GL383545v1_alt	179254	2171	0
chr10_KI270824v1_alt	181496	1380	0
chr10_GL383546v1_alt	309802	3380	0
chr10_KI270825v1_alt	188315	3503	0
chr11_KI270832v1_alt	210133	9758	0
chr11_KI270830v1_alt	177092	2075	0
chr11_KI270831v1_alt	296895	6904	0
chr11_KI270829v1_alt	204059	2219	0
chr11_GL383547v1_alt	154407	40	0
chr11_JH159136v1_alt	200998	5942	0
chr11_JH159137v1_alt	191409	2435	0
chr11_KI270827v1_alt	67707	27	0
chr11_KI270826v1_alt	186169	101	0
chr12_GL877875v1_alt	167313	3080	0
chr12_GL877876v1_alt	408271	8988	0
chr12_KI270837v1_alt	40090	2994	0
chr12_GL383549v1_alt	120804	26	0
chr12_KI270835v1_alt	238139	7834	0
chr12_GL383550v2_alt	169178	1945	0
chr12_GL383552v1_alt	138655	660	0
chr12_GL383553v2_alt	152874	2343	0
chr12_KI270834v1_alt	119498	8740	0
chr12_GL383551v1_alt	184319	79	0
chr12_KI270833v1_alt	76061	3710	0
chr12_KI270836v1_alt	56134	132	0
chr13_KI270840v1_alt	191684	3919	0
chr13_KI270839v1_alt	180306	741	0
chr13_KI270843v1_alt	103832	13	0
chr13_KI270841v1_alt	169134	42	0
chr13_KI270838v1_alt	306913	1864	0
chr13_KI270842v1_alt	37287	257	0
chr14_KI270844v1_alt	322166	6384	0
chr14_KI270847v1_alt	1511111	28993	0
chr14_KI270845v1_alt	180703	716	0
chr14_KI270846v1_alt	1351393	43138	7
chr15_KI270852v1_alt	478999	13293	1
chr15_KI270851v1_alt	263054	15558	0
chr15_KI270848v1_alt	327382	8772	0
chr15_GL383554v1_alt	296527	8264	0
chr15_KI270849v1_alt	244917	3735	0
chr15_GL383555v2_alt	388773	1551	0
chr15_KI270850v1_alt	430880	23175	1
chr16_KI270854v1_alt	134193	2124	0
chr16_KI270856v1_alt	63982	240	0
chr16_KI270855v1_alt	232857	5186	0
chr16_KI270853v1_alt	2659700	97004	1
chr16_GL383556v1_alt	192462	5150	0
chr16_GL383557v1_alt	89672	1949	0
chr17_GL383563v3_alt	375691	1758	0
chr17_KI270862v1_alt	391357	4278	0
chr17_KI270861v1_alt	196688	10374	0
chr17_KI270857v1_alt	2877074	128839	1
chr17_JH159146v1_alt	278131	10572	0
chr17_JH159147v1_alt	70345	2587	0
chr17_GL383564v2_alt	133151	7624	1
chr17_GL000258v2_alt	1821992	16437	0
chr17_GL383565v1_alt	223995	76	0
chr17_KI270858v1_alt	235827	201	0
chr17_KI270859v1_alt	108763	168	0
chr17_GL383566v1_alt	90219	60	0
chr17_KI270860v1_alt	178921	2593	0
chr18_KI270864v1_alt	111737	66	0
chr18_GL383567v1_alt	289831	1175	0
chr18_GL383570v1_alt	164789	96	0
chr18_GL383571v1_alt	198278	1383	1
chr18_GL383568v1_alt	104552	37	0
chr18_GL383569v1_alt	167950	57	0
chr18_GL383572v1_alt	159547	414	0
chr18_KI270863v1_alt	167999	1216	0
chr19_KI270868v1_alt	61734	1337	0
chr19_KI270865v1_alt	52969	1520	0
chr19_GL383573v1_alt	385657	5215	0
chr19_GL383575v2_alt	170222	3516	0
chr19_GL383576v1_alt	188024	3025	1
chr19_GL383574v1_alt	155864	2011	0
chr19_KI270866v1_alt	43156	1573	0
chr19_KI270867v1_alt	233762	4139	0
chr19_GL949746v1_alt	987716	16799	1
chr20_GL383577v2_alt	128386	73	0
chr20_KI270869v1_alt	118774	2180	0
chr20_KI270871v1_alt	58661	1147	0
chr20_KI270870v1_alt	183433	3728	0
chr21_GL383578v2_alt	63917	34	0
chr21_KI270874v1_alt	166743	96	0
chr21_KI270873v1_alt	143900	449	0
chr21_GL383579v2_alt	201197	104	0
chr21_GL383580v2_alt	74653	689	0
chr21_GL383581v2_alt	116689	4085	0
chr21_KI270872v1_alt	82692	1978	0
chr22_KI270875v1_alt	259914	4129	0
chr22_KI270878v1_alt	186262	1240	0
chr22_KI270879v1_alt	304135	10011	0
chr22_KI270876v1_alt	263666	3046	0
chr22_KI270877v1_alt	101331	957	0
chr22_GL383583v2_alt	96924	1068	0
chr22_GL383582v2_alt	162811	3540	0
chrX_KI270880v1_alt	284869	840	0
chrX_KI270881v1_alt	144206	1298	0
chr19_KI270882v1_alt	248807	2706	0
chr19_KI270883v1_alt	170399	3395	0
chr19_KI270884v1_alt	157053	2609	0
chr19_KI270885v1_alt	171027	2467	0
chr19_KI270886v1_alt	204239	2908	0
chr19_KI270887v1_alt	209512	2221	0
chr19_KI270888v1_alt	155532	2482	0
chr19_KI270889v1_alt	170698	2444	0
chr19_KI270890v1_alt	184499	2121	0
chr19_KI270891v1_alt	170680	2769	0
chr1_KI270892v1_alt	162212	4005	0
chr2_KI270894v1_alt	214158	7402	0
chr2_KI270893v1_alt	161218	304	0
chr3_KI270895v1_alt	162896	4655	0
chr4_KI270896v1_alt	378547	6275	0
chr5_KI270897v1_alt	1144418	18691	0
chr5_KI270898v1_alt	130957	1441	0
chr6_GL000251v2_alt	4795265	33223	0
chr7_KI270899v1_alt	190869	2682	0
chr8_KI270901v1_alt	136959	66	0
chr8_KI270900v1_alt	318687	875	0
chr11_KI270902v1_alt	106711	27998	1
chr11_KI270903v1_alt	214625	1871	0
chr12_KI270904v1_alt	572349	12157	0
chr15_KI270906v1_alt	196384	3496	0
chr15_KI270905v1_alt	5161414	87285	1
chr17_KI270907v1_alt	137721	271	0
chr17_KI270910v1_alt	157099	2556	0
chr17_KI270909v1_alt	325800	33251	0
chr17_JH159148v1_alt	88070	2322	0
chr17_KI270908v1_alt	1423190	28357	0
chr18_KI270912v1_alt	174061	50	0
chr18_KI270911v1_alt	157710	286	0
chr19_GL949747v2_alt	729520	7294	1
chr22_KB663609v1_alt	74013	1297	0
chrX_KI270913v1_alt	274009	1659	0
chr19_KI270914v1_alt	205194	3677	0
chr19_KI270915v1_alt	170665	2711	0
chr19_KI270916v1_alt	184516	2277	0
chr19_KI270917v1_alt	190932	2945	0
chr19_KI270918v1_alt	123111	1715	0
chr19_KI270919v1_alt	170701	3618	0
chr19_KI270920v1_alt	198005	2532	0
chr19_KI270921v1_alt	282224	3042	0
chr19_KI270922v1_alt	187935	3314	0
chr19_KI270923v1_alt	189352	4137	0
chr3_KI270924v1_alt	166540	7841	0
chr4_KI270925v1_alt	555799	868	0
chr6_GL000252v2_alt	4604811	27035	0
chr8_KI270926v1_alt	229282	1038	0
chr11_KI270927v1_alt	218612	20035	0
chr19_GL949748v2_alt	1064304	5248	0
chr22_KI270928v1_alt	176103	4619	0
chr19_KI270929v1_alt	186203	2253	1
chr19_KI270930v1_alt	200773	4192	0
chr19_KI270931v1_alt	170148	2807	0
chr19_KI270932v1_alt	215732	3286	0
chr19_KI270933v1_alt	170537	5300	0
chr19_GL000209v2_alt	177381	2058	0
chr3_KI270934v1_alt	163458	4709	0
chr6_GL000253v2_alt	4677643	14414	0
chr19_GL949749v2_alt	1091841	4048	0
chr3_KI270935v1_alt	197351	4759	0
chr6_GL000254v2_alt	4827813	24027	0
chr19_GL949750v2_alt	1066390	3737	0
chr3_KI270936v1_alt	164170	5182	0
chr6_GL000255v2_alt	4606388	26556	0
chr19_GL949751v2_alt	1002683	4542	0
chr3_KI270937v1_alt	165607	4664	0
chr6_GL000256v2_alt	4929269	24366	0
chr19_GL949752v1_alt	987100	19087	0
chr6_KI270758v1_alt	76752	43	0
chr19_GL949753v2_alt	796479	12501	0
chr19_KI270938v1_alt	1066800	25694	0
chrM	16569	24091	0
chrUn_KI270302v1	2274	0	0
chrUn_KI270304v1	2165	4	0
chrUn_KI270303v1	1942	18	0
chrUn_KI270305v1	1472	0	0
chrUn_KI270322v1	21476	21	0
chrUn_KI270320v1	4416	2	0
chrUn_KI270310v1	1201	51	0
chrUn_KI270316v1	1444	2	0
chrUn_KI270315v1	2276	5	0
chrUn_KI270312v1	998	1	0
chrUn_KI270311v1	12399	5	0
chrUn_KI270317v1	37690	2	0
chrUn_KI270412v1	1179	3	0
chrUn_KI270411v1	2646	9	0
chrUn_KI270414v1	2489	5	0
chrUn_KI270419v1	1029	0	0
chrUn_KI270418v1	2145	8	0
chrUn_KI270420v1	2321	3	0
chrUn_KI270424v1	2140	2	0
chrUn_KI270417v1	2043	0	0
chrUn_KI270422v1	1445	0	0
chrUn_KI270423v1	981	3	0
chrUn_KI270425v1	1884	0	0
chrUn_KI270429v1	1361	19	0
chrUn_KI270442v1	392061	8015	2
chrUn_KI270466v1	1233	267	0
chrUn_KI270465v1	1774	19	0
chrUn_KI270467v1	3920	988	0
chrUn_KI270435v1	92983	232	1
chrUn_KI270438v1	112505	10089	2
chrUn_KI270468v1	4055	12	0
chrUn_KI270510v1	2415	10	0
chrUn_KI270509v1	2318	7	0
chrUn_KI270518v1	2186	9	0
chrUn_KI270508v1	1951	10	0
chrUn_KI270516v1	1300	1	0
chrUn_KI270512v1	22689	40	0
chrUn_KI270519v1	138126	242	1
chrUn_KI270522v1	5674	7	0
chrUn_KI270511v1	8127	12	0
chrUn_KI270515v1	6361	31	0
chrUn_KI270507v1	5353	11	0
chrUn_KI270517v1	3253	15	0
chrUn_KI270529v1	1899	3	0
chrUn_KI270528v1	2983	6	0
chrUn_KI270530v1	2168	6	0
chrUn_KI270539v1	993	2	0
chrUn_KI270538v1	91309	285	0
chrUn_KI270544v1	1202	16	0
chrUn_KI270548v1	1599	2	0
chrUn_KI270583v1	1400	1	0
chrUn_KI270587v1	2969	5	0
chrUn_KI270580v1	1553	8	0
chrUn_KI270581v1	7046	16	0
chrUn_KI270579v1	31033	12	0
chrUn_KI270589v1	44474	165	0
chrUn_KI270590v1	4685	43	0
chrUn_KI270584v1	4513	19	0
chrUn_KI270582v1	6504	10	0
chrUn_KI270588v1	6158	16	0
chrUn_KI270593v1	3041	6	0
chrUn_KI270591v1	5796	27	0
chrUn_KI270330v1	1652	48	0
chrUn_KI270329v1	1040	2	0
chrUn_KI270334v1	1368	10	0
chrUn_KI270333v1	2699	62	0
chrUn_KI270335v1	1048	2	0
chrUn_KI270338v1	1428	0	0
chrUn_KI270340v1	1428	25	0
chrUn_KI270336v1	1026	23	0
chrUn_KI270337v1	1121	51	0
chrUn_KI270363v1	1803	1	0
chrUn_KI270364v1	2855	6	0
chrUn_KI270362v1	3530	0	0
chrUn_KI270366v1	8320	9	0
chrUn_KI270378v1	1048	0	0
chrUn_KI270379v1	1045	4	0
chrUn_KI270389v1	1298	2	0
chrUn_KI270390v1	2387	4	0
chrUn_KI270387v1	1537	7	0
chrUn_KI270395v1	1143	6	0
chrUn_KI270396v1	1880	8	0
chrUn_KI270388v1	1216	2	0
chrUn_KI270394v1	970	0	0
chrUn_KI270386v1	1788	0	0
chrUn_KI270391v1	1484	0	0
chrUn_KI270383v1	1750	8	0
chrUn_KI270393v1	1308	0	0
chrUn_KI270384v1	1658	8	0
chrUn_KI270392v1	971	0	0
chrUn_KI270381v1	1930	4	0
chrUn_KI270385v1	990	0	0
chrUn_KI270382v1	4215	5	0
chrUn_KI270376v1	1136	0	0
chrUn_KI270374v1	2656	0	0
chrUn_KI270372v1	1650	0	0
chrUn_KI270373v1	1451	0	0
chrUn_KI270375v1	2378	2	0
chrUn_KI270371v1	2805	2	0
chrUn_KI270448v1	7992	19	0
chrUn_KI270521v1	7642	20	0
chrUn_GL000195v1	182896	1288	0
chrUn_GL000219v1	179198	1790	0
chrUn_GL000220v1	161802	9024	1
chrUn_GL000224v1	179693	1069	0
chrUn_KI270741v1	157432	42	0
chrUn_GL000226v1	15008	207	0
chrUn_GL000213v1	164239	8552	0
chrUn_KI270743v1	210658	322	0
chrUn_KI270744v1	168472	7142	0
chrUn_KI270745v1	41891	173	0
chrUn_KI270746v1	66486	15662	0
chrUn_KI270747v1	198735	1256	0
chrUn_KI270748v1	93321	88	0
chrUn_KI270749v1	158759	1719	0
chrUn_KI270750v1	148850	3210	0
chrUn_KI270751v1	150742	2859	0
chrUn_KI270752v1	27745	0	0
chrUn_KI270753v1	62944	32	0
chrUn_KI270754v1	40191	96	0
chrUn_KI270755v1	36723	10	0
chrUn_KI270756v1	79590	361	0
chrUn_KI270757v1	71251	231	0
chrUn_GL000214v1	137718	3375	0
chrUn_KI270742v1	186739	5161	0
chrUn_GL000216v2	176608	7005	7
chrUn_GL000218v1	161147	5572	0
chrX	156040895	3106590	41
chrY	57227415	63644	28
chrY_KI270740v1_random	37240	0	0
*	0	0	11178
