chr1	248956422	5532199	54
chr10	133797422	2324330	19
chr11	135086622	2767662	41
chr11_KI270721v1_random	100316	283	0
chr12	133275309	2840726	39
chr13	114364328	1072636	19
chr14	107043718	1680906	8
chr14_GL000009v2_random	201709	1951	0
chr14_GL000225v1_random	211173	1566	2
chr14_KI270722v1_random	194050	240	0
chr14_GL000194v1_random	191469	4554	0
chr14_KI270723v1_random	38115	559	0
chr14_KI270724v1_random	39555	741	0
chr14_KI270725v1_random	172810	3259	0
chr14_KI270726v1_random	43739	2066	0
chr15	101991189	1958749	29
chr15_KI270727v1_random	448248	9912	0
chr16	90338345	1999591	14
chr16_KI270728v1_random	1872759	23823	2
chr17	83257441	2728652	24
chr17_GL000205v2_random	185591	3721	0
chr17_KI270729v1_random	280839	1245	1
chr17_KI270730v1_random	112551	329	1
chr18	80373285	886930	5
chr19	58617616	2576218	545
chr1_KI270706v1_random	175055	2649	0
chr1_KI270707v1_random	32032	16	0
chr1_KI270708v1_random	127682	1014	0
chr1_KI270709v1_random	66860	873	0
chr1_KI270710v1_random	40176	34	0
chr1_KI270711v1_random	42210	20107	0
chr1_KI270712v1_random	176043	2338	0
chr1_KI270713v1_random	40745	3421	0
chr1_KI270714v1_random	41717	972	0
chr2	242193529	4412066	51
chr20	64444167	1162547	17
chr21	46709983	569389	4
chr22	50818468	986002	6
chr22_KI270731v1_random	150754	3304	0
chr22_KI270732v1_random	41543	512	0
chr22_KI270733v1_random	179772	3872	0
chr22_KI270734v1_random	165050	5499	0
chr22_KI270735v1_random	42811	269	0
chr22_KI270736v1_random	181920	373	3
chr22_KI270737v1_random	103838	216	0
chr22_KI270738v1_random	99375	50	0
chr22_KI270739v1_random	73985	15	0
chr2_KI270715v1_random	161471	48	0
chr2_KI270716v1_random	153799	36	0
chr3	198295559	3135919	20
chr3_GL000221v1_random	155397	3065	0
chr4	190214555	2230045	19
chr4_GL000008v2_random	209709	2165	0
chr5	181538259	2431000	36
chr5_GL000208v1_random	92689	56	0
chr6	170805979	2433821	17
chr7	159345973	2798023	26
chr8	145138636	1783598	30
chr9	138394717	2252165	15
chr9_KI270717v1_random	40062	777	0
chr9_KI270718v1_random	38054	1001	0
chr9_KI270719v1_random	176845	3416	0
chr9_KI270720v1_random	39050	1436	0
chr1_KI270762v1_alt	354444	5340	0
chr1_KI270766v1_alt	256271	20054	1
chr1_KI270760v1_alt	109528	35	0
chr1_KI270765v1_alt	185285	1711	0
chr1_GL383518v1_alt	182439	6163	0
chr1_GL383519v1_alt	110268	7217	0
chr1_GL383520v2_alt	366580	2125	0
chr1_KI270764v1_alt	50258	19	0
chr1_KI270763v1_alt	911658	8529	0
chr1_KI270759v1_alt	425601	1838	0
chr1_KI270761v1_alt	165834	3645	0
chr2_KI270770v1_alt	136240	71	0
chr2_KI270773v1_alt	70887	645	0
chr2_KI270774v1_alt	223625	2898	0
chr2_KI270769v1_alt	120616	1120	0
chr2_GL383521v1_alt	143390	107	0
chr2_KI270772v1_alt	133041	853	0
chr2_KI270775v1_alt	138019	44	0
chr2_KI270771v1_alt	110395	27	0
chr2_KI270768v1_alt	110099	1353	0
chr2_GL582966v2_alt	96131	2484	0
chr2_GL383522v1_alt	123821	4396	0
chr2_KI270776v1_alt	174166	855	0
chr2_KI270767v1_alt	161578	207	0
chr3_JH636055v2_alt	173151	2339	0
chr3_KI270783v1_alt	109187	35	0
chr3_KI270780v1_alt	224108	2185	0
chr3_GL383526v1_alt	180671	1085	0
chr3_KI270777v1_alt	173649	2637	0
chr3_KI270778v1_alt	248252	38	0
chr3_KI270781v1_alt	113034	77	0
chr3_KI270779v1_alt	205312	4227	1
chr3_KI270782v1_alt	162429	648	0
chr3_KI270784v1_alt	184404	3955	0
chr4_KI270790v1_alt	220246	97	0
chr4_GL383528v1_alt	376187	74	0
chr4_KI270787v1_alt	111943	35	0
chr4_GL000257v2_alt	586476	11389	0
chr4_KI270788v1_alt	158965	33	0
chr4_GL383527v1_alt	164536	2967	0
chr4_KI270785v1_alt	119912	25	0
chr4_KI270789v1_alt	205944	539	0
chr4_KI270786v1_alt	244096	49	0
chr5_KI270793v1_alt	126136	403	0
chr5_KI270792v1_alt	179043	2020	0
chr5_KI270791v1_alt	195710	3373	0
chr5_GL383532v1_alt	82728	29	0
chr5_GL949742v1_alt	226852	82	0
chr5_KI270794v1_alt	164558	1011	0
chr5_GL339449v2_alt	1612928	30321	0
chr5_GL383530v1_alt	101241	36	0
chr5_KI270796v1_alt	172708	47	0
chr5_GL383531v1_alt	173459	40	0
chr5_KI270795v1_alt	131892	1219	0
chr6_GL000250v2_alt	4672374	7063	0
chr6_KI270800v1_alt	175808	948	0
chr6_KI270799v1_alt	152148	35	0
chr6_GL383533v1_alt	124736	633	0
chr6_KI270801v1_alt	870480	5443	0
chr6_KI270802v1_alt	75005	59	0
chr6_KB021644v2_alt	185823	82	0
chr6_KI270797v1_alt	197536	3433	0
chr6_KI270798v1_alt	271782	3032	0
chr7_KI270804v1_alt	157952	163	0
chr7_KI270809v1_alt	209586	5714	0
chr7_KI270806v1_alt	158166	2261	0
chr7_GL383534v2_alt	119183	3574	0
chr7_KI270803v1_alt	1111570	31953	0
chr7_KI270808v1_alt	271455	624	0
chr7_KI270807v1_alt	126434	65	0
chr7_KI270805v1_alt	209988	159	0
chr8_KI270818v1_alt	145606	78	0
chr8_KI270812v1_alt	282736	127	0
chr8_KI270811v1_alt	292436	180	0
chr8_KI270821v1_alt	985506	7135	0
chr8_KI270813v1_alt	300230	11752	0
chr8_KI270822v1_alt	624492	9385	0
chr8_KI270814v1_alt	141812	158	0
chr8_KI270810v1_alt	374415	127	0
chr8_KI270819v1_alt	133535	1412	0
chr8_KI270820v1_alt	36640	187	0
chr8_KI270817v1_alt	158983	891	0
chr8_KI270816v1_alt	305841	7379	0
chr8_KI270815v1_alt	132244	1050	0
chr9_GL383539v1_alt	162988	700	0
chr9_GL383540v1_alt	71551	1144	0
chr9_GL383541v1_alt	171286	1677	0
chr9_GL383542v1_alt	60032	783	0
chr9_KI270823v1_alt	439082	1722	0
chr10_GL383545v1_alt	179254	1915	0
chr10_KI270824v1_alt	181496	1027	0
chr10_GL383546v1_alt	309802	2983	0
chr10_KI270825v1_alt	188315	3123	0
chr11_KI270832v1_alt	210133	8809	0
chr11_KI270830v1_alt	177092	1489	0
chr11_KI270831v1_alt	296895	5991	0
chr11_KI270829v1_alt	204059	2118	0
chr11_GL383547v1_alt	154407	18	0
chr11_JH159136v1_alt	200998	4598	0
chr11_JH159137v1_alt	191409	2056	0
chr11_KI270827v1_alt	67707	19	0
chr11_KI270826v1_alt	186169	102	0
chr12_GL877875v1_alt	167313	2595	0
chr12_GL877876v1_alt	408271	9023	0
chr12_KI270837v1_alt	40090	3553	0
chr12_GL383549v1_alt	120804	51	0
chr12_KI270835v1_alt	238139	5363	0
chr12_GL383550v2_alt	169178	1461	0
chr12_GL383552v1_alt	138655	555	0
chr12_GL383553v2_alt	152874	2004	1
chr12_KI270834v1_alt	119498	7181	0
chr12_GL383551v1_alt	184319	49	0
chr12_KI270833v1_alt	76061	2733	0
chr12_KI270836v1_alt	56134	118	0
chr13_KI270840v1_alt	191684	2217	0
chr13_KI270839v1_alt	180306	588	0
chr13_KI270843v1_alt	103832	20	0
chr13_KI270841v1_alt	169134	32	0
chr13_KI270838v1_alt	306913	1456	0
chr13_KI270842v1_alt	37287	210	0
chr14_KI270844v1_alt	322166	5437	0
chr14_KI270847v1_alt	1511111	23828	0
chr14_KI270845v1_alt	180703	600	0
chr14_KI270846v1_alt	1351393	38358	2
chr15_KI270852v1_alt	478999	10799	0
chr15_KI270851v1_alt	263054	13581	0
chr15_KI270848v1_alt	327382	9764	0
chr15_GL383554v1_alt	296527	10210	0
chr15_KI270849v1_alt	244917	2300	0
chr15_GL383555v2_alt	388773	1396	0
chr15_KI270850v1_alt	430880	20962	0
chr16_KI270854v1_alt	134193	1654	0
chr16_KI270856v1_alt	63982	148	0
chr16_KI270855v1_alt	232857	4518	0
chr16_KI270853v1_alt	2659700	81546	1
chr16_GL383556v1_alt	192462	4158	0
chr16_GL383557v1_alt	89672	1727	0
chr17_GL383563v3_alt	375691	1697	0
chr17_KI270862v1_alt	391357	3838	0
chr17_KI270861v1_alt	196688	9191	0
chr17_KI270857v1_alt	2877074	85896	0
chr17_JH159146v1_alt	278131	9285	0
chr17_JH159147v1_alt	70345	3773	0
chr17_GL383564v2_alt	133151	6376	0
chr17_GL000258v2_alt	1821992	19483	0
chr17_GL383565v1_alt	223995	48	0
chr17_KI270858v1_alt	235827	150	0
chr17_KI270859v1_alt	108763	151	0
chr17_GL383566v1_alt	90219	63	0
chr17_KI270860v1_alt	178921	2436	0
chr18_KI270864v1_alt	111737	57	0
chr18_GL383567v1_alt	289831	758	0
chr18_GL383570v1_alt	164789	71	0
chr18_GL383571v1_alt	198278	1145	1
chr18_GL383568v1_alt	104552	24	0
chr18_GL383569v1_alt	167950	78	0
chr18_GL383572v1_alt	159547	280	0
chr18_KI270863v1_alt	167999	935	0
chr19_KI270868v1_alt	61734	1013	0
chr19_KI270865v1_alt	52969	1422	0
chr19_GL383573v1_alt	385657	4630	0
chr19_GL383575v2_alt	170222	2862	0
chr19_GL383576v1_alt	188024	2322	0
chr19_GL383574v1_alt	155864	1485	0
chr19_KI270866v1_alt	43156	1161	0
chr19_KI270867v1_alt	233762	3725	0
chr19_GL949746v1_alt	987716	18258	0
chr20_GL383577v2_alt	128386	59	0
chr20_KI270869v1_alt	118774	1916	0
chr20_KI270871v1_alt	58661	910	0
chr20_KI270870v1_alt	183433	3213	0
chr21_GL383578v2_alt	63917	35	0
chr21_KI270874v1_alt	166743	57	0
chr21_KI270873v1_alt	143900	359	0
chr21_GL383579v2_alt	201197	86	0
chr21_GL383580v2_alt	74653	529	0
chr21_GL383581v2_alt	116689	3343	0
chr21_KI270872v1_alt	82692	1798	0
chr22_KI270875v1_alt	259914	4488	0
chr22_KI270878v1_alt	186262	886	0
chr22_KI270879v1_alt	304135	7513	1
chr22_KI270876v1_alt	263666	2669	0
chr22_KI270877v1_alt	101331	966	0
chr22_GL383583v2_alt	96924	1016	0
chr22_GL383582v2_alt	162811	3103	0
chrX_KI270880v1_alt	284869	517	0
chrX_KI270881v1_alt	144206	1049	0
chr19_KI270882v1_alt	248807	9233	0
chr19_KI270883v1_alt	170399	1905	0
chr19_KI270884v1_alt	157053	2097	0
chr19_KI270885v1_alt	171027	1472	0
chr19_KI270886v1_alt	204239	6421	0
chr19_KI270887v1_alt	209512	4502	0
chr19_KI270888v1_alt	155532	2112	0
chr19_KI270889v1_alt	170698	1437	0
chr19_KI270890v1_alt	184499	4019	0
chr19_KI270891v1_alt	170680	1731	0
chr1_KI270892v1_alt	162212	3615	0
chr2_KI270894v1_alt	214158	4603	0
chr2_KI270893v1_alt	161218	183	0
chr3_KI270895v1_alt	162896	4976	0
chr4_KI270896v1_alt	378547	4549	0
chr5_KI270897v1_alt	1144418	21013	0
chr5_KI270898v1_alt	130957	1340	0
chr6_GL000251v2_alt	4795265	27278	0
chr7_KI270899v1_alt	190869	1663	0
chr8_KI270901v1_alt	136959	61	0
chr8_KI270900v1_alt	318687	680	0
chr11_KI270902v1_alt	106711	27172	0
chr11_KI270903v1_alt	214625	2828	0
chr12_KI270904v1_alt	572349	11882	0
chr15_KI270906v1_alt	196384	5908	0
chr15_KI270905v1_alt	5161414	74929	1
chr17_KI270907v1_alt	137721	262	0
chr17_KI270910v1_alt	157099	2384	0
chr17_KI270909v1_alt	325800	16474	0
chr17_JH159148v1_alt	88070	1135	0
chr17_KI270908v1_alt	1423190	23529	0
chr18_KI270912v1_alt	174061	68	0
chr18_KI270911v1_alt	157710	244	0
chr19_GL949747v2_alt	729520	9458	0
chr22_KB663609v1_alt	74013	1202	0
chrX_KI270913v1_alt	274009	1655	0
chr19_KI270914v1_alt	205194	3399	1
chr19_KI270915v1_alt	170665	1696	0
chr19_KI270916v1_alt	184516	4968	0
chr19_KI270917v1_alt	190932	1820	0
chr19_KI270918v1_alt	123111	1252	0
chr19_KI270919v1_alt	170701	2059	0
chr19_KI270920v1_alt	198005	2786	0
chr19_KI270921v1_alt	282224	9698	0
chr19_KI270922v1_alt	187935	2276	0
chr19_KI270923v1_alt	189352	2969	0
chr3_KI270924v1_alt	166540	3585	1
chr4_KI270925v1_alt	555799	775	0
chr6_GL000252v2_alt	4604811	27836	1
chr8_KI270926v1_alt	229282	985	0
chr11_KI270927v1_alt	218612	17818	0
chr19_GL949748v2_alt	1064304	4249	0
chr22_KI270928v1_alt	176103	3172	0
chr19_KI270929v1_alt	186203	3043	0
chr19_KI270930v1_alt	200773	6663	0
chr19_KI270931v1_alt	170148	1789	0
chr19_KI270932v1_alt	215732	4047	0
chr19_KI270933v1_alt	170537	2400	0
chr19_GL000209v2_alt	177381	3871	0
chr3_KI270934v1_alt	163458	4719	0
chr6_GL000253v2_alt	4677643	14515	0
chr19_GL949749v2_alt	1091841	3246	0
chr3_KI270935v1_alt	197351	2517	0
chr6_GL000254v2_alt	4827813	20078	0
chr19_GL949750v2_alt	1066390	2950	0
chr3_KI270936v1_alt	164170	4645	0
chr6_GL000255v2_alt	4606388	19942	0
chr19_GL949751v2_alt	1002683	3760	0
chr3_KI270937v1_alt	165607	4816	0
chr6_GL000256v2_alt	4929269	22783	0
chr19_GL949752v1_alt	987100	16705	0
chr6_KI270758v1_alt	76752	224	0
chr19_GL949753v2_alt	796479	10906	0
chr19_KI270938v1_alt	1066800	19392	0
chrM	16569	11713	0
chrUn_KI270302v1	2274	2	0
chrUn_KI270304v1	2165	2	0
chrUn_KI270303v1	1942	0	0
chrUn_KI270305v1	1472	2	0
chrUn_KI270322v1	21476	4	0
chrUn_KI270320v1	4416	0	0
chrUn_KI270310v1	1201	1	0
chrUn_KI270316v1	1444	0	0
chrUn_KI270315v1	2276	4	0
chrUn_KI270312v1	998	1	0
chrUn_KI270311v1	12399	0	0
chrUn_KI270317v1	37690	0	0
chrUn_KI270412v1	1179	0	0
chrUn_KI270411v1	2646	2	0
chrUn_KI270414v1	2489	0	0
chrUn_KI270419v1	1029	2	0
chrUn_KI270418v1	2145	0	0
chrUn_KI270420v1	2321	6	0
chrUn_KI270424v1	2140	0	0
chrUn_KI270417v1	2043	0	0
chrUn_KI270422v1	1445	6	0
chrUn_KI270423v1	981	0	0
chrUn_KI270425v1	1884	0	0
chrUn_KI270429v1	1361	0	0
chrUn_KI270442v1	392061	4524	2
chrUn_KI270466v1	1233	76	0
chrUn_KI270465v1	1774	5	0
chrUn_KI270467v1	3920	172	0
chrUn_KI270435v1	92983	105	0
chrUn_KI270438v1	112505	1432	0
chrUn_KI270468v1	4055	2	0
chrUn_KI270510v1	2415	4	0
chrUn_KI270509v1	2318	2	0
chrUn_KI270518v1	2186	2	0
chrUn_KI270508v1	1951	9	0
chrUn_KI270516v1	1300	2	0
chrUn_KI270512v1	22689	15	0
chrUn_KI270519v1	138126	113	0
chrUn_KI270522v1	5674	4	0
chrUn_KI270511v1	8127	6	0
chrUn_KI270515v1	6361	12	0
chrUn_KI270507v1	5353	19	0
chrUn_KI270517v1	3253	4	0
chrUn_KI270529v1	1899	4	0
chrUn_KI270528v1	2983	2	0
chrUn_KI270530v1	2168	2	0
chrUn_KI270539v1	993	0	0
chrUn_KI270538v1	91309	93	0
chrUn_KI270544v1	1202	2	0
chrUn_KI270548v1	1599	0	0
chrUn_KI270583v1	1400	0	0
chrUn_KI270587v1	2969	13	0
chrUn_KI270580v1	1553	8	0
chrUn_KI270581v1	7046	2	0
chrUn_KI270579v1	31033	21	0
chrUn_KI270589v1	44474	55	0
chrUn_KI270590v1	4685	11	0
chrUn_KI270584v1	4513	4	0
chrUn_KI270582v1	6504	6	0
chrUn_KI270588v1	6158	2	0
chrUn_KI270593v1	3041	7	0
chrUn_KI270591v1	5796	17	0
chrUn_KI270330v1	1652	25	0
chrUn_KI270329v1	1040	2	0
chrUn_KI270334v1	1368	0	0
chrUn_KI270333v1	2699	24	0
chrUn_KI270335v1	1048	0	0
chrUn_KI270338v1	1428	0	0
chrUn_KI270340v1	1428	0	0
chrUn_KI270336v1	1026	2	0
chrUn_KI270337v1	1121	32	0
chrUn_KI270363v1	1803	4	0
chrUn_KI270364v1	2855	4	0
chrUn_KI270362v1	3530	2	0
chrUn_KI270366v1	8320	2	0
chrUn_KI270378v1	1048	0	0
chrUn_KI270379v1	1045	0	0
chrUn_KI270389v1	1298	0	0
chrUn_KI270390v1	2387	2	0
chrUn_KI270387v1	1537	2	0
chrUn_KI270395v1	1143	1	0
chrUn_KI270396v1	1880	0	0
chrUn_KI270388v1	1216	0	0
chrUn_KI270394v1	970	2	0
chrUn_KI270386v1	1788	0	0
chrUn_KI270391v1	1484	2	0
chrUn_KI270383v1	1750	0	0
chrUn_KI270393v1	1308	0	0
chrUn_KI270384v1	1658	0	0
chrUn_KI270392v1	971	2	0
chrUn_KI270381v1	1930	0	0
chrUn_KI270385v1	990	0	0
chrUn_KI270382v1	4215	0	0
chrUn_KI270376v1	1136	0	0
chrUn_KI270374v1	2656	0	0
chrUn_KI270372v1	1650	0	0
chrUn_KI270373v1	1451	0	0
chrUn_KI270375v1	2378	0	0
chrUn_KI270371v1	2805	0	0
chrUn_KI270448v1	7992	4	0
chrUn_KI270521v1	7642	4	0
chrUn_GL000195v1	182896	687	0
chrUn_GL000219v1	179198	961	0
chrUn_GL000220v1	161802	3057	0
chrUn_GL000224v1	179693	1189	0
chrUn_KI270741v1	157432	16	0
chrUn_GL000226v1	15008	36	0
chrUn_GL000213v1	164239	5916	0
chrUn_KI270743v1	210658	960	0
chrUn_KI270744v1	168472	7471	0
chrUn_KI270745v1	41891	102	0
chrUn_KI270746v1	66486	7668	0
chrUn_KI270747v1	198735	783	0
chrUn_KI270748v1	93321	70	0
chrUn_KI270749v1	158759	1264	0
chrUn_KI270750v1	148850	2274	0
chrUn_KI270751v1	150742	1407	0
chrUn_KI270752v1	27745	0	0
chrUn_KI270753v1	62944	44	0
chrUn_KI270754v1	40191	90	0
chrUn_KI270755v1	36723	14	0
chrUn_KI270756v1	79590	84	1
chrUn_KI270757v1	71251	114	0
chrUn_GL000214v1	137718	1545	0
chrUn_KI270742v1	186739	3774	0
chrUn_GL000216v2	176608	1028	1
chrUn_GL000218v1	161147	4275	0
chrX	156040895	2526749	21
chrY	57227415	40879	8
chrY_KI270740v1_random	37240	0	0
*	0	0	3826
