chr1	248956422	17179420	692
chr10	133797422	8064456	703
chr11	135086622	8661484	505
chr11_KI270721v1_random	100316	2181	1
chr12	133275309	8527971	459
chr13	114364328	4671880	235
chr14	107043718	5437617	271
chr14_GL000009v2_random	201709	19707	0
chr14_GL000225v1_random	211173	124057	518
chr14_KI270722v1_random	194050	6973	0
chr14_GL000194v1_random	191469	14665	0
chr14_KI270723v1_random	38115	6236	32
chr14_KI270724v1_random	39555	5876	23
chr14_KI270725v1_random	172810	10540	0
chr14_KI270726v1_random	43739	4762	0
chr15	101991189	5570617	273
chr15_KI270727v1_random	448248	26109	1
chr16	90338345	6067518	332
chr16_KI270728v1_random	1872759	137735	14
chr17	83257441	6751029	401
chr17_GL000205v2_random	185591	23560	0
chr17_KI270729v1_random	280839	62838	68
chr17_KI270730v1_random	112551	13642	48
chr18	80373285	3888514	228
chr19	58617616	5600911	1001
chr1_KI270706v1_random	175055	15135	0
chr1_KI270707v1_random	32032	1554	0
chr1_KI270708v1_random	127682	5482	2
chr1_KI270709v1_random	66860	21614	3
chr1_KI270710v1_random	40176	1983	0
chr1_KI270711v1_random	42210	64016	1
chr1_KI270712v1_random	176043	7135	0
chr1_KI270713v1_random	40745	5944	0
chr1_KI270714v1_random	41717	2737	1
chr2	242193529	13982889	640
chr20	64444167	4018722	315
chr21	46709983	2358214	207
chr22	50818468	2739822	220
chr22_KI270731v1_random	150754	12239	1
chr22_KI270732v1_random	41543	2970	1
chr22_KI270733v1_random	179772	91923	6
chr22_KI270734v1_random	165050	11675	11
chr22_KI270735v1_random	42811	8002	11
chr22_KI270736v1_random	181920	26446	152
chr22_KI270737v1_random	103838	7635	12
chr22_KI270738v1_random	99375	4175	1
chr22_KI270739v1_random	73985	1350	0
chr2_KI270715v1_random	161471	4236	0
chr2_KI270716v1_random	153799	5453	0
chr3	198295559	11112071	697
chr3_GL000221v1_random	155397	16105	0
chr4	190214555	9607604	668
chr4_GL000008v2_random	209709	18802	7
chr5	181538259	9753118	512
chr5_GL000208v1_random	92689	3866	0
chr6	170805979	9252374	409
chr7	159345973	8992622	1038
chr8	145138636	7292272	353
chr9	138394717	7360605	362
chr9_KI270717v1_random	40062	1952	0
chr9_KI270718v1_random	38054	3064	1
chr9_KI270719v1_random	176845	13392	2
chr9_KI270720v1_random	39050	4156	0
chr1_KI270762v1_alt	354444	14644	1
chr1_KI270766v1_alt	256271	54780	3
chr1_KI270760v1_alt	109528	2325	0
chr1_KI270765v1_alt	185285	6365	0
chr1_GL383518v1_alt	182439	15213	0
chr1_GL383519v1_alt	110268	12050	1
chr1_GL383520v2_alt	366580	9759	0
chr1_KI270764v1_alt	50258	1264	0
chr1_KI270763v1_alt	911658	24474	1
chr1_KI270759v1_alt	425601	9770	1
chr1_KI270761v1_alt	165834	10150	0
chr2_KI270770v1_alt	136240	2184	0
chr2_KI270773v1_alt	70887	1706	1
chr2_KI270774v1_alt	223625	5325	0
chr2_KI270769v1_alt	120616	4340	1
chr2_GL383521v1_alt	143390	2647	0
chr2_KI270772v1_alt	133041	10838	0
chr2_KI270775v1_alt	138019	2171	0
chr2_KI270771v1_alt	110395	1753	0
chr2_KI270768v1_alt	110099	3239	0
chr2_GL582966v2_alt	96131	3429	0
chr2_GL383522v1_alt	123821	7763	0
chr2_KI270776v1_alt	174166	4351	0
chr2_KI270767v1_alt	161578	2549	0
chr3_JH636055v2_alt	173151	6838	1
chr3_KI270783v1_alt	109187	1940	1
chr3_KI270780v1_alt	224108	5804	0
chr3_GL383526v1_alt	180671	4499	1
chr3_KI270777v1_alt	173649	4511	0
chr3_KI270778v1_alt	248252	3687	0
chr3_KI270781v1_alt	113034	2170	0
chr3_KI270779v1_alt	205312	4956	0
chr3_KI270782v1_alt	162429	4057	0
chr3_KI270784v1_alt	184404	5526	0
chr4_KI270790v1_alt	220246	3681	0
chr4_GL383528v1_alt	376187	5439	0
chr4_KI270787v1_alt	111943	2142	0
chr4_GL000257v2_alt	586476	32137	1
chr4_KI270788v1_alt	158965	2632	0
chr4_GL383527v1_alt	164536	6629	1
chr4_KI270785v1_alt	119912	2032	0
chr4_KI270789v1_alt	205944	3904	0
chr4_KI270786v1_alt	244096	2724	0
chr5_KI270793v1_alt	126136	2745	0
chr5_KI270792v1_alt	179043	5448	1
chr5_KI270791v1_alt	195710	8274	0
chr5_GL383532v1_alt	82728	886	0
chr5_GL949742v1_alt	226852	3300	0
chr5_KI270794v1_alt	164558	5259	0
chr5_GL339449v2_alt	1612928	65812	2
chr5_GL383530v1_alt	101241	2005	1
chr5_KI270796v1_alt	172708	2678	0
chr5_GL383531v1_alt	173459	2455	1
chr5_KI270795v1_alt	131892	4462	0
chr6_GL000250v2_alt	4672374	41999	2
chr6_KI270800v1_alt	175808	3679	0
chr6_KI270799v1_alt	152148	2639	0
chr6_GL383533v1_alt	124736	4005	0
chr6_KI270801v1_alt	870480	21324	0
chr6_KI270802v1_alt	75005	1278	0
chr6_KB021644v2_alt	185823	3047	1
chr6_KI270797v1_alt	197536	6361	0
chr6_KI270798v1_alt	271782	9900	0
chr7_KI270804v1_alt	157952	2099	0
chr7_KI270809v1_alt	209586	12770	1
chr7_KI270806v1_alt	158166	6123	2
chr7_GL383534v2_alt	119183	7953	0
chr7_KI270803v1_alt	1111570	72535	2
chr7_KI270808v1_alt	271455	6066	0
chr7_KI270807v1_alt	126434	2252	0
chr7_KI270805v1_alt	209988	4619	0
chr8_KI270818v1_alt	145606	2579	0
chr8_KI270812v1_alt	282736	5202	0
chr8_KI270811v1_alt	292436	4521	1
chr8_KI270821v1_alt	985506	28040	4
chr8_KI270813v1_alt	300230	29585	2
chr8_KI270822v1_alt	624492	15847	2
chr8_KI270814v1_alt	141812	4652	0
chr8_KI270810v1_alt	374415	6428	1
chr8_KI270819v1_alt	133535	4107	0
chr8_KI270820v1_alt	36640	896	0
chr8_KI270817v1_alt	158983	3920	1
chr8_KI270816v1_alt	305841	13803	0
chr8_KI270815v1_alt	132244	3623	0
chr9_GL383539v1_alt	162988	3538	0
chr9_GL383540v1_alt	71551	3785	0
chr9_GL383541v1_alt	171286	5490	0
chr9_GL383542v1_alt	60032	1839	0
chr9_KI270823v1_alt	439082	9971	0
chr10_GL383545v1_alt	179254	5483	0
chr10_KI270824v1_alt	181496	6542	0
chr10_GL383546v1_alt	309802	9490	1
chr10_KI270825v1_alt	188315	8330	0
chr11_KI270832v1_alt	210133	9824	1
chr11_KI270830v1_alt	177092	4167	0
chr11_KI270831v1_alt	296895	12093	0
chr11_KI270829v1_alt	204059	7827	0
chr11_GL383547v1_alt	154407	2488	1
chr11_JH159136v1_alt	200998	15933	0
chr11_JH159137v1_alt	191409	6331	0
chr11_KI270827v1_alt	67707	1439	0
chr11_KI270826v1_alt	186169	3572	1
chr12_GL877875v1_alt	167313	7563	0
chr12_GL877876v1_alt	408271	15623	0
chr12_KI270837v1_alt	40090	9921	0
chr12_GL383549v1_alt	120804	2148	0
chr12_KI270835v1_alt	238139	8482	0
chr12_GL383550v2_alt	169178	5114	0
chr12_GL383552v1_alt	138655	2950	0
chr12_GL383553v2_alt	152874	5681	0
chr12_KI270834v1_alt	119498	8680	0
chr12_GL383551v1_alt	184319	3323	0
chr12_KI270833v1_alt	76061	4953	0
chr12_KI270836v1_alt	56134	947	0
chr13_KI270840v1_alt	191684	7847	0
chr13_KI270839v1_alt	180306	4101	0
chr13_KI270843v1_alt	103832	1653	0
chr13_KI270841v1_alt	169134	2558	1
chr13_KI270838v1_alt	306913	7162	0
chr13_KI270842v1_alt	37287	679	0
chr14_KI270844v1_alt	322166	12301	1
chr14_KI270847v1_alt	1511111	62363	1
chr14_KI270845v1_alt	180703	3790	0
chr14_KI270846v1_alt	1351393	44009	9
chr15_KI270852v1_alt	478999	27308	0
chr15_KI270851v1_alt	263054	23630	2
chr15_KI270848v1_alt	327382	16400	2
chr15_GL383554v1_alt	296527	13671	0
chr15_KI270849v1_alt	244917	8226	0
chr15_GL383555v2_alt	388773	9470	0
chr15_KI270850v1_alt	430880	17381	1
chr16_KI270854v1_alt	134193	3948	2
chr16_KI270856v1_alt	63982	1225	0
chr16_KI270855v1_alt	232857	9844	0
chr16_KI270853v1_alt	2659700	149005	7
chr16_GL383556v1_alt	192462	8249	2
chr16_GL383557v1_alt	89672	3904	0
chr17_GL383563v3_alt	375691	6973	0
chr17_KI270862v1_alt	391357	10271	1
chr17_KI270861v1_alt	196688	19103	2
chr17_KI270857v1_alt	2877074	166033	12
chr17_JH159146v1_alt	278131	16876	0
chr17_JH159147v1_alt	70345	3155	0
chr17_GL383564v2_alt	133151	10514	0
chr17_GL000258v2_alt	1821992	54138	3
chr17_GL383565v1_alt	223995	3801	1
chr17_KI270858v1_alt	235827	3951	0
chr17_KI270859v1_alt	108763	2219	0
chr17_GL383566v1_alt	90219	1496	1
chr17_KI270860v1_alt	178921	4702	0
chr18_KI270864v1_alt	111737	1514	0
chr18_GL383567v1_alt	289831	6901	0
chr18_GL383570v1_alt	164789	3001	0
chr18_GL383571v1_alt	198278	5209	1
chr18_GL383568v1_alt	104552	1556	0
chr18_GL383569v1_alt	167950	2194	0
chr18_GL383572v1_alt	159547	2245	0
chr18_KI270863v1_alt	167999	4682	0
chr19_KI270868v1_alt	61734	1933	0
chr19_KI270865v1_alt	52969	1373	0
chr19_GL383573v1_alt	385657	10871	4
chr19_GL383575v2_alt	170222	7402	2
chr19_GL383576v1_alt	188024	6853	0
chr19_GL383574v1_alt	155864	4575	0
chr19_KI270866v1_alt	43156	3069	2
chr19_KI270867v1_alt	233762	7984	1
chr19_GL949746v1_alt	987716	21737	1
chr20_GL383577v2_alt	128386	2613	0
chr20_KI270869v1_alt	118774	5650	1
chr20_KI270871v1_alt	58661	2408	0
chr20_KI270870v1_alt	183433	9109	0
chr21_GL383578v2_alt	63917	1372	0
chr21_KI270874v1_alt	166743	2870	1
chr21_KI270873v1_alt	143900	2926	1
chr21_GL383579v2_alt	201197	3318	0
chr21_GL383580v2_alt	74653	1929	0
chr21_GL383581v2_alt	116689	7345	0
chr21_KI270872v1_alt	82692	2781	0
chr22_KI270875v1_alt	259914	14780	3
chr22_KI270878v1_alt	186262	4616	0
chr22_KI270879v1_alt	304135	11706	1
chr22_KI270876v1_alt	263666	10394	2
chr22_KI270877v1_alt	101331	3509	2
chr22_GL383583v2_alt	96924	3149	0
chr22_GL383582v2_alt	162811	6607	0
chrX_KI270880v1_alt	284869	4266	2
chrX_KI270881v1_alt	144206	3698	0
chr19_KI270882v1_alt	248807	1614	1
chr19_KI270883v1_alt	170399	2263	0
chr19_KI270884v1_alt	157053	1838	0
chr19_KI270885v1_alt	171027	2661	0
chr19_KI270886v1_alt	204239	2050	0
chr19_KI270887v1_alt	209512	1996	0
chr19_KI270888v1_alt	155532	2031	0
chr19_KI270889v1_alt	170698	2505	0
chr19_KI270890v1_alt	184499	1037	0
chr19_KI270891v1_alt	170680	2749	0
chr1_KI270892v1_alt	162212	9792	0
chr2_KI270894v1_alt	214158	12857	0
chr2_KI270893v1_alt	161218	2360	0
chr3_KI270895v1_alt	162896	3685	0
chr4_KI270896v1_alt	378547	11895	14
chr5_KI270897v1_alt	1144418	46070	0
chr5_KI270898v1_alt	130957	4699	1
chr6_GL000251v2_alt	4795265	122744	9
chr7_KI270899v1_alt	190869	3645	0
chr8_KI270901v1_alt	136959	2615	0
chr8_KI270900v1_alt	318687	4905	0
chr11_KI270902v1_alt	106711	24859	3
chr11_KI270903v1_alt	214625	6321	1
chr12_KI270904v1_alt	572349	29849	3
chr15_KI270906v1_alt	196384	8155	0
chr15_KI270905v1_alt	5161414	175893	6
chr17_KI270907v1_alt	137721	2065	0
chr17_KI270910v1_alt	157099	3775	0
chr17_KI270909v1_alt	325800	24778	2
chr17_JH159148v1_alt	88070	3222	0
chr17_KI270908v1_alt	1423190	63450	5
chr18_KI270912v1_alt	174061	2158	0
chr18_KI270911v1_alt	157710	2299	0
chr19_GL949747v2_alt	729520	10376	1
chr22_KB663609v1_alt	74013	1846	0
chrX_KI270913v1_alt	274009	4224	2
chr19_KI270914v1_alt	205194	2065	0
chr19_KI270915v1_alt	170665	2728	0
chr19_KI270916v1_alt	184516	1334	0
chr19_KI270917v1_alt	190932	3223	0
chr19_KI270918v1_alt	123111	1750	0
chr19_KI270919v1_alt	170701	2468	0
chr19_KI270920v1_alt	198005	3397	0
chr19_KI270921v1_alt	282224	2072	0
chr19_KI270922v1_alt	187935	3251	1
chr19_KI270923v1_alt	189352	2418	0
chr3_KI270924v1_alt	166540	3795	0
chr4_KI270925v1_alt	555799	9164	0
chr6_GL000252v2_alt	4604811	97526	10
chr8_KI270926v1_alt	229282	4409	0
chr11_KI270927v1_alt	218612	16105	2
chr19_GL949748v2_alt	1064304	6059	0
chr22_KI270928v1_alt	176103	6858	0
chr19_KI270929v1_alt	186203	3740	0
chr19_KI270930v1_alt	200773	4709	0
chr19_KI270931v1_alt	170148	2940	0
chr19_KI270932v1_alt	215732	1729	0
chr19_KI270933v1_alt	170537	2571	0
chr19_GL000209v2_alt	177381	1245	0
chr3_KI270934v1_alt	163458	3668	0
chr6_GL000253v2_alt	4677643	78918	4
chr19_GL949749v2_alt	1091841	5955	0
chr3_KI270935v1_alt	197351	6140	0
chr6_GL000254v2_alt	4827813	92210	5
chr19_GL949750v2_alt	1066390	5830	0
chr3_KI270936v1_alt	164170	3959	0
chr6_GL000255v2_alt	4606388	105817	5
chr19_GL949751v2_alt	1002683	6340	1
chr3_KI270937v1_alt	165607	3882	0
chr6_GL000256v2_alt	4929269	91297	8
chr19_GL949752v1_alt	987100	23469	2
chr6_KI270758v1_alt	76752	708	0
chr19_GL949753v2_alt	796479	13314	0
chr19_KI270938v1_alt	1066800	26300	1
chrM	16569	308745	15
chrUn_KI270302v1	2274	49	0
chrUn_KI270304v1	2165	132	0
chrUn_KI270303v1	1942	112	0
chrUn_KI270305v1	1472	36	0
chrUn_KI270322v1	21476	326	0
chrUn_KI270320v1	4416	143	0
chrUn_KI270310v1	1201	459	0
chrUn_KI270316v1	1444	58	0
chrUn_KI270315v1	2276	74	0
chrUn_KI270312v1	998	29	0
chrUn_KI270311v1	12399	181	0
chrUn_KI270317v1	37690	64	0
chrUn_KI270412v1	1179	42	0
chrUn_KI270411v1	2646	134	0
chrUn_KI270414v1	2489	82	0
chrUn_KI270419v1	1029	12	0
chrUn_KI270418v1	2145	41	0
chrUn_KI270420v1	2321	185	0
chrUn_KI270424v1	2140	39	0
chrUn_KI270417v1	2043	77	0
chrUn_KI270422v1	1445	161	0
chrUn_KI270423v1	981	68	0
chrUn_KI270425v1	1884	50	0
chrUn_KI270429v1	1361	165	0
chrUn_KI270442v1	392061	56127	88
chrUn_KI270466v1	1233	9656	6
chrUn_KI270465v1	1774	408	0
chrUn_KI270467v1	3920	33167	11
chrUn_KI270435v1	92983	6722	2
chrUn_KI270438v1	112505	156548	33
chrUn_KI270468v1	4055	206	0
chrUn_KI270510v1	2415	285	0
chrUn_KI270509v1	2318	294	0
chrUn_KI270518v1	2186	331	0
chrUn_KI270508v1	1951	314	0
chrUn_KI270516v1	1300	188	1
chrUn_KI270512v1	22689	1190	0
chrUn_KI270519v1	138126	8620	1
chrUn_KI270522v1	5674	178	0
chrUn_KI270511v1	8127	426	0
chrUn_KI270515v1	6361	944	0
chrUn_KI270507v1	5353	625	0
chrUn_KI270517v1	3253	501	0
chrUn_KI270529v1	1899	184	0
chrUn_KI270528v1	2983	65	0
chrUn_KI270530v1	2168	74	0
chrUn_KI270539v1	993	2	0
chrUn_KI270538v1	91309	6488	0
chrUn_KI270544v1	1202	98	0
chrUn_KI270548v1	1599	4	0
chrUn_KI270583v1	1400	118	0
chrUn_KI270587v1	2969	375	0
chrUn_KI270580v1	1553	179	0
chrUn_KI270581v1	7046	247	0
chrUn_KI270579v1	31033	705	0
chrUn_KI270589v1	44474	3570	5
chrUn_KI270590v1	4685	731	0
chrUn_KI270584v1	4513	518	0
chrUn_KI270582v1	6504	275	0
chrUn_KI270588v1	6158	618	0
chrUn_KI270593v1	3041	262	0
chrUn_KI270591v1	5796	1091	1
chrUn_KI270330v1	1652	1874	0
chrUn_KI270329v1	1040	57	0
chrUn_KI270334v1	1368	182	0
chrUn_KI270333v1	2699	3437	0
chrUn_KI270335v1	1048	97	0
chrUn_KI270338v1	1428	103	0
chrUn_KI270340v1	1428	283	0
chrUn_KI270336v1	1026	889	1
chrUn_KI270337v1	1121	2655	0
chrUn_KI270363v1	1803	58	0
chrUn_KI270364v1	2855	62	0
chrUn_KI270362v1	3530	126	0
chrUn_KI270366v1	8320	244	0
chrUn_KI270378v1	1048	2	0
chrUn_KI270379v1	1045	26	0
chrUn_KI270389v1	1298	54	0
chrUn_KI270390v1	2387	72	0
chrUn_KI270387v1	1537	109	0
chrUn_KI270395v1	1143	171	0
chrUn_KI270396v1	1880	104	0
chrUn_KI270388v1	1216	18	0
chrUn_KI270394v1	970	44	0
chrUn_KI270386v1	1788	70	0
chrUn_KI270391v1	1484	35	0
chrUn_KI270383v1	1750	28	0
chrUn_KI270393v1	1308	163	0
chrUn_KI270384v1	1658	89	0
chrUn_KI270392v1	971	16	0
chrUn_KI270381v1	1930	52	0
chrUn_KI270385v1	990	20	0
chrUn_KI270382v1	4215	82	0
chrUn_KI270376v1	1136	16	0
chrUn_KI270374v1	2656	48	0
chrUn_KI270372v1	1650	23	0
chrUn_KI270373v1	1451	7	0
chrUn_KI270375v1	2378	56	0
chrUn_KI270371v1	2805	29	1
chrUn_KI270448v1	7992	492	0
chrUn_KI270521v1	7642	266	0
chrUn_GL000195v1	182896	10394	3
chrUn_GL000219v1	179198	14357	6
chrUn_GL000220v1	161802	82936	6
chrUn_GL000224v1	179693	29657	1
chrUn_KI270741v1	157432	3976	0
chrUn_GL000226v1	15008	2450	0
chrUn_GL000213v1	164239	7074	0
chrUn_KI270743v1	210658	6909	2
chrUn_KI270744v1	168472	31206	0
chrUn_KI270745v1	41891	1745	0
chrUn_KI270746v1	66486	13215	1
chrUn_KI270747v1	198735	6431	0
chrUn_KI270748v1	93321	3352	0
chrUn_KI270749v1	158759	7878	0
chrUn_KI270750v1	148850	9965	4
chrUn_KI270751v1	150742	19482	0
chrUn_KI270752v1	27745	1	0
chrUn_KI270753v1	62944	3229	0
chrUn_KI270754v1	40191	4086	4
chrUn_KI270755v1	36723	503	0
chrUn_KI270756v1	79590	5417	17
chrUn_KI270757v1	71251	7387	4
chrUn_GL000214v1	137718	32310	0
chrUn_KI270742v1	186739	23702	2
chrUn_GL000216v2	176608	73258	111
chrUn_GL000218v1	161147	7637	0
chrX	156040895	8944419	397
chrY	57227415	248310	629
chrY_KI270740v1_random	37240	0	0
*	0	0	337012
