chr1	248956422	6555195	46
chr10	133797422	2596870	36
chr11	135086622	2961696	23
chr11_KI270721v1_random	100316	614	0
chr12	133275309	2819967	17
chr13	114364328	1183817	9
chr14	107043718	1794090	17
chr14_GL000009v2_random	201709	1440	0
chr14_GL000225v1_random	211173	3581	2
chr14_KI270722v1_random	194050	787	0
chr14_GL000194v1_random	191469	1916	0
chr14_KI270723v1_random	38115	457	0
chr14_KI270724v1_random	39555	460	0
chr14_KI270725v1_random	172810	1625	0
chr14_KI270726v1_random	43739	140	1
chr15	101991189	1986885	11
chr15_KI270727v1_random	448248	12573	0
chr16	90338345	2165771	15
chr16_KI270728v1_random	1872759	34156	0
chr17	83257441	2924513	17
chr17_GL000205v2_random	185591	2365	0
chr17_KI270729v1_random	280839	3268	1
chr17_KI270730v1_random	112551	538	1
chr18	80373285	947889	9
chr19	58617616	2311275	110
chr1_KI270706v1_random	175055	1208	0
chr1_KI270707v1_random	32032	59	0
chr1_KI270708v1_random	127682	650	0
chr1_KI270709v1_random	66860	1844	0
chr1_KI270710v1_random	40176	53	0
chr1_KI270711v1_random	42210	10685	0
chr1_KI270712v1_random	176043	1833	0
chr1_KI270713v1_random	40745	3865	0
chr1_KI270714v1_random	41717	2112	0
chr2	242193529	5301866	24
chr20	64444167	1227739	6
chr21	46709983	626755	12
chr22	50818468	1142218	8
chr22_KI270731v1_random	150754	4517	0
chr22_KI270732v1_random	41543	107	0
chr22_KI270733v1_random	179772	2944	0
chr22_KI270734v1_random	165050	7090	0
chr22_KI270735v1_random	42811	343	0
chr22_KI270736v1_random	181920	1145	9
chr22_KI270737v1_random	103838	319	1
chr22_KI270738v1_random	99375	248	0
chr22_KI270739v1_random	73985	27	0
chr2_KI270715v1_random	161471	58	0
chr2_KI270716v1_random	153799	104	0
chr3	198295559	3533519	34
chr3_GL000221v1_random	155397	943	0
chr4	190214555	2607133	21
chr4_GL000008v2_random	209709	1297	1
chr5	181538259	2943036	35
chr5_GL000208v1_random	92689	105	0
chr6	170805979	2562307	7
chr7	159345973	2978718	27
chr8	145138636	1827833	18
chr9	138394717	2425119	15
chr9_KI270717v1_random	40062	430	0
chr9_KI270718v1_random	38054	2073	0
chr9_KI270719v1_random	176845	1668	0
chr9_KI270720v1_random	39050	2564	0
chr1_KI270762v1_alt	354444	6404	0
chr1_KI270766v1_alt	256271	26925	0
chr1_KI270760v1_alt	109528	270	0
chr1_KI270765v1_alt	185285	2305	0
chr1_GL383518v1_alt	182439	6903	0
chr1_GL383519v1_alt	110268	12084	0
chr1_GL383520v2_alt	366580	2817	0
chr1_KI270764v1_alt	50258	62	0
chr1_KI270763v1_alt	911658	15493	0
chr1_KI270759v1_alt	425601	3074	0
chr1_KI270761v1_alt	165834	10802	0
chr2_KI270770v1_alt	136240	215	0
chr2_KI270773v1_alt	70887	709	0
chr2_KI270774v1_alt	223625	1744	0
chr2_KI270769v1_alt	120616	2513	0
chr2_GL383521v1_alt	143390	228	0
chr2_KI270772v1_alt	133041	849	0
chr2_KI270775v1_alt	138019	108	0
chr2_KI270771v1_alt	110395	133	0
chr2_KI270768v1_alt	110099	1522	0
chr2_GL582966v2_alt	96131	2980	0
chr2_GL383522v1_alt	123821	4669	0
chr2_KI270776v1_alt	174166	2057	1
chr2_KI270767v1_alt	161578	558	0
chr3_JH636055v2_alt	173151	2945	0
chr3_KI270783v1_alt	109187	96	0
chr3_KI270780v1_alt	224108	702	0
chr3_GL383526v1_alt	180671	1089	0
chr3_KI270777v1_alt	173649	2563	0
chr3_KI270778v1_alt	248252	195	0
chr3_KI270781v1_alt	113034	219	0
chr3_KI270779v1_alt	205312	11808	0
chr3_KI270782v1_alt	162429	1029	0
chr3_KI270784v1_alt	184404	3817	0
chr4_KI270790v1_alt	220246	237	0
chr4_GL383528v1_alt	376187	240	0
chr4_KI270787v1_alt	111943	126	0
chr4_GL000257v2_alt	586476	15367	0
chr4_KI270788v1_alt	158965	205	0
chr4_GL383527v1_alt	164536	2933	0
chr4_KI270785v1_alt	119912	156	0
chr4_KI270789v1_alt	205944	532	0
chr4_KI270786v1_alt	244096	143	1
chr5_KI270793v1_alt	126136	572	0
chr5_KI270792v1_alt	179043	2675	0
chr5_KI270791v1_alt	195710	4014	0
chr5_GL383532v1_alt	82728	59	0
chr5_GL949742v1_alt	226852	186	0
chr5_KI270794v1_alt	164558	1329	0
chr5_GL339449v2_alt	1612928	57152	0
chr5_GL383530v1_alt	101241	124	0
chr5_KI270796v1_alt	172708	131	0
chr5_GL383531v1_alt	173459	139	0
chr5_KI270795v1_alt	131892	3800	0
chr6_GL000250v2_alt	4672374	18762	1
chr6_KI270800v1_alt	175808	1275	0
chr6_KI270799v1_alt	152148	84	0
chr6_GL383533v1_alt	124736	106	0
chr6_KI270801v1_alt	870480	6310	0
chr6_KI270802v1_alt	75005	178	0
chr6_KB021644v2_alt	185823	308	0
chr6_KI270797v1_alt	197536	2748	0
chr6_KI270798v1_alt	271782	2532	0
chr7_KI270804v1_alt	157952	363	0
chr7_KI270809v1_alt	209586	5856	0
chr7_KI270806v1_alt	158166	4166	0
chr7_GL383534v2_alt	119183	2745	0
chr7_KI270803v1_alt	1111570	18715	0
chr7_KI270808v1_alt	271455	1086	0
chr7_KI270807v1_alt	126434	288	0
chr7_KI270805v1_alt	209988	485	0
chr8_KI270818v1_alt	145606	308	0
chr8_KI270812v1_alt	282736	505	0
chr8_KI270811v1_alt	292436	588	0
chr8_KI270821v1_alt	985506	9141	0
chr8_KI270813v1_alt	300230	17255	1
chr8_KI270822v1_alt	624492	7948	0
chr8_KI270814v1_alt	141812	416	0
chr8_KI270810v1_alt	374415	431	0
chr8_KI270819v1_alt	133535	1565	0
chr8_KI270820v1_alt	36640	217	0
chr8_KI270817v1_alt	158983	988	0
chr8_KI270816v1_alt	305841	9338	0
chr8_KI270815v1_alt	132244	1280	0
chr9_GL383539v1_alt	162988	1005	0
chr9_GL383540v1_alt	71551	1160	0
chr9_GL383541v1_alt	171286	1182	0
chr9_GL383542v1_alt	60032	479	0
chr9_KI270823v1_alt	439082	1783	0
chr10_GL383545v1_alt	179254	1535	0
chr10_KI270824v1_alt	181496	939	0
chr10_GL383546v1_alt	309802	3370	0
chr10_KI270825v1_alt	188315	3719	0
chr11_KI270832v1_alt	210133	6401	0
chr11_KI270830v1_alt	177092	1495	0
chr11_KI270831v1_alt	296895	5508	0
chr11_KI270829v1_alt	204059	2793	0
chr11_GL383547v1_alt	154407	99	0
chr11_JH159136v1_alt	200998	6754	0
chr11_JH159137v1_alt	191409	1853	0
chr11_KI270827v1_alt	67707	165	0
chr11_KI270826v1_alt	186169	340	0
chr12_GL877875v1_alt	167313	3304	0
chr12_GL877876v1_alt	408271	8440	0
chr12_KI270837v1_alt	40090	1370	0
chr12_GL383549v1_alt	120804	120	0
chr12_KI270835v1_alt	238139	1084	0
chr12_GL383550v2_alt	169178	1008	0
chr12_GL383552v1_alt	138655	780	0
chr12_GL383553v2_alt	152874	1861	0
chr12_KI270834v1_alt	119498	6281	0
chr12_GL383551v1_alt	184319	270	0
chr12_KI270833v1_alt	76061	2245	0
chr12_KI270836v1_alt	56134	106	0
chr13_KI270840v1_alt	191684	908	0
chr13_KI270839v1_alt	180306	737	0
chr13_KI270843v1_alt	103832	82	0
chr13_KI270841v1_alt	169134	144	0
chr13_KI270838v1_alt	306913	2051	0
chr13_KI270842v1_alt	37287	50	0
chr14_KI270844v1_alt	322166	4685	0
chr14_KI270847v1_alt	1511111	24156	0
chr14_KI270845v1_alt	180703	784	0
chr14_KI270846v1_alt	1351393	35837	3
chr15_KI270852v1_alt	478999	13251	0
chr15_KI270851v1_alt	263054	9910	0
chr15_KI270848v1_alt	327382	5733	0
chr15_GL383554v1_alt	296527	3608	0
chr15_KI270849v1_alt	244917	3866	0
chr15_GL383555v2_alt	388773	2493	0
chr15_KI270850v1_alt	430880	4597	0
chr16_KI270854v1_alt	134193	2061	0
chr16_KI270856v1_alt	63982	185	0
chr16_KI270855v1_alt	232857	5321	0
chr16_KI270853v1_alt	2659700	130932	0
chr16_GL383556v1_alt	192462	6433	0
chr16_GL383557v1_alt	89672	1537	0
chr17_GL383563v3_alt	375691	1637	0
chr17_KI270862v1_alt	391357	3915	0
chr17_KI270861v1_alt	196688	9653	0
chr17_KI270857v1_alt	2877074	56094	1
chr17_JH159146v1_alt	278131	10538	0
chr17_JH159147v1_alt	70345	5721	0
chr17_GL383564v2_alt	133151	4811	0
chr17_GL000258v2_alt	1821992	20229	0
chr17_GL383565v1_alt	223995	192	0
chr17_KI270858v1_alt	235827	262	0
chr17_KI270859v1_alt	108763	207	0
chr17_GL383566v1_alt	90219	199	0
chr17_KI270860v1_alt	178921	2329	0
chr18_KI270864v1_alt	111737	103	0
chr18_GL383567v1_alt	289831	1250	1
chr18_GL383570v1_alt	164789	157	0
chr18_GL383571v1_alt	198278	1792	0
chr18_GL383568v1_alt	104552	81	0
chr18_GL383569v1_alt	167950	252	0
chr18_GL383572v1_alt	159547	417	0
chr18_KI270863v1_alt	167999	1111	0
chr19_KI270868v1_alt	61734	871	0
chr19_KI270865v1_alt	52969	1102	0
chr19_GL383573v1_alt	385657	1823	0
chr19_GL383575v2_alt	170222	1235	0
chr19_GL383576v1_alt	188024	1280	0
chr19_GL383574v1_alt	155864	1612	0
chr19_KI270866v1_alt	43156	1115	0
chr19_KI270867v1_alt	233762	2538	0
chr19_GL949746v1_alt	987716	10689	0
chr20_GL383577v2_alt	128386	250	0
chr20_KI270869v1_alt	118774	2236	0
chr20_KI270871v1_alt	58661	887	0
chr20_KI270870v1_alt	183433	3604	0
chr21_GL383578v2_alt	63917	80	0
chr21_KI270874v1_alt	166743	144	0
chr21_KI270873v1_alt	143900	377	0
chr21_GL383579v2_alt	201197	180	0
chr21_GL383580v2_alt	74653	1153	0
chr21_GL383581v2_alt	116689	3645	0
chr21_KI270872v1_alt	82692	1508	0
chr22_KI270875v1_alt	259914	4884	0
chr22_KI270878v1_alt	186262	1418	0
chr22_KI270879v1_alt	304135	15565	0
chr22_KI270876v1_alt	263666	2458	0
chr22_KI270877v1_alt	101331	1409	0
chr22_GL383583v2_alt	96924	1127	0
chr22_GL383582v2_alt	162811	3955	0
chrX_KI270880v1_alt	284869	615	0
chrX_KI270881v1_alt	144206	1591	0
chr19_KI270882v1_alt	248807	1023	0
chr19_KI270883v1_alt	170399	446	0
chr19_KI270884v1_alt	157053	350	0
chr19_KI270885v1_alt	171027	410	0
chr19_KI270886v1_alt	204239	378	0
chr19_KI270887v1_alt	209512	935	0
chr19_KI270888v1_alt	155532	402	0
chr19_KI270889v1_alt	170698	350	0
chr19_KI270890v1_alt	184499	1059	0
chr19_KI270891v1_alt	170680	396	0
chr1_KI270892v1_alt	162212	10829	0
chr2_KI270894v1_alt	214158	3237	0
chr2_KI270893v1_alt	161218	571	0
chr3_KI270895v1_alt	162896	4036	0
chr4_KI270896v1_alt	378547	4738	0
chr5_KI270897v1_alt	1144418	34090	1
chr5_KI270898v1_alt	130957	3912	0
chr6_GL000251v2_alt	4795265	52470	0
chr7_KI270899v1_alt	190869	3128	0
chr8_KI270901v1_alt	136959	330	0
chr8_KI270900v1_alt	318687	856	0
chr11_KI270902v1_alt	106711	10311	0
chr11_KI270903v1_alt	214625	1826	0
chr12_KI270904v1_alt	572349	9025	0
chr15_KI270906v1_alt	196384	1774	0
chr15_KI270905v1_alt	5161414	74640	0
chr17_KI270907v1_alt	137721	384	0
chr17_KI270910v1_alt	157099	2022	0
chr17_KI270909v1_alt	325800	4401	0
chr17_JH159148v1_alt	88070	2050	0
chr17_KI270908v1_alt	1423190	32693	0
chr18_KI270912v1_alt	174061	189	0
chr18_KI270911v1_alt	157710	431	0
chr19_GL949747v2_alt	729520	5227	0
chr22_KB663609v1_alt	74013	3123	0
chrX_KI270913v1_alt	274009	1940	0
chr19_KI270914v1_alt	205194	486	0
chr19_KI270915v1_alt	170665	345	0
chr19_KI270916v1_alt	184516	856	0
chr19_KI270917v1_alt	190932	436	0
chr19_KI270918v1_alt	123111	258	0
chr19_KI270919v1_alt	170701	338	0
chr19_KI270920v1_alt	198005	441	0
chr19_KI270921v1_alt	282224	1134	0
chr19_KI270922v1_alt	187935	401	0
chr19_KI270923v1_alt	189352	500	0
chr3_KI270924v1_alt	166540	5422	0
chr4_KI270925v1_alt	555799	1012	0
chr6_GL000252v2_alt	4604811	49728	0
chr8_KI270926v1_alt	229282	1407	0
chr11_KI270927v1_alt	218612	10368	0
chr19_GL949748v2_alt	1064304	2695	0
chr22_KI270928v1_alt	176103	4668	0
chr19_KI270929v1_alt	186203	401	0
chr19_KI270930v1_alt	200773	440	0
chr19_KI270931v1_alt	170148	338	0
chr19_KI270932v1_alt	215732	573	0
chr19_KI270933v1_alt	170537	291	0
chr19_GL000209v2_alt	177381	1103	0
chr3_KI270934v1_alt	163458	4132	0
chr6_GL000253v2_alt	4677643	36546	0
chr19_GL949749v2_alt	1091841	2789	0
chr3_KI270935v1_alt	197351	6300	0
chr6_GL000254v2_alt	4827813	43273	0
chr19_GL949750v2_alt	1066390	2616	0
chr3_KI270936v1_alt	164170	3742	0
chr6_GL000255v2_alt	4606388	46542	1
chr19_GL949751v2_alt	1002683	2907	0
chr3_KI270937v1_alt	165607	4436	2
chr6_GL000256v2_alt	4929269	45933	0
chr19_GL949752v1_alt	987100	11502	0
chr6_KI270758v1_alt	76752	495	0
chr19_GL949753v2_alt	796479	7580	0
chr19_KI270938v1_alt	1066800	13025	0
chrM	16569	13293	0
chrUn_KI270302v1	2274	2	0
chrUn_KI270304v1	2165	2	0
chrUn_KI270303v1	1942	2	0
chrUn_KI270305v1	1472	0	0
chrUn_KI270322v1	21476	2	0
chrUn_KI270320v1	4416	4	0
chrUn_KI270310v1	1201	6	0
chrUn_KI270316v1	1444	0	0
chrUn_KI270315v1	2276	0	0
chrUn_KI270312v1	998	2	0
chrUn_KI270311v1	12399	0	0
chrUn_KI270317v1	37690	0	0
chrUn_KI270412v1	1179	0	0
chrUn_KI270411v1	2646	6	0
chrUn_KI270414v1	2489	0	0
chrUn_KI270419v1	1029	4	0
chrUn_KI270418v1	2145	0	0
chrUn_KI270420v1	2321	0	0
chrUn_KI270424v1	2140	0	0
chrUn_KI270417v1	2043	0	0
chrUn_KI270422v1	1445	2	0
chrUn_KI270423v1	981	0	0
chrUn_KI270425v1	1884	2	0
chrUn_KI270429v1	1361	0	0
chrUn_KI270442v1	392061	4755	2
chrUn_KI270466v1	1233	65	0
chrUn_KI270465v1	1774	4	0
chrUn_KI270467v1	3920	307	0
chrUn_KI270435v1	92983	196	0
chrUn_KI270438v1	112505	6654	3
chrUn_KI270468v1	4055	10	0
chrUn_KI270510v1	2415	12	0
chrUn_KI270509v1	2318	8	0
chrUn_KI270518v1	2186	4	0
chrUn_KI270508v1	1951	8	0
chrUn_KI270516v1	1300	0	0
chrUn_KI270512v1	22689	53	0
chrUn_KI270519v1	138126	290	1
chrUn_KI270522v1	5674	4	0
chrUn_KI270511v1	8127	9	0
chrUn_KI270515v1	6361	18	0
chrUn_KI270507v1	5353	13	0
chrUn_KI270517v1	3253	4	0
chrUn_KI270529v1	1899	2	0
chrUn_KI270528v1	2983	2	0
chrUn_KI270530v1	2168	2	0
chrUn_KI270539v1	993	0	0
chrUn_KI270538v1	91309	140	0
chrUn_KI270544v1	1202	2	0
chrUn_KI270548v1	1599	0	0
chrUn_KI270583v1	1400	6	0
chrUn_KI270587v1	2969	12	0
chrUn_KI270580v1	1553	6	0
chrUn_KI270581v1	7046	6	0
chrUn_KI270579v1	31033	20	0
chrUn_KI270589v1	44474	128	0
chrUn_KI270590v1	4685	14	0
chrUn_KI270584v1	4513	4	0
chrUn_KI270582v1	6504	4	0
chrUn_KI270588v1	6158	8	0
chrUn_KI270593v1	3041	6	0
chrUn_KI270591v1	5796	48	0
chrUn_KI270330v1	1652	40	0
chrUn_KI270329v1	1040	0	0
chrUn_KI270334v1	1368	0	0
chrUn_KI270333v1	2699	58	0
chrUn_KI270335v1	1048	2	0
chrUn_KI270338v1	1428	0	0
chrUn_KI270340v1	1428	0	0
chrUn_KI270336v1	1026	31	0
chrUn_KI270337v1	1121	88	0
chrUn_KI270363v1	1803	2	0
chrUn_KI270364v1	2855	2	0
chrUn_KI270362v1	3530	0	0
chrUn_KI270366v1	8320	4	0
chrUn_KI270378v1	1048	0	0
chrUn_KI270379v1	1045	0	0
chrUn_KI270389v1	1298	0	0
chrUn_KI270390v1	2387	0	0
chrUn_KI270387v1	1537	0	0
chrUn_KI270395v1	1143	2	0
chrUn_KI270396v1	1880	2	0
chrUn_KI270388v1	1216	0	0
chrUn_KI270394v1	970	0	0
chrUn_KI270386v1	1788	2	0
chrUn_KI270391v1	1484	0	0
chrUn_KI270383v1	1750	0	0
chrUn_KI270393v1	1308	0	0
chrUn_KI270384v1	1658	6	0
chrUn_KI270392v1	971	0	0
chrUn_KI270381v1	1930	0	0
chrUn_KI270385v1	990	0	0
chrUn_KI270382v1	4215	0	0
chrUn_KI270376v1	1136	0	0
chrUn_KI270374v1	2656	0	0
chrUn_KI270372v1	1650	0	0
chrUn_KI270373v1	1451	0	0
chrUn_KI270375v1	2378	4	0
chrUn_KI270371v1	2805	0	0
chrUn_KI270448v1	7992	11	0
chrUn_KI270521v1	7642	12	0
chrUn_GL000195v1	182896	669	0
chrUn_GL000219v1	179198	4670	1
chrUn_GL000220v1	161802	2834	1
chrUn_GL000224v1	179693	2655	0
chrUn_KI270741v1	157432	330	0
chrUn_GL000226v1	15008	98	0
chrUn_GL000213v1	164239	11238	0
chrUn_KI270743v1	210658	787	0
chrUn_KI270744v1	168472	5689	0
chrUn_KI270745v1	41891	80	0
chrUn_KI270746v1	66486	14311	0
chrUn_KI270747v1	198735	340	0
chrUn_KI270748v1	93321	73	0
chrUn_KI270749v1	158759	1460	0
chrUn_KI270750v1	148850	3075	0
chrUn_KI270751v1	150742	850	1
chrUn_KI270752v1	27745	0	0
chrUn_KI270753v1	62944	196	0
chrUn_KI270754v1	40191	777	0
chrUn_KI270755v1	36723	42	0
chrUn_KI270756v1	79590	237	0
chrUn_KI270757v1	71251	181	1
chrUn_GL000214v1	137718	1062	0
chrUn_KI270742v1	186739	1705	0
chrUn_GL000216v2	176608	2546	3
chrUn_GL000218v1	161147	2056	0
chrX	156040895	3784869	25
chrY	57227415	62870	19
chrY_KI270740v1_random	37240	0	0
*	0	0	79170
