chr1	248956422	10288155	1615
chr10	133797422	4840407	802
chr11	135086622	5373393	894
chr11_KI270721v1_random	100316	1102	0
chr12	133275309	5433993	903
chr13	114364328	2336081	417
chr14	107043718	3034405	529
chr14_GL000009v2_random	201709	9281	1
chr14_GL000225v1_random	211173	9198	19
chr14_KI270722v1_random	194050	1536	1
chr14_GL000194v1_random	191469	4659	0
chr14_KI270723v1_random	38115	1174	3
chr14_KI270724v1_random	39555	1420	2
chr14_KI270725v1_random	172810	1235	0
chr14_KI270726v1_random	43739	27	0
chr15	101991189	3178240	498
chr15_KI270727v1_random	448248	15050	2
chr16	90338345	3203376	512
chr16_KI270728v1_random	1872759	32562	8
chr17	83257441	4692279	758
chr17_GL000205v2_random	185591	12889	1
chr17_KI270729v1_random	280839	5853	10
chr17_KI270730v1_random	112551	1133	3
chr18	80373285	1765494	295
chr19	58617616	3932229	708
chr1_KI270706v1_random	175055	8105	0
chr1_KI270707v1_random	32032	155	0
chr1_KI270708v1_random	127682	1152	0
chr1_KI270709v1_random	66860	3179	0
chr1_KI270710v1_random	40176	292	0
chr1_KI270711v1_random	42210	23220	1
chr1_KI270712v1_random	176043	2395	0
chr1_KI270713v1_random	40745	3951	0
chr1_KI270714v1_random	41717	2023	0
chr2	242193529	7012193	1137
chr20	64444167	2507544	421
chr21	46709983	1126683	214
chr22	50818468	1757104	332
chr22_KI270731v1_random	150754	4603	6
chr22_KI270732v1_random	41543	436	0
chr22_KI270733v1_random	179772	11954	3
chr22_KI270734v1_random	165050	6880	8
chr22_KI270735v1_random	42811	764	2
chr22_KI270736v1_random	181920	2128	13
chr22_KI270737v1_random	103838	572	1
chr22_KI270738v1_random	99375	384	0
chr22_KI270739v1_random	73985	85	0
chr2_KI270715v1_random	161471	277	0
chr2_KI270716v1_random	153799	330	0
chr3	198295559	5766683	913
chr3_GL000221v1_random	155397	8773	0
chr4	190214555	4221106	623
chr4_GL000008v2_random	209709	7817	1
chr5	181538259	4638707	769
chr5_GL000208v1_random	92689	353	0
chr6	170805979	5079018	792
chr7	159345973	4998692	817
chr8	145138636	3537797	551
chr9	138394717	4416192	665
chr9_KI270717v1_random	40062	200	0
chr9_KI270718v1_random	38054	2296	0
chr9_KI270719v1_random	176845	2134	0
chr9_KI270720v1_random	39050	1698	0
chr1_KI270762v1_alt	354444	7502	1
chr1_KI270766v1_alt	256271	17417	4
chr1_KI270760v1_alt	109528	675	1
chr1_KI270765v1_alt	185285	1655	1
chr1_GL383518v1_alt	182439	13215	2
chr1_GL383519v1_alt	110268	13022	3
chr1_GL383520v2_alt	366580	5802	1
chr1_KI270764v1_alt	50258	198	0
chr1_KI270763v1_alt	911658	10560	1
chr1_KI270759v1_alt	425601	2077	0
chr1_KI270761v1_alt	165834	6759	1
chr2_KI270770v1_alt	136240	578	0
chr2_KI270773v1_alt	70887	334	0
chr2_KI270774v1_alt	223625	3443	0
chr2_KI270769v1_alt	120616	2873	0
chr2_GL383521v1_alt	143390	509	0
chr2_KI270772v1_alt	133041	998	0
chr2_KI270775v1_alt	138019	394	0
chr2_KI270771v1_alt	110395	380	0
chr2_KI270768v1_alt	110099	1472	0
chr2_GL582966v2_alt	96131	485	1
chr2_GL383522v1_alt	123821	3110	0
chr2_KI270776v1_alt	174166	1616	3
chr2_KI270767v1_alt	161578	934	1
chr3_JH636055v2_alt	173151	4496	1
chr3_KI270783v1_alt	109187	304	0
chr3_KI270780v1_alt	224108	1495	1
chr3_GL383526v1_alt	180671	2090	0
chr3_KI270777v1_alt	173649	1505	0
chr3_KI270778v1_alt	248252	437	0
chr3_KI270781v1_alt	113034	575	0
chr3_KI270779v1_alt	205312	3481	0
chr3_KI270782v1_alt	162429	2414	0
chr3_KI270784v1_alt	184404	2526	0
chr4_KI270790v1_alt	220246	573	1
chr4_GL383528v1_alt	376187	773	1
chr4_KI270787v1_alt	111943	324	0
chr4_GL000257v2_alt	586476	20206	0
chr4_KI270788v1_alt	158965	393	0
chr4_GL383527v1_alt	164536	6168	0
chr4_KI270785v1_alt	119912	400	0
chr4_KI270789v1_alt	205944	1466	0
chr4_KI270786v1_alt	244096	592	0
chr5_KI270793v1_alt	126136	1423	0
chr5_KI270792v1_alt	179043	4661	0
chr5_KI270791v1_alt	195710	9024	1
chr5_GL383532v1_alt	82728	142	0
chr5_GL949742v1_alt	226852	531	0
chr5_KI270794v1_alt	164558	2304	0
chr5_GL339449v2_alt	1612928	33509	2
chr5_GL383530v1_alt	101241	308	0
chr5_KI270796v1_alt	172708	412	1
chr5_GL383531v1_alt	173459	472	1
chr5_KI270795v1_alt	131892	2019	1
chr6_GL000250v2_alt	4672374	33508	7
chr6_KI270800v1_alt	175808	946	0
chr6_KI270799v1_alt	152148	341	0
chr6_GL383533v1_alt	124736	1438	1
chr6_KI270801v1_alt	870480	12689	1
chr6_KI270802v1_alt	75005	345	0
chr6_KB021644v2_alt	185823	905	0
chr6_KI270797v1_alt	197536	7728	0
chr6_KI270798v1_alt	271782	6361	2
chr7_KI270804v1_alt	157952	672	0
chr7_KI270809v1_alt	209586	8793	2
chr7_KI270806v1_alt	158166	5197	0
chr7_GL383534v2_alt	119183	3350	0
chr7_KI270803v1_alt	1111570	31070	7
chr7_KI270808v1_alt	271455	2546	0
chr7_KI270807v1_alt	126434	726	0
chr7_KI270805v1_alt	209988	1434	0
chr8_KI270818v1_alt	145606	935	0
chr8_KI270812v1_alt	282736	1772	0
chr8_KI270811v1_alt	292436	1388	1
chr8_KI270821v1_alt	985506	19562	4
chr8_KI270813v1_alt	300230	8666	2
chr8_KI270822v1_alt	624492	11455	3
chr8_KI270814v1_alt	141812	1110	1
chr8_KI270810v1_alt	374415	1042	0
chr8_KI270819v1_alt	133535	2110	1
chr8_KI270820v1_alt	36640	387	0
chr8_KI270817v1_alt	158983	2291	0
chr8_KI270816v1_alt	305841	9359	1
chr8_KI270815v1_alt	132244	964	1
chr9_GL383539v1_alt	162988	1551	0
chr9_GL383540v1_alt	71551	3550	2
chr9_GL383541v1_alt	171286	3056	1
chr9_GL383542v1_alt	60032	1507	0
chr9_KI270823v1_alt	439082	4990	0
chr10_GL383545v1_alt	179254	2331	0
chr10_KI270824v1_alt	181496	1400	0
chr10_GL383546v1_alt	309802	5740	1
chr10_KI270825v1_alt	188315	8107	0
chr11_KI270832v1_alt	210133	9650	0
chr11_KI270830v1_alt	177092	1745	1
chr11_KI270831v1_alt	296895	9700	4
chr11_KI270829v1_alt	204059	4958	0
chr11_GL383547v1_alt	154407	327	0
chr11_JH159136v1_alt	200998	9593	3
chr11_JH159137v1_alt	191409	3706	0
chr11_KI270827v1_alt	67707	432	0
chr11_KI270826v1_alt	186169	992	0
chr12_GL877875v1_alt	167313	3705	3
chr12_GL877876v1_alt	408271	6371	0
chr12_KI270837v1_alt	40090	2168	0
chr12_GL383549v1_alt	120804	368	0
chr12_KI270835v1_alt	238139	2582	0
chr12_GL383550v2_alt	169178	1549	0
chr12_GL383552v1_alt	138655	1334	1
chr12_GL383553v2_alt	152874	5582	3
chr12_KI270834v1_alt	119498	1816	0
chr12_GL383551v1_alt	184319	727	0
chr12_KI270833v1_alt	76061	5545	2
chr12_KI270836v1_alt	56134	219	0
chr13_KI270840v1_alt	191684	5139	1
chr13_KI270839v1_alt	180306	838	0
chr13_KI270843v1_alt	103832	209	0
chr13_KI270841v1_alt	169134	350	0
chr13_KI270838v1_alt	306913	4696	0
chr13_KI270842v1_alt	37287	247	0
chr14_KI270844v1_alt	322166	10161	1
chr14_KI270847v1_alt	1511111	51317	7
chr14_KI270845v1_alt	180703	1569	0
chr14_KI270846v1_alt	1351393	4520	3
chr15_KI270852v1_alt	478999	15254	2
chr15_KI270851v1_alt	263054	20023	2
chr15_KI270848v1_alt	327382	14631	4
chr15_GL383554v1_alt	296527	9265	0
chr15_KI270849v1_alt	244917	5708	2
chr15_GL383555v2_alt	388773	4810	0
chr15_KI270850v1_alt	430880	11071	2
chr16_KI270854v1_alt	134193	3365	1
chr16_KI270856v1_alt	63982	347	0
chr16_KI270855v1_alt	232857	9369	1
chr16_KI270853v1_alt	2659700	93766	15
chr16_GL383556v1_alt	192462	8213	1
chr16_GL383557v1_alt	89672	3686	0
chr17_GL383563v3_alt	375691	2350	0
chr17_KI270862v1_alt	391357	10622	1
chr17_KI270861v1_alt	196688	15740	1
chr17_KI270857v1_alt	2877074	120551	21
chr17_JH159146v1_alt	278131	14605	1
chr17_JH159147v1_alt	70345	2147	0
chr17_GL383564v2_alt	133151	12265	2
chr17_GL000258v2_alt	1821992	27661	8
chr17_GL383565v1_alt	223995	517	0
chr17_KI270858v1_alt	235827	943	0
chr17_KI270859v1_alt	108763	701	0
chr17_GL383566v1_alt	90219	434	0
chr17_KI270860v1_alt	178921	2791	0
chr18_KI270864v1_alt	111737	177	0
chr18_GL383567v1_alt	289831	2445	0
chr18_GL383570v1_alt	164789	479	0
chr18_GL383571v1_alt	198278	2310	0
chr18_GL383568v1_alt	104552	326	0
chr18_GL383569v1_alt	167950	568	0
chr18_GL383572v1_alt	159547	709	0
chr18_KI270863v1_alt	167999	2552	0
chr19_KI270868v1_alt	61734	1573	0
chr19_KI270865v1_alt	52969	297	0
chr19_GL383573v1_alt	385657	5124	0
chr19_GL383575v2_alt	170222	2511	1
chr19_GL383576v1_alt	188024	2367	1
chr19_GL383574v1_alt	155864	3997	1
chr19_KI270866v1_alt	43156	2749	1
chr19_KI270867v1_alt	233762	6163	0
chr19_GL949746v1_alt	987716	23369	7
chr20_GL383577v2_alt	128386	665	0
chr20_KI270869v1_alt	118774	4940	0
chr20_KI270871v1_alt	58661	2269	1
chr20_KI270870v1_alt	183433	7455	0
chr21_GL383578v2_alt	63917	201	0
chr21_KI270874v1_alt	166743	396	0
chr21_KI270873v1_alt	143900	1248	0
chr21_GL383579v2_alt	201197	435	0
chr21_GL383580v2_alt	74653	686	0
chr21_GL383581v2_alt	116689	6372	1
chr21_KI270872v1_alt	82692	3627	2
chr22_KI270875v1_alt	259914	6122	1
chr22_KI270878v1_alt	186262	2079	3
chr22_KI270879v1_alt	304135	14389	3
chr22_KI270876v1_alt	263666	5546	0
chr22_KI270877v1_alt	101331	3255	0
chr22_GL383583v2_alt	96924	2671	0
chr22_GL383582v2_alt	162811	5786	2
chrX_KI270880v1_alt	284869	725	3
chrX_KI270881v1_alt	144206	1256	1
chr19_KI270882v1_alt	248807	1940	0
chr19_KI270883v1_alt	170399	2308	0
chr19_KI270884v1_alt	157053	1624	0
chr19_KI270885v1_alt	171027	2728	1
chr19_KI270886v1_alt	204239	2187	0
chr19_KI270887v1_alt	209512	2153	0
chr19_KI270888v1_alt	155532	1872	2
chr19_KI270889v1_alt	170698	2796	1
chr19_KI270890v1_alt	184499	1223	1
chr19_KI270891v1_alt	170680	2827	1
chr1_KI270892v1_alt	162212	6906	1
chr2_KI270894v1_alt	214158	1519	0
chr2_KI270893v1_alt	161218	1004	0
chr3_KI270895v1_alt	162896	3230	2
chr4_KI270896v1_alt	378547	4896	1
chr5_KI270897v1_alt	1144418	20571	3
chr5_KI270898v1_alt	130957	2060	1
chr6_GL000251v2_alt	4795265	89432	16
chr7_KI270899v1_alt	190869	891	0
chr8_KI270901v1_alt	136959	832	0
chr8_KI270900v1_alt	318687	1176	0
chr11_KI270902v1_alt	106711	935	0
chr11_KI270903v1_alt	214625	2563	0
chr12_KI270904v1_alt	572349	11924	1
chr15_KI270906v1_alt	196384	5431	0
chr15_KI270905v1_alt	5161414	97362	9
chr17_KI270907v1_alt	137721	811	0
chr17_KI270910v1_alt	157099	5645	3
chr17_KI270909v1_alt	325800	31420	4
chr17_JH159148v1_alt	88070	1898	0
chr17_KI270908v1_alt	1423190	47092	8
chr18_KI270912v1_alt	174061	709	0
chr18_KI270911v1_alt	157710	737	0
chr19_GL949747v2_alt	729520	10730	2
chr22_KB663609v1_alt	74013	2074	0
chrX_KI270913v1_alt	274009	828	1
chr19_KI270914v1_alt	205194	2087	0
chr19_KI270915v1_alt	170665	2561	1
chr19_KI270916v1_alt	184516	1272	1
chr19_KI270917v1_alt	190932	3067	0
chr19_KI270918v1_alt	123111	1614	0
chr19_KI270919v1_alt	170701	2527	0
chr19_KI270920v1_alt	198005	4005	1
chr19_KI270921v1_alt	282224	2266	1
chr19_KI270922v1_alt	187935	2918	0
chr19_KI270923v1_alt	189352	1935	0
chr3_KI270924v1_alt	166540	3825	0
chr4_KI270925v1_alt	555799	2773	0
chr6_GL000252v2_alt	4604811	78388	12
chr8_KI270926v1_alt	229282	1855	0
chr11_KI270927v1_alt	218612	1277	1
chr19_GL949748v2_alt	1064304	5293	0
chr22_KI270928v1_alt	176103	6159	2
chr19_KI270929v1_alt	186203	4017	0
chr19_KI270930v1_alt	200773	5323	2
chr19_KI270931v1_alt	170148	3673	1
chr19_KI270932v1_alt	215732	2627	0
chr19_KI270933v1_alt	170537	3153	0
chr19_GL000209v2_alt	177381	954	0
chr3_KI270934v1_alt	163458	3212	1
chr6_GL000253v2_alt	4677643	57729	8
chr19_GL949749v2_alt	1091841	5341	1
chr3_KI270935v1_alt	197351	3531	0
chr6_GL000254v2_alt	4827813	70360	23
chr19_GL949750v2_alt	1066390	5359	1
chr3_KI270936v1_alt	164170	3319	2
chr6_GL000255v2_alt	4606388	78035	15
chr19_GL949751v2_alt	1002683	5895	0
chr3_KI270937v1_alt	165607	3314	1
chr6_GL000256v2_alt	4929269	70776	6
chr19_GL949752v1_alt	987100	21390	2
chr6_KI270758v1_alt	76752	1067	1
chr19_GL949753v2_alt	796479	15924	1
chr19_KI270938v1_alt	1066800	25375	5
chrM	16569	25715	4
chrUn_KI270302v1	2274	4	0
chrUn_KI270304v1	2165	2	0
chrUn_KI270303v1	1942	6	0
chrUn_KI270305v1	1472	2	0
chrUn_KI270322v1	21476	6	0
chrUn_KI270320v1	4416	2	0
chrUn_KI270310v1	1201	16	0
chrUn_KI270316v1	1444	2	0
chrUn_KI270315v1	2276	8	0
chrUn_KI270312v1	998	0	0
chrUn_KI270311v1	12399	17	0
chrUn_KI270317v1	37690	4	0
chrUn_KI270412v1	1179	5	0
chrUn_KI270411v1	2646	12	0
chrUn_KI270414v1	2489	0	0
chrUn_KI270419v1	1029	4	0
chrUn_KI270418v1	2145	4	0
chrUn_KI270420v1	2321	30	0
chrUn_KI270424v1	2140	4	0
chrUn_KI270417v1	2043	4	0
chrUn_KI270422v1	1445	0	0
chrUn_KI270423v1	981	0	0
chrUn_KI270425v1	1884	8	0
chrUn_KI270429v1	1361	17	0
chrUn_KI270442v1	392061	7495	11
chrUn_KI270466v1	1233	610	0
chrUn_KI270465v1	1774	36	0
chrUn_KI270467v1	3920	2744	5
chrUn_KI270435v1	92983	637	0
chrUn_KI270438v1	112505	13189	4
chrUn_KI270468v1	4055	8	0
chrUn_KI270510v1	2415	36	0
chrUn_KI270509v1	2318	10	0
chrUn_KI270518v1	2186	16	0
chrUn_KI270508v1	1951	28	0
chrUn_KI270516v1	1300	12	0
chrUn_KI270512v1	22689	115	2
chrUn_KI270519v1	138126	741	2
chrUn_KI270522v1	5674	11	0
chrUn_KI270511v1	8127	26	0
chrUn_KI270515v1	6361	69	0
chrUn_KI270507v1	5353	32	0
chrUn_KI270517v1	3253	25	0
chrUn_KI270529v1	1899	9	0
chrUn_KI270528v1	2983	3	0
chrUn_KI270530v1	2168	0	0
chrUn_KI270539v1	993	0	0
chrUn_KI270538v1	91309	493	0
chrUn_KI270544v1	1202	10	0
chrUn_KI270548v1	1599	2	0
chrUn_KI270583v1	1400	16	0
chrUn_KI270587v1	2969	112	0
chrUn_KI270580v1	1553	15	0
chrUn_KI270581v1	7046	32	0
chrUn_KI270579v1	31033	66	0
chrUn_KI270589v1	44474	295	0
chrUn_KI270590v1	4685	61	0
chrUn_KI270584v1	4513	39	0
chrUn_KI270582v1	6504	31	0
chrUn_KI270588v1	6158	40	0
chrUn_KI270593v1	3041	25	0
chrUn_KI270591v1	5796	107	0
chrUn_KI270330v1	1652	110	0
chrUn_KI270329v1	1040	2	0
chrUn_KI270334v1	1368	0	0
chrUn_KI270333v1	2699	379	0
chrUn_KI270335v1	1048	7	0
chrUn_KI270338v1	1428	2	0
chrUn_KI270340v1	1428	8	0
chrUn_KI270336v1	1026	68	0
chrUn_KI270337v1	1121	276	0
chrUn_KI270363v1	1803	8	0
chrUn_KI270364v1	2855	6	0
chrUn_KI270362v1	3530	5	0
chrUn_KI270366v1	8320	24	0
chrUn_KI270378v1	1048	0	0
chrUn_KI270379v1	1045	2	0
chrUn_KI270389v1	1298	0	0
chrUn_KI270390v1	2387	2	0
chrUn_KI270387v1	1537	2	0
chrUn_KI270395v1	1143	10	0
chrUn_KI270396v1	1880	11	0
chrUn_KI270388v1	1216	4	0
chrUn_KI270394v1	970	2	0
chrUn_KI270386v1	1788	2	0
chrUn_KI270391v1	1484	0	0
chrUn_KI270383v1	1750	0	0
chrUn_KI270393v1	1308	4	0
chrUn_KI270384v1	1658	4	0
chrUn_KI270392v1	971	0	0
chrUn_KI270381v1	1930	0	0
chrUn_KI270385v1	990	2	0
chrUn_KI270382v1	4215	9	0
chrUn_KI270376v1	1136	0	0
chrUn_KI270374v1	2656	5	0
chrUn_KI270372v1	1650	1	0
chrUn_KI270373v1	1451	2	0
chrUn_KI270375v1	2378	0	0
chrUn_KI270371v1	2805	0	0
chrUn_KI270448v1	7992	45	0
chrUn_KI270521v1	7642	17	0
chrUn_GL000195v1	182896	2250	0
chrUn_GL000219v1	179198	5331	2
chrUn_GL000220v1	161802	8960	1
chrUn_GL000224v1	179693	3615	1
chrUn_KI270741v1	157432	701	1
chrUn_GL000226v1	15008	231	0
chrUn_GL000213v1	164239	5567	0
chrUn_KI270743v1	210658	1208	0
chrUn_KI270744v1	168472	16893	1
chrUn_KI270745v1	41891	326	1
chrUn_KI270746v1	66486	6419	0
chrUn_KI270747v1	198735	344	0
chrUn_KI270748v1	93321	709	1
chrUn_KI270749v1	158759	1823	0
chrUn_KI270750v1	148850	5648	0
chrUn_KI270751v1	150742	6879	0
chrUn_KI270752v1	27745	1	0
chrUn_KI270753v1	62944	551	0
chrUn_KI270754v1	40191	550	1
chrUn_KI270755v1	36723	59	0
chrUn_KI270756v1	79590	432	1
chrUn_KI270757v1	71251	626	0
chrUn_GL000214v1	137718	8989	2
chrUn_KI270742v1	186739	16498	2
chrUn_GL000216v2	176608	6586	11
chrUn_GL000218v1	161147	3503	2
chrX	156040895	2464314	402
chrY	57227415	419445	130
chrY_KI270740v1_random	37240	32	0
*	0	0	42440
