chr1	248956422	6947398	24
chr10	133797422	2751292	10
chr11	135086622	3069425	18
chr11_KI270721v1_random	100316	695	0
chr12	133275309	2960850	14
chr13	114364328	1259523	2
chr14	107043718	1857244	7
chr14_GL000009v2_random	201709	1408	0
chr14_GL000225v1_random	211173	2044	1
chr14_KI270722v1_random	194050	644	0
chr14_GL000194v1_random	191469	1864	0
chr14_KI270723v1_random	38115	413	1
chr14_KI270724v1_random	39555	293	1
chr14_KI270725v1_random	172810	1597	0
chr14_KI270726v1_random	43739	96	0
chr15	101991189	2120207	10
chr15_KI270727v1_random	448248	14742	0
chr16	90338345	2162939	12
chr16_KI270728v1_random	1872759	33102	0
chr17	83257441	3078386	12
chr17_GL000205v2_random	185591	1946	0
chr17_KI270729v1_random	280839	1552	0
chr17_KI270730v1_random	112551	245	0
chr18	80373285	990525	0
chr19	58617616	2347322	93
chr1_KI270706v1_random	175055	1121	0
chr1_KI270707v1_random	32032	42	0
chr1_KI270708v1_random	127682	129	0
chr1_KI270709v1_random	66860	747	0
chr1_KI270710v1_random	40176	16	0
chr1_KI270711v1_random	42210	12167	0
chr1_KI270712v1_random	176043	2059	1
chr1_KI270713v1_random	40745	4176	0
chr1_KI270714v1_random	41717	1933	0
chr2	242193529	5719444	27
chr20	64444167	1261136	6
chr21	46709983	644209	6
chr22	50818468	1156545	9
chr22_KI270731v1_random	150754	4203	0
chr22_KI270732v1_random	41543	49	0
chr22_KI270733v1_random	179772	2185	0
chr22_KI270734v1_random	165050	6589	0
chr22_KI270735v1_random	42811	189	0
chr22_KI270736v1_random	181920	584	2
chr22_KI270737v1_random	103838	117	0
chr22_KI270738v1_random	99375	182	0
chr22_KI270739v1_random	73985	18	0
chr2_KI270715v1_random	161471	36	0
chr2_KI270716v1_random	153799	59	0
chr3	198295559	3721343	5
chr3_GL000221v1_random	155397	921	0
chr4	190214555	2789916	23
chr4_GL000008v2_random	209709	1073	0
chr5	181538259	3123415	18
chr5_GL000208v1_random	92689	68	0
chr6	170805979	2694038	16
chr7	159345973	3212231	11
chr8	145138636	1915970	9
chr9	138394717	2616632	7
chr9_KI270717v1_random	40062	403	0
chr9_KI270718v1_random	38054	2321	2
chr9_KI270719v1_random	176845	1784	0
chr9_KI270720v1_random	39050	3376	0
chr1_KI270762v1_alt	354444	6252	0
chr1_KI270766v1_alt	256271	26545	0
chr1_KI270760v1_alt	109528	149	0
chr1_KI270765v1_alt	185285	2185	0
chr1_GL383518v1_alt	182439	6539	0
chr1_GL383519v1_alt	110268	11196	0
chr1_GL383520v2_alt	366580	3413	0
chr1_KI270764v1_alt	50258	36	0
chr1_KI270763v1_alt	911658	17684	0
chr1_KI270759v1_alt	425601	3085	0
chr1_KI270761v1_alt	165834	10426	0
chr2_KI270770v1_alt	136240	141	0
chr2_KI270773v1_alt	70887	572	0
chr2_KI270774v1_alt	223625	1724	0
chr2_KI270769v1_alt	120616	2759	0
chr2_GL383521v1_alt	143390	114	0
chr2_KI270772v1_alt	133041	558	0
chr2_KI270775v1_alt	138019	54	0
chr2_KI270771v1_alt	110395	66	0
chr2_KI270768v1_alt	110099	1494	0
chr2_GL582966v2_alt	96131	3345	0
chr2_GL383522v1_alt	123821	4906	0
chr2_KI270776v1_alt	174166	2107	0
chr2_KI270767v1_alt	161578	485	0
chr3_JH636055v2_alt	173151	2723	0
chr3_KI270783v1_alt	109187	42	0
chr3_KI270780v1_alt	224108	540	0
chr3_GL383526v1_alt	180671	1192	0
chr3_KI270777v1_alt	173649	2882	0
chr3_KI270778v1_alt	248252	108	0
chr3_KI270781v1_alt	113034	103	0
chr3_KI270779v1_alt	205312	9952	0
chr3_KI270782v1_alt	162429	893	0
chr3_KI270784v1_alt	184404	4138	0
chr4_KI270790v1_alt	220246	161	0
chr4_GL383528v1_alt	376187	137	0
chr4_KI270787v1_alt	111943	83	0
chr4_GL000257v2_alt	586476	18684	0
chr4_KI270788v1_alt	158965	65	0
chr4_GL383527v1_alt	164536	3417	0
chr4_KI270785v1_alt	119912	66	0
chr4_KI270789v1_alt	205944	497	0
chr4_KI270786v1_alt	244096	85	0
chr5_KI270793v1_alt	126136	620	0
chr5_KI270792v1_alt	179043	2711	0
chr5_KI270791v1_alt	195710	4257	0
chr5_GL383532v1_alt	82728	30	0
chr5_GL949742v1_alt	226852	133	0
chr5_KI270794v1_alt	164558	1190	0
chr5_GL339449v2_alt	1612928	64335	0
chr5_GL383530v1_alt	101241	58	0
chr5_KI270796v1_alt	172708	112	0
chr5_GL383531v1_alt	173459	84	0
chr5_KI270795v1_alt	131892	3350	0
chr6_GL000250v2_alt	4672374	19591	0
chr6_KI270800v1_alt	175808	1464	0
chr6_KI270799v1_alt	152148	44	0
chr6_GL383533v1_alt	124736	467	0
chr6_KI270801v1_alt	870480	6898	0
chr6_KI270802v1_alt	75005	128	0
chr6_KB021644v2_alt	185823	259	1
chr6_KI270797v1_alt	197536	2895	0
chr6_KI270798v1_alt	271782	2765	0
chr7_KI270804v1_alt	157952	308	0
chr7_KI270809v1_alt	209586	5573	0
chr7_KI270806v1_alt	158166	4969	0
chr7_GL383534v2_alt	119183	2957	0
chr7_KI270803v1_alt	1111570	18996	0
chr7_KI270808v1_alt	271455	1118	0
chr7_KI270807v1_alt	126434	159	0
chr7_KI270805v1_alt	209988	331	0
chr8_KI270818v1_alt	145606	195	0
chr8_KI270812v1_alt	282736	433	0
chr8_KI270811v1_alt	292436	431	0
chr8_KI270821v1_alt	985506	9700	0
chr8_KI270813v1_alt	300230	34333	0
chr8_KI270822v1_alt	624492	9023	0
chr8_KI270814v1_alt	141812	321	0
chr8_KI270810v1_alt	374415	200	0
chr8_KI270819v1_alt	133535	1610	0
chr8_KI270820v1_alt	36640	221	0
chr8_KI270817v1_alt	158983	958	0
chr8_KI270816v1_alt	305841	9536	0
chr8_KI270815v1_alt	132244	1257	0
chr9_GL383539v1_alt	162988	1125	0
chr9_GL383540v1_alt	71551	1255	0
chr9_GL383541v1_alt	171286	1644	0
chr9_GL383542v1_alt	60032	484	0
chr9_KI270823v1_alt	439082	1944	0
chr10_GL383545v1_alt	179254	1861	0
chr10_KI270824v1_alt	181496	833	0
chr10_GL383546v1_alt	309802	3506	0
chr10_KI270825v1_alt	188315	3526	0
chr11_KI270832v1_alt	210133	6783	0
chr11_KI270830v1_alt	177092	1151	0
chr11_KI270831v1_alt	296895	5509	0
chr11_KI270829v1_alt	204059	2891	0
chr11_GL383547v1_alt	154407	60	0
chr11_JH159136v1_alt	200998	6617	0
chr11_JH159137v1_alt	191409	1977	0
chr11_KI270827v1_alt	67707	111	0
chr11_KI270826v1_alt	186169	228	0
chr12_GL877875v1_alt	167313	2633	0
chr12_GL877876v1_alt	408271	8910	0
chr12_KI270837v1_alt	40090	1030	0
chr12_GL383549v1_alt	120804	64	0
chr12_KI270835v1_alt	238139	1151	0
chr12_GL383550v2_alt	169178	1055	0
chr12_GL383552v1_alt	138655	818	0
chr12_GL383553v2_alt	152874	1935	0
chr12_KI270834v1_alt	119498	7045	0
chr12_GL383551v1_alt	184319	152	0
chr12_KI270833v1_alt	76061	2448	0
chr12_KI270836v1_alt	56134	92	0
chr13_KI270840v1_alt	191684	997	0
chr13_KI270839v1_alt	180306	753	0
chr13_KI270843v1_alt	103832	55	0
chr13_KI270841v1_alt	169134	86	0
chr13_KI270838v1_alt	306913	2139	0
chr13_KI270842v1_alt	37287	54	0
chr14_KI270844v1_alt	322166	5491	0
chr14_KI270847v1_alt	1511111	25222	0
chr14_KI270845v1_alt	180703	696	0
chr14_KI270846v1_alt	1351393	24665	1
chr15_KI270852v1_alt	478999	15231	1
chr15_KI270851v1_alt	263054	11962	0
chr15_KI270848v1_alt	327382	6109	0
chr15_GL383554v1_alt	296527	3705	0
chr15_KI270849v1_alt	244917	5308	0
chr15_GL383555v2_alt	388773	2236	0
chr15_KI270850v1_alt	430880	5251	0
chr16_KI270854v1_alt	134193	2039	0
chr16_KI270856v1_alt	63982	167	0
chr16_KI270855v1_alt	232857	5350	0
chr16_KI270853v1_alt	2659700	113969	0
chr16_GL383556v1_alt	192462	6419	0
chr16_GL383557v1_alt	89672	1723	0
chr17_GL383563v3_alt	375691	1641	0
chr17_KI270862v1_alt	391357	4081	0
chr17_KI270861v1_alt	196688	9658	0
chr17_KI270857v1_alt	2877074	71829	3
chr17_JH159146v1_alt	278131	10882	0
chr17_JH159147v1_alt	70345	4852	0
chr17_GL383564v2_alt	133151	4385	0
chr17_GL000258v2_alt	1821992	31315	0
chr17_GL383565v1_alt	223995	96	0
chr17_KI270858v1_alt	235827	164	0
chr17_KI270859v1_alt	108763	172	0
chr17_GL383566v1_alt	90219	129	0
chr17_KI270860v1_alt	178921	2839	0
chr18_KI270864v1_alt	111737	52	0
chr18_GL383567v1_alt	289831	1773	0
chr18_GL383570v1_alt	164789	96	0
chr18_GL383571v1_alt	198278	1982	0
chr18_GL383568v1_alt	104552	44	0
chr18_GL383569v1_alt	167950	136	0
chr18_GL383572v1_alt	159547	403	0
chr18_KI270863v1_alt	167999	1188	0
chr19_KI270868v1_alt	61734	897	0
chr19_KI270865v1_alt	52969	1109	0
chr19_GL383573v1_alt	385657	1893	0
chr19_GL383575v2_alt	170222	1379	0
chr19_GL383576v1_alt	188024	1338	0
chr19_GL383574v1_alt	155864	1859	0
chr19_KI270866v1_alt	43156	1193	1
chr19_KI270867v1_alt	233762	2495	0
chr19_GL949746v1_alt	987716	10137	0
chr20_GL383577v2_alt	128386	115	0
chr20_KI270869v1_alt	118774	2154	0
chr20_KI270871v1_alt	58661	959	0
chr20_KI270870v1_alt	183433	3523	0
chr21_GL383578v2_alt	63917	28	0
chr21_KI270874v1_alt	166743	110	0
chr21_KI270873v1_alt	143900	547	0
chr21_GL383579v2_alt	201197	135	0
chr21_GL383580v2_alt	74653	1173	0
chr21_GL383581v2_alt	116689	3973	0
chr21_KI270872v1_alt	82692	1509	0
chr22_KI270875v1_alt	259914	4904	0
chr22_KI270878v1_alt	186262	1390	0
chr22_KI270879v1_alt	304135	15740	0
chr22_KI270876v1_alt	263666	2518	0
chr22_KI270877v1_alt	101331	1104	0
chr22_GL383583v2_alt	96924	965	0
chr22_GL383582v2_alt	162811	4841	0
chrX_KI270880v1_alt	284869	678	0
chrX_KI270881v1_alt	144206	1611	0
chr19_KI270882v1_alt	248807	356	0
chr19_KI270883v1_alt	170399	776	0
chr19_KI270884v1_alt	157053	1051	0
chr19_KI270885v1_alt	171027	548	0
chr19_KI270886v1_alt	204239	847	0
chr19_KI270887v1_alt	209512	661	0
chr19_KI270888v1_alt	155532	329	0
chr19_KI270889v1_alt	170698	451	0
chr19_KI270890v1_alt	184499	242	0
chr19_KI270891v1_alt	170680	426	0
chr1_KI270892v1_alt	162212	10300	0
chr2_KI270894v1_alt	214158	3392	0
chr2_KI270893v1_alt	161218	596	0
chr3_KI270895v1_alt	162896	4751	0
chr4_KI270896v1_alt	378547	5628	0
chr5_KI270897v1_alt	1144418	34382	1
chr5_KI270898v1_alt	130957	3481	0
chr6_GL000251v2_alt	4795265	51716	0
chr7_KI270899v1_alt	190869	2900	0
chr8_KI270901v1_alt	136959	162	0
chr8_KI270900v1_alt	318687	724	0
chr11_KI270902v1_alt	106711	12236	0
chr11_KI270903v1_alt	214625	2175	0
chr12_KI270904v1_alt	572349	9155	0
chr15_KI270906v1_alt	196384	1724	0
chr15_KI270905v1_alt	5161414	81988	1
chr17_KI270907v1_alt	137721	322	0
chr17_KI270910v1_alt	157099	2054	0
chr17_KI270909v1_alt	325800	11918	0
chr17_JH159148v1_alt	88070	3578	0
chr17_KI270908v1_alt	1423190	36350	0
chr18_KI270912v1_alt	174061	157	0
chr18_KI270911v1_alt	157710	398	0
chr19_GL949747v2_alt	729520	4978	0
chr22_KB663609v1_alt	74013	2131	0
chrX_KI270913v1_alt	274009	1260	0
chr19_KI270914v1_alt	205194	563	0
chr19_KI270915v1_alt	170665	443	0
chr19_KI270916v1_alt	184516	291	0
chr19_KI270917v1_alt	190932	609	0
chr19_KI270918v1_alt	123111	309	0
chr19_KI270919v1_alt	170701	519	0
chr19_KI270920v1_alt	198005	709	0
chr19_KI270921v1_alt	282224	464	0
chr19_KI270922v1_alt	187935	583	0
chr19_KI270923v1_alt	189352	509	0
chr3_KI270924v1_alt	166540	5909	0
chr4_KI270925v1_alt	555799	830	0
chr6_GL000252v2_alt	4604811	51382	0
chr8_KI270926v1_alt	229282	1548	0
chr11_KI270927v1_alt	218612	11288	0
chr19_GL949748v2_alt	1064304	2849	0
chr22_KI270928v1_alt	176103	4690	0
chr19_KI270929v1_alt	186203	581	0
chr19_KI270930v1_alt	200773	478	0
chr19_KI270931v1_alt	170148	438	0
chr19_KI270932v1_alt	215732	605	0
chr19_KI270933v1_alt	170537	737	0
chr19_GL000209v2_alt	177381	311	0
chr3_KI270934v1_alt	163458	4844	0
chr6_GL000253v2_alt	4677643	32648	0
chr19_GL949749v2_alt	1091841	2775	0
chr3_KI270935v1_alt	197351	4113	0
chr6_GL000254v2_alt	4827813	49133	0
chr19_GL949750v2_alt	1066390	2841	0
chr3_KI270936v1_alt	164170	4827	0
chr6_GL000255v2_alt	4606388	46824	0
chr19_GL949751v2_alt	1002683	2905	0
chr3_KI270937v1_alt	165607	4345	0
chr6_GL000256v2_alt	4929269	49887	0
chr19_GL949752v1_alt	987100	11081	0
chr6_KI270758v1_alt	76752	362	0
chr19_GL949753v2_alt	796479	7112	0
chr19_KI270938v1_alt	1066800	12624	0
chrM	16569	11234	0
chrUn_KI270302v1	2274	0	0
chrUn_KI270304v1	2165	0	0
chrUn_KI270303v1	1942	2	0
chrUn_KI270305v1	1472	0	0
chrUn_KI270322v1	21476	2	0
chrUn_KI270320v1	4416	12	0
chrUn_KI270310v1	1201	6	0
chrUn_KI270316v1	1444	0	0
chrUn_KI270315v1	2276	0	0
chrUn_KI270312v1	998	0	0
chrUn_KI270311v1	12399	2	0
chrUn_KI270317v1	37690	1	0
chrUn_KI270412v1	1179	0	0
chrUn_KI270411v1	2646	0	0
chrUn_KI270414v1	2489	0	0
chrUn_KI270419v1	1029	2	0
chrUn_KI270418v1	2145	0	0
chrUn_KI270420v1	2321	2	0
chrUn_KI270424v1	2140	3	0
chrUn_KI270417v1	2043	4	0
chrUn_KI270422v1	1445	2	0
chrUn_KI270423v1	981	0	0
chrUn_KI270425v1	1884	0	0
chrUn_KI270429v1	1361	0	0
chrUn_KI270442v1	392061	3923	0
chrUn_KI270466v1	1233	126	0
chrUn_KI270465v1	1774	4	0
chrUn_KI270467v1	3920	401	0
chrUn_KI270435v1	92983	101	1
chrUn_KI270438v1	112505	2308	1
chrUn_KI270468v1	4055	2	0
chrUn_KI270510v1	2415	6	0
chrUn_KI270509v1	2318	0	0
chrUn_KI270518v1	2186	3	0
chrUn_KI270508v1	1951	6	0
chrUn_KI270516v1	1300	2	0
chrUn_KI270512v1	22689	25	0
chrUn_KI270519v1	138126	111	0
chrUn_KI270522v1	5674	0	0
chrUn_KI270511v1	8127	6	0
chrUn_KI270515v1	6361	8	0
chrUn_KI270507v1	5353	12	0
chrUn_KI270517v1	3253	10	0
chrUn_KI270529v1	1899	0	0
chrUn_KI270528v1	2983	0	0
chrUn_KI270530v1	2168	0	0
chrUn_KI270539v1	993	0	0
chrUn_KI270538v1	91309	110	0
chrUn_KI270544v1	1202	0	0
chrUn_KI270548v1	1599	0	0
chrUn_KI270583v1	1400	2	0
chrUn_KI270587v1	2969	12	0
chrUn_KI270580v1	1553	0	0
chrUn_KI270581v1	7046	8	0
chrUn_KI270579v1	31033	14	0
chrUn_KI270589v1	44474	63	0
chrUn_KI270590v1	4685	14	0
chrUn_KI270584v1	4513	10	0
chrUn_KI270582v1	6504	8	0
chrUn_KI270588v1	6158	6	0
chrUn_KI270593v1	3041	0	0
chrUn_KI270591v1	5796	26	0
chrUn_KI270330v1	1652	14	0
chrUn_KI270329v1	1040	0	0
chrUn_KI270334v1	1368	0	0
chrUn_KI270333v1	2699	58	0
chrUn_KI270335v1	1048	2	0
chrUn_KI270338v1	1428	6	0
chrUn_KI270340v1	1428	6	0
chrUn_KI270336v1	1026	11	0
chrUn_KI270337v1	1121	59	0
chrUn_KI270363v1	1803	0	0
chrUn_KI270364v1	2855	2	0
chrUn_KI270362v1	3530	2	0
chrUn_KI270366v1	8320	4	0
chrUn_KI270378v1	1048	2	0
chrUn_KI270379v1	1045	2	0
chrUn_KI270389v1	1298	0	0
chrUn_KI270390v1	2387	2	0
chrUn_KI270387v1	1537	6	0
chrUn_KI270395v1	1143	0	0
chrUn_KI270396v1	1880	0	0
chrUn_KI270388v1	1216	0	0
chrUn_KI270394v1	970	0	0
chrUn_KI270386v1	1788	2	0
chrUn_KI270391v1	1484	0	0
chrUn_KI270383v1	1750	0	0
chrUn_KI270393v1	1308	2	0
chrUn_KI270384v1	1658	0	0
chrUn_KI270392v1	971	0	0
chrUn_KI270381v1	1930	0	0
chrUn_KI270385v1	990	0	0
chrUn_KI270382v1	4215	4	0
chrUn_KI270376v1	1136	0	0
chrUn_KI270374v1	2656	0	0
chrUn_KI270372v1	1650	1	0
chrUn_KI270373v1	1451	0	0
chrUn_KI270375v1	2378	2	0
chrUn_KI270371v1	2805	2	0
chrUn_KI270448v1	7992	6	0
chrUn_KI270521v1	7642	4	0
chrUn_GL000195v1	182896	451	0
chrUn_GL000219v1	179198	5799	0
chrUn_GL000220v1	161802	1580	0
chrUn_GL000224v1	179693	3197	0
chrUn_KI270741v1	157432	225	0
chrUn_GL000226v1	15008	92	0
chrUn_GL000213v1	164239	9851	0
chrUn_KI270743v1	210658	435	0
chrUn_KI270744v1	168472	3858	0
chrUn_KI270745v1	41891	34	0
chrUn_KI270746v1	66486	14299	0
chrUn_KI270747v1	198735	350	0
chrUn_KI270748v1	93321	88	0
chrUn_KI270749v1	158759	1668	0
chrUn_KI270750v1	148850	3357	0
chrUn_KI270751v1	150742	895	0
chrUn_KI270752v1	27745	0	0
chrUn_KI270753v1	62944	143	0
chrUn_KI270754v1	40191	1008	0
chrUn_KI270755v1	36723	29	0
chrUn_KI270756v1	79590	113	1
chrUn_KI270757v1	71251	124	0
chrUn_GL000214v1	137718	897	0
chrUn_KI270742v1	186739	1479	0
chrUn_GL000216v2	176608	1050	2
chrUn_GL000218v1	161147	2238	0
chrX	156040895	3876065	15
chrY	57227415	57744	13
chrY_KI270740v1_random	37240	0	0
*	0	0	125038
