chr1	248956422	12374613	556
chr10	133797422	5931015	268
chr11	135086622	6468650	381
chr11_KI270721v1_random	100316	896	0
chr12	133275309	6595295	315
chr13	114364328	2854685	193
chr14	107043718	3653760	196
chr14_GL000009v2_random	201709	13860	0
chr14_GL000225v1_random	211173	6066	18
chr14_KI270722v1_random	194050	1409	0
chr14_GL000194v1_random	191469	4538	0
chr14_KI270723v1_random	38115	1418	0
chr14_KI270724v1_random	39555	2028	2
chr14_KI270725v1_random	172810	1393	0
chr14_KI270726v1_random	43739	203	0
chr15	101991189	3833810	150
chr15_KI270727v1_random	448248	17461	1
chr16	90338345	3693961	187
chr16_KI270728v1_random	1872759	56986	3
chr17	83257441	5367934	250
chr17_GL000205v2_random	185591	16274	1
chr17_KI270729v1_random	280839	2734	5
chr17_KI270730v1_random	112551	627	2
chr18	80373285	2134789	81
chr19	58617616	4284312	238
chr1_KI270706v1_random	175055	12890	0
chr1_KI270707v1_random	32032	169	0
chr1_KI270708v1_random	127682	1225	0
chr1_KI270709v1_random	66860	561	0
chr1_KI270710v1_random	40176	167	0
chr1_KI270711v1_random	42210	27736	0
chr1_KI270712v1_random	176043	3219	0
chr1_KI270713v1_random	40745	4076	0
chr1_KI270714v1_random	41717	3157	0
chr2	242193529	8492400	429
chr20	64444167	2930512	168
chr21	46709983	1347828	95
chr22	50818468	1998852	109
chr22_KI270731v1_random	150754	5638	2
chr22_KI270732v1_random	41543	398	0
chr22_KI270733v1_random	179772	9435	0
chr22_KI270734v1_random	165050	7062	3
chr22_KI270735v1_random	42811	482	0
chr22_KI270736v1_random	181920	1449	21
chr22_KI270737v1_random	103838	298	0
chr22_KI270738v1_random	99375	160	0
chr22_KI270739v1_random	73985	18	1
chr2_KI270715v1_random	161471	139	0
chr2_KI270716v1_random	153799	183	0
chr3	198295559	6942360	344
chr3_GL000221v1_random	155397	13778	1
chr4	190214555	5198891	251
chr4_GL000008v2_random	209709	9903	1
chr5	181538259	5600439	336
chr5_GL000208v1_random	92689	142	0
chr6	170805979	6193580	294
chr7	159345973	6092814	278
chr8	145138636	4328371	237
chr9	138394717	5388526	256
chr9_KI270717v1_random	40062	259	0
chr9_KI270718v1_random	38054	2782	1
chr9_KI270719v1_random	176845	2806	1
chr9_KI270720v1_random	39050	4359	0
chr1_KI270762v1_alt	354444	8067	0
chr1_KI270766v1_alt	256271	23648	1
chr1_KI270760v1_alt	109528	465	0
chr1_KI270765v1_alt	185285	1969	0
chr1_GL383518v1_alt	182439	15712	1
chr1_GL383519v1_alt	110268	17932	0
chr1_GL383520v2_alt	366580	7367	0
chr1_KI270764v1_alt	50258	147	0
chr1_KI270763v1_alt	911658	13596	0
chr1_KI270759v1_alt	425601	1383	0
chr1_KI270761v1_alt	165834	10195	1
chr2_KI270770v1_alt	136240	449	0
chr2_KI270773v1_alt	70887	222	0
chr2_KI270774v1_alt	223625	4392	0
chr2_KI270769v1_alt	120616	3518	1
chr2_GL383521v1_alt	143390	354	0
chr2_KI270772v1_alt	133041	809	0
chr2_KI270775v1_alt	138019	249	0
chr2_KI270771v1_alt	110395	187	0
chr2_KI270768v1_alt	110099	2077	0
chr2_GL582966v2_alt	96131	354	0
chr2_GL383522v1_alt	123821	3880	0
chr2_KI270776v1_alt	174166	1507	0
chr2_KI270767v1_alt	161578	861	0
chr3_JH636055v2_alt	173151	6913	0
chr3_KI270783v1_alt	109187	218	0
chr3_KI270780v1_alt	224108	1580	0
chr3_GL383526v1_alt	180671	2663	0
chr3_KI270777v1_alt	173649	1713	0
chr3_KI270778v1_alt	248252	334	0
chr3_KI270781v1_alt	113034	333	0
chr3_KI270779v1_alt	205312	3058	0
chr3_KI270782v1_alt	162429	2643	0
chr3_KI270784v1_alt	184404	3155	0
chr4_KI270790v1_alt	220246	383	0
chr4_GL383528v1_alt	376187	500	0
chr4_KI270787v1_alt	111943	230	0
chr4_GL000257v2_alt	586476	28794	1
chr4_KI270788v1_alt	158965	248	0
chr4_GL383527v1_alt	164536	9337	0
chr4_KI270785v1_alt	119912	233	0
chr4_KI270789v1_alt	205944	1747	0
chr4_KI270786v1_alt	244096	304	0
chr5_KI270793v1_alt	126136	1367	0
chr5_KI270792v1_alt	179043	4805	0
chr5_KI270791v1_alt	195710	10837	2
chr5_GL383532v1_alt	82728	126	0
chr5_GL949742v1_alt	226852	378	0
chr5_KI270794v1_alt	164558	2783	0
chr5_GL339449v2_alt	1612928	51795	3
chr5_GL383530v1_alt	101241	146	0
chr5_KI270796v1_alt	172708	321	0
chr5_GL383531v1_alt	173459	287	0
chr5_KI270795v1_alt	131892	2340	0
chr6_GL000250v2_alt	4672374	36752	2
chr6_KI270800v1_alt	175808	1081	0
chr6_KI270799v1_alt	152148	176	0
chr6_GL383533v1_alt	124736	1699	0
chr6_KI270801v1_alt	870480	17307	0
chr6_KI270802v1_alt	75005	292	0
chr6_KB021644v2_alt	185823	599	0
chr6_KI270797v1_alt	197536	10488	0
chr6_KI270798v1_alt	271782	7911	0
chr7_KI270804v1_alt	157952	470	0
chr7_KI270809v1_alt	209586	13306	2
chr7_KI270806v1_alt	158166	7496	1
chr7_GL383534v2_alt	119183	4321	0
chr7_KI270803v1_alt	1111570	33108	1
chr7_KI270808v1_alt	271455	2610	0
chr7_KI270807v1_alt	126434	470	0
chr7_KI270805v1_alt	209988	1066	0
chr8_KI270818v1_alt	145606	724	0
chr8_KI270812v1_alt	282736	1436	0
chr8_KI270811v1_alt	292436	1064	0
chr8_KI270821v1_alt	985506	23457	2
chr8_KI270813v1_alt	300230	26437	0
chr8_KI270822v1_alt	624492	16266	0
chr8_KI270814v1_alt	141812	695	0
chr8_KI270810v1_alt	374415	581	0
chr8_KI270819v1_alt	133535	1899	0
chr8_KI270820v1_alt	36640	309	0
chr8_KI270817v1_alt	158983	2929	0
chr8_KI270816v1_alt	305841	9617	1
chr8_KI270815v1_alt	132244	636	0
chr9_GL383539v1_alt	162988	1656	0
chr9_GL383540v1_alt	71551	4774	0
chr9_GL383541v1_alt	171286	3964	1
chr9_GL383542v1_alt	60032	1743	2
chr9_KI270823v1_alt	439082	6510	1
chr10_GL383545v1_alt	179254	2511	0
chr10_KI270824v1_alt	181496	1643	0
chr10_GL383546v1_alt	309802	6914	0
chr10_KI270825v1_alt	188315	10546	0
chr11_KI270832v1_alt	210133	10096	0
chr11_KI270830v1_alt	177092	1780	1
chr11_KI270831v1_alt	296895	11341	0
chr11_KI270829v1_alt	204059	7809	0
chr11_GL383547v1_alt	154407	177	0
chr11_JH159136v1_alt	200998	14355	0
chr11_JH159137v1_alt	191409	5102	0
chr11_KI270827v1_alt	67707	326	0
chr11_KI270826v1_alt	186169	806	0
chr12_GL877875v1_alt	167313	4055	0
chr12_GL877876v1_alt	408271	8578	0
chr12_KI270837v1_alt	40090	3505	0
chr12_GL383549v1_alt	120804	195	0
chr12_KI270835v1_alt	238139	2956	0
chr12_GL383550v2_alt	169178	1618	0
chr12_GL383552v1_alt	138655	1560	0
chr12_GL383553v2_alt	152874	7612	0
chr12_KI270834v1_alt	119498	1973	0
chr12_GL383551v1_alt	184319	437	0
chr12_KI270833v1_alt	76061	7967	1
chr12_KI270836v1_alt	56134	150	0
chr13_KI270840v1_alt	191684	8481	0
chr13_KI270839v1_alt	180306	488	0
chr13_KI270843v1_alt	103832	128	0
chr13_KI270841v1_alt	169134	215	0
chr13_KI270838v1_alt	306913	5715	0
chr13_KI270842v1_alt	37287	225	0
chr14_KI270844v1_alt	322166	12832	1
chr14_KI270847v1_alt	1511111	64150	1
chr14_KI270845v1_alt	180703	1211	0
chr14_KI270846v1_alt	1351393	5208	1
chr15_KI270852v1_alt	478999	17072	1
chr15_KI270851v1_alt	263054	27399	1
chr15_KI270848v1_alt	327382	18669	0
chr15_GL383554v1_alt	296527	12062	0
chr15_KI270849v1_alt	244917	6476	0
chr15_GL383555v2_alt	388773	4402	0
chr15_KI270850v1_alt	430880	12879	1
chr16_KI270854v1_alt	134193	3301	0
chr16_KI270856v1_alt	63982	225	0
chr16_KI270855v1_alt	232857	9803	0
chr16_KI270853v1_alt	2659700	103204	5
chr16_GL383556v1_alt	192462	11491	2
chr16_GL383557v1_alt	89672	4489	0
chr17_GL383563v3_alt	375691	2136	0
chr17_KI270862v1_alt	391357	11523	1
chr17_KI270861v1_alt	196688	16154	1
chr17_KI270857v1_alt	2877074	156058	11
chr17_JH159146v1_alt	278131	17026	1
chr17_JH159147v1_alt	70345	3368	0
chr17_GL383564v2_alt	133151	16502	1
chr17_GL000258v2_alt	1821992	52151	3
chr17_GL383565v1_alt	223995	364	0
chr17_KI270858v1_alt	235827	743	0
chr17_KI270859v1_alt	108763	782	1
chr17_GL383566v1_alt	90219	298	0
chr17_KI270860v1_alt	178921	2540	0
chr18_KI270864v1_alt	111737	153	0
chr18_GL383567v1_alt	289831	3162	1
chr18_GL383570v1_alt	164789	362	0
chr18_GL383571v1_alt	198278	3227	0
chr18_GL383568v1_alt	104552	210	0
chr18_GL383569v1_alt	167950	557	0
chr18_GL383572v1_alt	159547	854	0
chr18_KI270863v1_alt	167999	2707	0
chr19_KI270868v1_alt	61734	1479	0
chr19_KI270865v1_alt	52969	196	0
chr19_GL383573v1_alt	385657	5716	0
chr19_GL383575v2_alt	170222	3650	0
chr19_GL383576v1_alt	188024	3159	0
chr19_GL383574v1_alt	155864	4799	0
chr19_KI270866v1_alt	43156	3307	0
chr19_KI270867v1_alt	233762	6442	0
chr19_GL949746v1_alt	987716	27926	1
chr20_GL383577v2_alt	128386	451	0
chr20_KI270869v1_alt	118774	6003	0
chr20_KI270871v1_alt	58661	2404	0
chr20_KI270870v1_alt	183433	8521	0
chr21_GL383578v2_alt	63917	117	0
chr21_KI270874v1_alt	166743	306	0
chr21_KI270873v1_alt	143900	1449	0
chr21_GL383579v2_alt	201197	346	0
chr21_GL383580v2_alt	74653	742	0
chr21_GL383581v2_alt	116689	8099	1
chr21_KI270872v1_alt	82692	4375	0
chr22_KI270875v1_alt	259914	7256	1
chr22_KI270878v1_alt	186262	2083	0
chr22_KI270879v1_alt	304135	15216	0
chr22_KI270876v1_alt	263666	7285	0
chr22_KI270877v1_alt	101331	3622	0
chr22_GL383583v2_alt	96924	2592	0
chr22_GL383582v2_alt	162811	6172	0
chrX_KI270880v1_alt	284869	577	2
chrX_KI270881v1_alt	144206	1645	0
chr19_KI270882v1_alt	248807	7867	0
chr19_KI270883v1_alt	170399	2250	0
chr19_KI270884v1_alt	157053	2386	0
chr19_KI270885v1_alt	171027	2998	0
chr19_KI270886v1_alt	204239	7443	0
chr19_KI270887v1_alt	209512	2938	0
chr19_KI270888v1_alt	155532	3402	1
chr19_KI270889v1_alt	170698	2864	0
chr19_KI270890v1_alt	184499	2610	0
chr19_KI270891v1_alt	170680	2887	0
chr1_KI270892v1_alt	162212	10023	0
chr2_KI270894v1_alt	214158	1746	0
chr2_KI270893v1_alt	161218	810	1
chr3_KI270895v1_alt	162896	2883	0
chr4_KI270896v1_alt	378547	6408	1
chr5_KI270897v1_alt	1144418	31720	0
chr5_KI270898v1_alt	130957	2620	0
chr6_GL000251v2_alt	4795265	95453	3
chr7_KI270899v1_alt	190869	565	0
chr8_KI270901v1_alt	136959	587	0
chr8_KI270900v1_alt	318687	837	0
chr11_KI270902v1_alt	106711	590	0
chr11_KI270903v1_alt	214625	2061	1
chr12_KI270904v1_alt	572349	14300	3
chr15_KI270906v1_alt	196384	6560	0
chr15_KI270905v1_alt	5161414	123428	5
chr17_KI270907v1_alt	137721	865	0
chr17_KI270910v1_alt	157099	6744	1
chr17_KI270909v1_alt	325800	40132	2
chr17_JH159148v1_alt	88070	2180	0
chr17_KI270908v1_alt	1423190	33378	0
chr18_KI270912v1_alt	174061	521	0
chr18_KI270911v1_alt	157710	750	0
chr19_GL949747v2_alt	729520	12883	2
chr22_KB663609v1_alt	74013	2072	1
chrX_KI270913v1_alt	274009	813	2
chr19_KI270914v1_alt	205194	3369	0
chr19_KI270915v1_alt	170665	3053	0
chr19_KI270916v1_alt	184516	3195	0
chr19_KI270917v1_alt	190932	3407	0
chr19_KI270918v1_alt	123111	1433	0
chr19_KI270919v1_alt	170701	2350	1
chr19_KI270920v1_alt	198005	4969	0
chr19_KI270921v1_alt	282224	8138	0
chr19_KI270922v1_alt	187935	3015	0
chr19_KI270923v1_alt	189352	3037	0
chr3_KI270924v1_alt	166540	3722	0
chr4_KI270925v1_alt	555799	2883	1
chr6_GL000252v2_alt	4604811	82176	2
chr8_KI270926v1_alt	229282	1949	0
chr11_KI270927v1_alt	218612	1097	0
chr19_GL949748v2_alt	1064304	7022	0
chr22_KI270928v1_alt	176103	7110	0
chr19_KI270929v1_alt	186203	3531	0
chr19_KI270930v1_alt	200773	2911	0
chr19_KI270931v1_alt	170148	2714	0
chr19_KI270932v1_alt	215732	4264	1
chr19_KI270933v1_alt	170537	3444	0
chr19_GL000209v2_alt	177381	2700	0
chr3_KI270934v1_alt	163458	2673	0
chr6_GL000253v2_alt	4677643	60059	0
chr19_GL949749v2_alt	1091841	6407	0
chr3_KI270935v1_alt	197351	3980	0
chr6_GL000254v2_alt	4827813	72865	8
chr19_GL949750v2_alt	1066390	5716	0
chr3_KI270936v1_alt	164170	2747	0
chr6_GL000255v2_alt	4606388	79629	7
chr19_GL949751v2_alt	1002683	6787	0
chr3_KI270937v1_alt	165607	2802	1
chr6_GL000256v2_alt	4929269	74436	2
chr19_GL949752v1_alt	987100	27809	0
chr6_KI270758v1_alt	76752	617	0
chr19_GL949753v2_alt	796479	18694	0
chr19_KI270938v1_alt	1066800	30095	0
chrM	16569	663	0
chrUn_KI270302v1	2274	4	0
chrUn_KI270304v1	2165	0	0
chrUn_KI270303v1	1942	0	0
chrUn_KI270305v1	1472	5	0
chrUn_KI270322v1	21476	10	0
chrUn_KI270320v1	4416	14	0
chrUn_KI270310v1	1201	11	0
chrUn_KI270316v1	1444	2	0
chrUn_KI270315v1	2276	2	0
chrUn_KI270312v1	998	0	0
chrUn_KI270311v1	12399	8	0
chrUn_KI270317v1	37690	4	0
chrUn_KI270412v1	1179	7	0
chrUn_KI270411v1	2646	2	0
chrUn_KI270414v1	2489	9	0
chrUn_KI270419v1	1029	0	0
chrUn_KI270418v1	2145	6	0
chrUn_KI270420v1	2321	13	0
chrUn_KI270424v1	2140	2	0
chrUn_KI270417v1	2043	0	0
chrUn_KI270422v1	1445	0	0
chrUn_KI270423v1	981	0	0
chrUn_KI270425v1	1884	0	0
chrUn_KI270429v1	1361	7	0
chrUn_KI270442v1	392061	7915	4
chrUn_KI270466v1	1233	393	0
chrUn_KI270465v1	1774	7	0
chrUn_KI270467v1	3920	1373	0
chrUn_KI270435v1	92983	275	0
chrUn_KI270438v1	112505	5748	2
chrUn_KI270468v1	4055	4	0
chrUn_KI270510v1	2415	13	0
chrUn_KI270509v1	2318	23	0
chrUn_KI270518v1	2186	12	0
chrUn_KI270508v1	1951	15	0
chrUn_KI270516v1	1300	4	0
chrUn_KI270512v1	22689	47	0
chrUn_KI270519v1	138126	413	0
chrUn_KI270522v1	5674	2	0
chrUn_KI270511v1	8127	18	0
chrUn_KI270515v1	6361	28	0
chrUn_KI270507v1	5353	27	0
chrUn_KI270517v1	3253	16	1
chrUn_KI270529v1	1899	5	0
chrUn_KI270528v1	2983	0	0
chrUn_KI270530v1	2168	4	0
chrUn_KI270539v1	993	0	0
chrUn_KI270538v1	91309	205	0
chrUn_KI270544v1	1202	10	0
chrUn_KI270548v1	1599	3	0
chrUn_KI270583v1	1400	8	0
chrUn_KI270587v1	2969	33	0
chrUn_KI270580v1	1553	2	0
chrUn_KI270581v1	7046	31	0
chrUn_KI270579v1	31033	48	0
chrUn_KI270589v1	44474	176	1
chrUn_KI270590v1	4685	33	0
chrUn_KI270584v1	4513	29	0
chrUn_KI270582v1	6504	14	0
chrUn_KI270588v1	6158	24	0
chrUn_KI270593v1	3041	10	0
chrUn_KI270591v1	5796	69	1
chrUn_KI270330v1	1652	46	0
chrUn_KI270329v1	1040	5	0
chrUn_KI270334v1	1368	6	0
chrUn_KI270333v1	2699	96	0
chrUn_KI270335v1	1048	0	0
chrUn_KI270338v1	1428	0	0
chrUn_KI270340v1	1428	6	0
chrUn_KI270336v1	1026	38	0
chrUn_KI270337v1	1121	111	0
chrUn_KI270363v1	1803	0	0
chrUn_KI270364v1	2855	5	0
chrUn_KI270362v1	3530	2	0
chrUn_KI270366v1	8320	8	0
chrUn_KI270378v1	1048	0	0
chrUn_KI270379v1	1045	0	0
chrUn_KI270389v1	1298	0	0
chrUn_KI270390v1	2387	0	0
chrUn_KI270387v1	1537	3	0
chrUn_KI270395v1	1143	4	0
chrUn_KI270396v1	1880	5	0
chrUn_KI270388v1	1216	0	0
chrUn_KI270394v1	970	4	0
chrUn_KI270386v1	1788	1	0
chrUn_KI270391v1	1484	1	0
chrUn_KI270383v1	1750	0	0
chrUn_KI270393v1	1308	5	0
chrUn_KI270384v1	1658	0	0
chrUn_KI270392v1	971	0	0
chrUn_KI270381v1	1930	0	0
chrUn_KI270385v1	990	0	0
chrUn_KI270382v1	4215	2	0
chrUn_KI270376v1	1136	1	0
chrUn_KI270374v1	2656	0	0
chrUn_KI270372v1	1650	2	0
chrUn_KI270373v1	1451	1	0
chrUn_KI270375v1	2378	2	0
chrUn_KI270371v1	2805	4	0
chrUn_KI270448v1	7992	33	0
chrUn_KI270521v1	7642	8	0
chrUn_GL000195v1	182896	1620	1
chrUn_GL000219v1	179198	6847	1
chrUn_GL000220v1	161802	7209	3
chrUn_GL000224v1	179693	1792	0
chrUn_KI270741v1	157432	345	0
chrUn_GL000226v1	15008	65	0
chrUn_GL000213v1	164239	8387	0
chrUn_KI270743v1	210658	887	0
chrUn_KI270744v1	168472	21425	2
chrUn_KI270745v1	41891	340	0
chrUn_KI270746v1	66486	15377	2
chrUn_KI270747v1	198735	170	0
chrUn_KI270748v1	93321	507	1
chrUn_KI270749v1	158759	2004	0
chrUn_KI270750v1	148850	10169	0
chrUn_KI270751v1	150742	8507	0
chrUn_KI270752v1	27745	0	0
chrUn_KI270753v1	62944	482	0
chrUn_KI270754v1	40191	328	0
chrUn_KI270755v1	36723	37	0
chrUn_KI270756v1	79590	198	0
chrUn_KI270757v1	71251	265	1
chrUn_GL000214v1	137718	9636	0
chrUn_KI270742v1	186739	24687	0
chrUn_GL000216v2	176608	4627	5
chrUn_GL000218v1	161147	3691	0
chrX	156040895	3083902	137
chrY	57227415	528597	70
chrY_KI270740v1_random	37240	23	0
*	0	0	7316
