chr1	248956422	6405664	159
chr10	133797422	2776961	73
chr11	135086622	3135947	124
chr11_KI270721v1_random	100316	262	0
chr12	133275309	3332307	102
chr13	114364328	1344215	49
chr14	107043718	1983667	49
chr14_GL000009v2_random	201709	4419	0
chr14_GL000225v1_random	211173	2868	4
chr14_KI270722v1_random	194050	4561	0
chr14_GL000194v1_random	191469	4970	0
chr14_KI270723v1_random	38115	1181	0
chr14_KI270724v1_random	39555	1561	0
chr14_KI270725v1_random	172810	2606	0
chr14_KI270726v1_random	43739	183	0
chr15	101991189	2253829	59
chr15_KI270727v1_random	448248	10481	2
chr16	90338345	2244304	47
chr16_KI270728v1_random	1872759	39745	1
chr17	83257441	3061070	74
chr17_GL000205v2_random	185591	4812	0
chr17_KI270729v1_random	280839	1915	1
chr17_KI270730v1_random	112551	529	1
chr18	80373285	1077140	30
chr19	58617616	2733428	531
chr1_KI270706v1_random	175055	3682	0
chr1_KI270707v1_random	32032	23	0
chr1_KI270708v1_random	127682	1844	0
chr1_KI270709v1_random	66860	1355	0
chr1_KI270710v1_random	40176	62	0
chr1_KI270711v1_random	42210	30897	0
chr1_KI270712v1_random	176043	2673	0
chr1_KI270713v1_random	40745	3376	0
chr1_KI270714v1_random	41717	1277	0
chr2	242193529	5314796	166
chr20	64444167	1323480	34
chr21	46709983	676144	16
chr22	50818468	1075583	39
chr22_KI270731v1_random	150754	3411	0
chr22_KI270732v1_random	41543	723	0
chr22_KI270733v1_random	179772	7757	0
chr22_KI270734v1_random	165050	4599	0
chr22_KI270735v1_random	42811	334	0
chr22_KI270736v1_random	181920	874	8
chr22_KI270737v1_random	103838	318	0
chr22_KI270738v1_random	99375	96	0
chr22_KI270739v1_random	73985	31	0
chr2_KI270715v1_random	161471	93	0
chr2_KI270716v1_random	153799	148	0
chr3	198295559	3728403	79
chr3_GL000221v1_random	155397	4294	0
chr4	190214555	2765303	78
chr4_GL000008v2_random	209709	3183	1
chr5	181538259	2925513	94
chr5_GL000208v1_random	92689	98	0
chr6	170805979	2916178	60
chr7	159345973	3246592	83
chr8	145138636	2139299	60
chr9	138394717	2633753	48
chr9_KI270717v1_random	40062	631	0
chr9_KI270718v1_random	38054	1133	0
chr9_KI270719v1_random	176845	2535	0
chr9_KI270720v1_random	39050	1621	0
chr1_KI270762v1_alt	354444	5585	2
chr1_KI270766v1_alt	256271	20119	0
chr1_KI270760v1_alt	109528	71	0
chr1_KI270765v1_alt	185285	1758	0
chr1_GL383518v1_alt	182439	6827	2
chr1_GL383519v1_alt	110268	7723	0
chr1_GL383520v2_alt	366580	2926	0
chr1_KI270764v1_alt	50258	31	0
chr1_KI270763v1_alt	911658	10148	0
chr1_KI270759v1_alt	425601	1926	0
chr1_KI270761v1_alt	165834	3708	2
chr2_KI270770v1_alt	136240	67	0
chr2_KI270773v1_alt	70887	730	0
chr2_KI270774v1_alt	223625	4298	0
chr2_KI270769v1_alt	120616	1271	0
chr2_GL383521v1_alt	143390	89	0
chr2_KI270772v1_alt	133041	1180	0
chr2_KI270775v1_alt	138019	76	0
chr2_KI270771v1_alt	110395	47	0
chr2_KI270768v1_alt	110099	1594	0
chr2_GL582966v2_alt	96131	2748	0
chr2_GL383522v1_alt	123821	5267	0
chr2_KI270776v1_alt	174166	904	0
chr2_KI270767v1_alt	161578	311	0
chr3_JH636055v2_alt	173151	3345	0
chr3_KI270783v1_alt	109187	51	0
chr3_KI270780v1_alt	224108	2554	0
chr3_GL383526v1_alt	180671	1438	0
chr3_KI270777v1_alt	173649	3255	0
chr3_KI270778v1_alt	248252	103	0
chr3_KI270781v1_alt	113034	65	0
chr3_KI270779v1_alt	205312	7306	0
chr3_KI270782v1_alt	162429	696	0
chr3_KI270784v1_alt	184404	3710	0
chr4_KI270790v1_alt	220246	237	0
chr4_GL383528v1_alt	376187	153	0
chr4_KI270787v1_alt	111943	55	0
chr4_GL000257v2_alt	586476	14740	0
chr4_KI270788v1_alt	158965	50	0
chr4_GL383527v1_alt	164536	3802	0
chr4_KI270785v1_alt	119912	66	0
chr4_KI270789v1_alt	205944	657	0
chr4_KI270786v1_alt	244096	79	0
chr5_KI270793v1_alt	126136	527	0
chr5_KI270792v1_alt	179043	1577	0
chr5_KI270791v1_alt	195710	3566	2
chr5_GL383532v1_alt	82728	17	0
chr5_GL949742v1_alt	226852	158	0
chr5_KI270794v1_alt	164558	1023	0
chr5_GL339449v2_alt	1612928	38462	1
chr5_GL383530v1_alt	101241	52	0
chr5_KI270796v1_alt	172708	80	0
chr5_GL383531v1_alt	173459	62	0
chr5_KI270795v1_alt	131892	1449	0
chr6_GL000250v2_alt	4672374	7585	0
chr6_KI270800v1_alt	175808	927	0
chr6_KI270799v1_alt	152148	59	0
chr6_GL383533v1_alt	124736	712	0
chr6_KI270801v1_alt	870480	6791	0
chr6_KI270802v1_alt	75005	109	0
chr6_KB021644v2_alt	185823	88	0
chr6_KI270797v1_alt	197536	3950	0
chr6_KI270798v1_alt	271782	3361	0
chr7_KI270804v1_alt	157952	141	0
chr7_KI270809v1_alt	209586	6405	0
chr7_KI270806v1_alt	158166	2891	0
chr7_GL383534v2_alt	119183	4299	0
chr7_KI270803v1_alt	1111570	36282	2
chr7_KI270808v1_alt	271455	714	0
chr7_KI270807v1_alt	126434	101	1
chr7_KI270805v1_alt	209988	210	0
chr8_KI270818v1_alt	145606	105	0
chr8_KI270812v1_alt	282736	179	0
chr8_KI270811v1_alt	292436	189	0
chr8_KI270821v1_alt	985506	8560	0
chr8_KI270813v1_alt	300230	14700	0
chr8_KI270822v1_alt	624492	12181	0
chr8_KI270814v1_alt	141812	293	0
chr8_KI270810v1_alt	374415	176	0
chr8_KI270819v1_alt	133535	1365	0
chr8_KI270820v1_alt	36640	197	0
chr8_KI270817v1_alt	158983	992	0
chr8_KI270816v1_alt	305841	7186	1
chr8_KI270815v1_alt	132244	1085	0
chr9_GL383539v1_alt	162988	817	0
chr9_GL383540v1_alt	71551	1429	0
chr9_GL383541v1_alt	171286	1848	0
chr9_GL383542v1_alt	60032	913	0
chr9_KI270823v1_alt	439082	2183	0
chr10_GL383545v1_alt	179254	2128	0
chr10_KI270824v1_alt	181496	1381	0
chr10_GL383546v1_alt	309802	3175	0
chr10_KI270825v1_alt	188315	3048	1
chr11_KI270832v1_alt	210133	8637	1
chr11_KI270830v1_alt	177092	1406	0
chr11_KI270831v1_alt	296895	6589	0
chr11_KI270829v1_alt	204059	2144	0
chr11_GL383547v1_alt	154407	61	0
chr11_JH159136v1_alt	200998	5751	0
chr11_JH159137v1_alt	191409	2468	0
chr11_KI270827v1_alt	67707	71	0
chr11_KI270826v1_alt	186169	122	0
chr12_GL877875v1_alt	167313	1781	0
chr12_GL877876v1_alt	408271	8499	0
chr12_KI270837v1_alt	40090	4276	0
chr12_GL383549v1_alt	120804	74	0
chr12_KI270835v1_alt	238139	7515	1
chr12_GL383550v2_alt	169178	1820	0
chr12_GL383552v1_alt	138655	632	0
chr12_GL383553v2_alt	152874	2256	0
chr12_KI270834v1_alt	119498	7674	0
chr12_GL383551v1_alt	184319	85	0
chr12_KI270833v1_alt	76061	3426	0
chr12_KI270836v1_alt	56134	142	0
chr13_KI270840v1_alt	191684	3447	0
chr13_KI270839v1_alt	180306	749	0
chr13_KI270843v1_alt	103832	35	0
chr13_KI270841v1_alt	169134	57	0
chr13_KI270838v1_alt	306913	1823	0
chr13_KI270842v1_alt	37287	309	0
chr14_KI270844v1_alt	322166	6996	0
chr14_KI270847v1_alt	1511111	28181	0
chr14_KI270845v1_alt	180703	681	0
chr14_KI270846v1_alt	1351393	32825	1
chr15_KI270852v1_alt	478999	11003	0
chr15_KI270851v1_alt	263054	19227	1
chr15_KI270848v1_alt	327382	10449	0
chr15_GL383554v1_alt	296527	9263	0
chr15_KI270849v1_alt	244917	4037	0
chr15_GL383555v2_alt	388773	1458	1
chr15_KI270850v1_alt	430880	14968	0
chr16_KI270854v1_alt	134193	1733	0
chr16_KI270856v1_alt	63982	186	0
chr16_KI270855v1_alt	232857	4615	0
chr16_KI270853v1_alt	2659700	88425	4
chr16_GL383556v1_alt	192462	3951	0
chr16_GL383557v1_alt	89672	1992	0
chr17_GL383563v3_alt	375691	1598	0
chr17_KI270862v1_alt	391357	4075	0
chr17_KI270861v1_alt	196688	9535	1
chr17_KI270857v1_alt	2877074	101273	3
chr17_JH159146v1_alt	278131	8636	2
chr17_JH159147v1_alt	70345	2202	0
chr17_GL383564v2_alt	133151	6836	0
chr17_GL000258v2_alt	1821992	15618	0
chr17_GL383565v1_alt	223995	120	0
chr17_KI270858v1_alt	235827	227	0
chr17_KI270859v1_alt	108763	120	0
chr17_GL383566v1_alt	90219	87	0
chr17_KI270860v1_alt	178921	2153	0
chr18_KI270864v1_alt	111737	52	0
chr18_GL383567v1_alt	289831	1169	0
chr18_GL383570v1_alt	164789	97	0
chr18_GL383571v1_alt	198278	1344	0
chr18_GL383568v1_alt	104552	47	0
chr18_GL383569v1_alt	167950	69	0
chr18_GL383572v1_alt	159547	312	0
chr18_KI270863v1_alt	167999	1056	0
chr19_KI270868v1_alt	61734	909	0
chr19_KI270865v1_alt	52969	1273	0
chr19_GL383573v1_alt	385657	4616	0
chr19_GL383575v2_alt	170222	3269	1
chr19_GL383576v1_alt	188024	2785	0
chr19_GL383574v1_alt	155864	1901	0
chr19_KI270866v1_alt	43156	1526	0
chr19_KI270867v1_alt	233762	3872	0
chr19_GL949746v1_alt	987716	17441	0
chr20_GL383577v2_alt	128386	111	0
chr20_KI270869v1_alt	118774	2136	0
chr20_KI270871v1_alt	58661	910	0
chr20_KI270870v1_alt	183433	3383	1
chr21_GL383578v2_alt	63917	49	0
chr21_KI270874v1_alt	166743	81	0
chr21_KI270873v1_alt	143900	536	0
chr21_GL383579v2_alt	201197	148	0
chr21_GL383580v2_alt	74653	669	0
chr21_GL383581v2_alt	116689	3877	0
chr21_KI270872v1_alt	82692	1767	0
chr22_KI270875v1_alt	259914	4497	0
chr22_KI270878v1_alt	186262	1061	0
chr22_KI270879v1_alt	304135	7993	0
chr22_KI270876v1_alt	263666	2978	0
chr22_KI270877v1_alt	101331	1066	0
chr22_GL383583v2_alt	96924	1202	0
chr22_GL383582v2_alt	162811	3288	0
chrX_KI270880v1_alt	284869	891	2
chrX_KI270881v1_alt	144206	1280	0
chr19_KI270882v1_alt	248807	1821	0
chr19_KI270883v1_alt	170399	2517	0
chr19_KI270884v1_alt	157053	4518	0
chr19_KI270885v1_alt	171027	2730	0
chr19_KI270886v1_alt	204239	4495	0
chr19_KI270887v1_alt	209512	2139	0
chr19_KI270888v1_alt	155532	2445	0
chr19_KI270889v1_alt	170698	2619	0
chr19_KI270890v1_alt	184499	1679	0
chr19_KI270891v1_alt	170680	2947	0
chr1_KI270892v1_alt	162212	3750	0
chr2_KI270894v1_alt	214158	3175	1
chr2_KI270893v1_alt	161218	278	0
chr3_KI270895v1_alt	162896	3276	0
chr4_KI270896v1_alt	378547	5196	0
chr5_KI270897v1_alt	1144418	23586	1
chr5_KI270898v1_alt	130957	1518	0
chr6_GL000251v2_alt	4795265	31983	0
chr7_KI270899v1_alt	190869	2033	0
chr8_KI270901v1_alt	136959	76	0
chr8_KI270900v1_alt	318687	910	0
chr11_KI270902v1_alt	106711	25213	2
chr11_KI270903v1_alt	214625	2571	0
chr12_KI270904v1_alt	572349	11511	0
chr15_KI270906v1_alt	196384	5507	0
chr15_KI270905v1_alt	5161414	83518	1
chr17_KI270907v1_alt	137721	251	0
chr17_KI270910v1_alt	157099	2379	0
chr17_KI270909v1_alt	325800	22874	0
chr17_JH159148v1_alt	88070	2018	0
chr17_KI270908v1_alt	1423190	25257	0
chr18_KI270912v1_alt	174061	66	0
chr18_KI270911v1_alt	157710	261	0
chr19_GL949747v2_alt	729520	7271	0
chr22_KB663609v1_alt	74013	1330	0
chrX_KI270913v1_alt	274009	1149	0
chr19_KI270914v1_alt	205194	2097	1
chr19_KI270915v1_alt	170665	2897	0
chr19_KI270916v1_alt	184516	1657	0
chr19_KI270917v1_alt	190932	2910	0
chr19_KI270918v1_alt	123111	1792	0
chr19_KI270919v1_alt	170701	2331	0
chr19_KI270920v1_alt	198005	2670	0
chr19_KI270921v1_alt	282224	1917	0
chr19_KI270922v1_alt	187935	2868	0
chr19_KI270923v1_alt	189352	2273	0
chr3_KI270924v1_alt	166540	3450	0
chr4_KI270925v1_alt	555799	963	0
chr6_GL000252v2_alt	4604811	25064	0
chr8_KI270926v1_alt	229282	968	0
chr11_KI270927v1_alt	218612	16815	2
chr19_GL949748v2_alt	1064304	3864	1
chr22_KI270928v1_alt	176103	3698	0
chr19_KI270929v1_alt	186203	2315	0
chr19_KI270930v1_alt	200773	2339	0
chr19_KI270931v1_alt	170148	3765	0
chr19_KI270932v1_alt	215732	1900	0
chr19_KI270933v1_alt	170537	2054	0
chr19_GL000209v2_alt	177381	1663	0
chr3_KI270934v1_alt	163458	3217	0
chr6_GL000253v2_alt	4677643	14362	0
chr19_GL949749v2_alt	1091841	3696	0
chr3_KI270935v1_alt	197351	8012	1
chr6_GL000254v2_alt	4827813	20477	0
chr19_GL949750v2_alt	1066390	3508	0
chr3_KI270936v1_alt	164170	3171	0
chr6_GL000255v2_alt	4606388	24834	1
chr19_GL949751v2_alt	1002683	4065	0
chr3_KI270937v1_alt	165607	3077	1
chr6_GL000256v2_alt	4929269	22247	1
chr19_GL949752v1_alt	987100	18336	0
chr6_KI270758v1_alt	76752	61	0
chr19_GL949753v2_alt	796479	10643	0
chr19_KI270938v1_alt	1066800	20819	0
chrM	16569	18878	3
chrUn_KI270302v1	2274	2	0
chrUn_KI270304v1	2165	4	0
chrUn_KI270303v1	1942	5	0
chrUn_KI270305v1	1472	1	0
chrUn_KI270322v1	21476	3	0
chrUn_KI270320v1	4416	7	0
chrUn_KI270310v1	1201	11	0
chrUn_KI270316v1	1444	3	0
chrUn_KI270315v1	2276	2	0
chrUn_KI270312v1	998	0	0
chrUn_KI270311v1	12399	5	0
chrUn_KI270317v1	37690	1	0
chrUn_KI270412v1	1179	0	0
chrUn_KI270411v1	2646	3	0
chrUn_KI270414v1	2489	2	0
chrUn_KI270419v1	1029	0	0
chrUn_KI270418v1	2145	0	0
chrUn_KI270420v1	2321	1	0
chrUn_KI270424v1	2140	0	0
chrUn_KI270417v1	2043	2	0
chrUn_KI270422v1	1445	0	0
chrUn_KI270423v1	981	0	0
chrUn_KI270425v1	1884	0	0
chrUn_KI270429v1	1361	3	0
chrUn_KI270442v1	392061	4990	2
chrUn_KI270466v1	1233	126	0
chrUn_KI270465v1	1774	23	0
chrUn_KI270467v1	3920	436	0
chrUn_KI270435v1	92983	153	1
chrUn_KI270438v1	112505	3254	1
chrUn_KI270468v1	4055	1	0
chrUn_KI270510v1	2415	7	0
chrUn_KI270509v1	2318	4	0
chrUn_KI270518v1	2186	6	0
chrUn_KI270508v1	1951	3	0
chrUn_KI270516v1	1300	4	0
chrUn_KI270512v1	22689	31	1
chrUn_KI270519v1	138126	236	0
chrUn_KI270522v1	5674	5	0
chrUn_KI270511v1	8127	5	0
chrUn_KI270515v1	6361	18	0
chrUn_KI270507v1	5353	11	0
chrUn_KI270517v1	3253	13	0
chrUn_KI270529v1	1899	6	0
chrUn_KI270528v1	2983	0	0
chrUn_KI270530v1	2168	0	0
chrUn_KI270539v1	993	2	0
chrUn_KI270538v1	91309	165	0
chrUn_KI270544v1	1202	1	0
chrUn_KI270548v1	1599	0	0
chrUn_KI270583v1	1400	1	0
chrUn_KI270587v1	2969	20	0
chrUn_KI270580v1	1553	8	0
chrUn_KI270581v1	7046	6	0
chrUn_KI270579v1	31033	35	0
chrUn_KI270589v1	44474	88	0
chrUn_KI270590v1	4685	14	0
chrUn_KI270584v1	4513	8	0
chrUn_KI270582v1	6504	17	0
chrUn_KI270588v1	6158	4	0
chrUn_KI270593v1	3041	1	0
chrUn_KI270591v1	5796	35	0
chrUn_KI270330v1	1652	38	0
chrUn_KI270329v1	1040	0	0
chrUn_KI270334v1	1368	3	0
chrUn_KI270333v1	2699	117	0
chrUn_KI270335v1	1048	0	0
chrUn_KI270338v1	1428	0	0
chrUn_KI270340v1	1428	18	0
chrUn_KI270336v1	1026	42	0
chrUn_KI270337v1	1121	93	0
chrUn_KI270363v1	1803	0	0
chrUn_KI270364v1	2855	0	0
chrUn_KI270362v1	3530	0	0
chrUn_KI270366v1	8320	6	0
chrUn_KI270378v1	1048	0	0
chrUn_KI270379v1	1045	0	0
chrUn_KI270389v1	1298	0	0
chrUn_KI270390v1	2387	0	0
chrUn_KI270387v1	1537	2	0
chrUn_KI270395v1	1143	7	0
chrUn_KI270396v1	1880	0	0
chrUn_KI270388v1	1216	0	0
chrUn_KI270394v1	970	0	0
chrUn_KI270386v1	1788	2	0
chrUn_KI270391v1	1484	0	0
chrUn_KI270383v1	1750	1	0
chrUn_KI270393v1	1308	0	0
chrUn_KI270384v1	1658	3	0
chrUn_KI270392v1	971	0	0
chrUn_KI270381v1	1930	0	0
chrUn_KI270385v1	990	1	0
chrUn_KI270382v1	4215	0	0
chrUn_KI270376v1	1136	0	0
chrUn_KI270374v1	2656	0	0
chrUn_KI270372v1	1650	3	0
chrUn_KI270373v1	1451	0	0
chrUn_KI270375v1	2378	2	0
chrUn_KI270371v1	2805	2	0
chrUn_KI270448v1	7992	16	0
chrUn_KI270521v1	7642	5	0
chrUn_GL000195v1	182896	947	0
chrUn_GL000219v1	179198	3273	0
chrUn_GL000220v1	161802	6189	0
chrUn_GL000224v1	179693	2858	0
chrUn_KI270741v1	157432	180	0
chrUn_GL000226v1	15008	109	0
chrUn_GL000213v1	164239	8630	0
chrUn_KI270743v1	210658	678	0
chrUn_KI270744v1	168472	10323	0
chrUn_KI270745v1	41891	82	0
chrUn_KI270746v1	66486	16465	0
chrUn_KI270747v1	198735	868	0
chrUn_KI270748v1	93321	154	0
chrUn_KI270749v1	158759	1423	0
chrUn_KI270750v1	148850	2261	0
chrUn_KI270751v1	150742	2134	0
chrUn_KI270752v1	27745	1	0
chrUn_KI270753v1	62944	55	0
chrUn_KI270754v1	40191	148	0
chrUn_KI270755v1	36723	16	0
chrUn_KI270756v1	79590	122	1
chrUn_KI270757v1	71251	192	0
chrUn_GL000214v1	137718	2417	0
chrUn_KI270742v1	186739	4375	0
chrUn_GL000216v2	176608	1943	3
chrUn_GL000218v1	161147	4063	0
chrX	156040895	3051730	78
chrY	57227415	52160	17
chrY_KI270740v1_random	37240	0	0
*	0	0	18490
