Sample	00-10%	10-20%	20-30%	30-40%	40-50%	50-60%	60-70%	70-80%	80-90%	90-100%
ACB_CALU	0.0	0.0	10.0	1.0	0.0	0.0	0.0	0.0	0.0	0.0
ACB_CYP2C9	0.0	0.0	11.0	5.0	5.0	11.0	1.0	0.0	16.0	3.0
ACB_CYP2D6	32.0	1.0	0.0	0.0	0.0	0.0	0.0	0.0	0.0	0.0
ACB_CYP4F2	20.0	44.0	18.0	16.0	10.0	6.0	15.0	4.0	20.0	46.0
ACB_DRD2	15.0	2.0	8.0	1.0	0.0	0.0	17.0	8.0	0.0	0.0
ACB_GGCX	9.0	14.0	6.0	13.0	15.0	23.0	4.0	19.0	5.0	6.0
ACB_OPRM1	18.0	5.0	3.0	2.0	9.0	0.0	0.0	14.0	4.0	14.0
ACB_UGT2B7	0.0	2.0	9.0	2.0	9.0	8.0	13.0	9.0	2.0	9.0
ACB_VKORC1	0.0	1.0	0.0	1.0	0.0	0.0	2.0	2.0	0.0	5.0
AFR_CALU	50.0	22.0	12.0	1.0	0.0	0.0	0.0	1.0	20.0	4.0
AFR_CYP2C9	0.0	0.0	29.0	19.0	7.0	25.0	21.0	30.0	16.0	5.0
AFR_CYP2D6	32.0	1.0	32.0	0.0	1.0	0.0	0.0	0.0	0.0	0.0
AFR_CYP4F2	20.0	47.0	32.0	29.0	11.0	6.0	16.0	6.0	37.0	64.0
AFR_DRD2	15.0	2.0	8.0	1.0	0.0	0.0	17.0	16.0	0.0	0.0
AFR_GGCX	10.0	14.0	14.0	19.0	18.0	23.0	9.0	32.0	5.0	7.0
AFR_OPRM1	56.0	27.0	11.0	30.0	29.0	23.0	31.0	16.0	4.0	18.0
AFR_UGT2B7	1.0	15.0	12.0	7.0	20.0	11.0	19.0	17.0	4.0	9.0
AFR_VKORC1	0.0	2.0	4.0	2.0	2.0	0.0	3.0	2.0	0.0	5.0
ASW_CALU	26.0	22.0	12.0	1.0	0.0	0.0	0.0	0.0	0.0	0.0
ASW_CYP2C9	0.0	0.0	4.0	12.0	1.0	1.0	0.0	0.0	14.0	4.0
ASW_CYP2D6	32.0	1.0	0.0	0.0	0.0	0.0	0.0	0.0	0.0	0.0
ASW_CYP4F2	20.0	44.0	15.0	16.0	2.0	3.0	15.0	4.0	20.0	46.0
ASW_DRD2	15.0	2.0	1.0	0.0	0.0	0.0	9.0	15.0	0.0	0.0
ASW_GGCX	2.0	3.0	3.0	10.0	12.0	10.0	2.0	1.0	1.0	2.0
ASW_OPRM1	33.0	7.0	6.0	5.0	12.0	3.0	0.0	14.0	3.0	5.0
ASW_UGT2B7	0.0	9.0	5.0	0.0	14.0	8.0	14.0	10.0	2.0	9.0
ASW_VKORC1	0.0	0.0	0.0	1.0	0.0	0.0	1.0	2.0	0.0	5.0
BEB_CALU	24.0	0.0	10.0	1.0	0.0	0.0	0.0	0.0	0.0	0.0
BEB_CYP2C9	0.0	0.0	0.0	0.0	0.0	0.0	2.0	14.0	0.0	17.0
BEB_CYP4F2	19.0	30.0	0.0	1.0	0.0	1.0	1.0	2.0	19.0	13.0
BEB_DRD2	0.0	0.0	0.0	0.0	0.0	0.0	1.0	15.0	0.0	0.0
BEB_GGCX	2.0	3.0	3.0	10.0	12.0	10.0	2.0	1.0	1.0	2.0
BEB_OPRM1	21.0	4.0	4.0	0.0	1.0	1.0	0.0	0.0	0.0	4.0
BEB_UGT2B7	0.0	3.0	2.0	0.0	14.0	3.0	13.0	4.0	1.0	2.0
CDX_CALU	24.0	0.0	10.0	1.0	0.0	0.0	0.0	0.0	0.0	0.0
CDX_DRD2	0.0	0.0	0.0	0.0	0.0	0.0	1.0	7.0	0.0	0.0
CDX_GGCX	2.0	3.0	5.0	13.0	14.0	23.0	2.0	1.0	2.0	4.0
CDX_OPRM1	15.0	6.0	16.0	11.0	2.0	1.0	6.0	11.0	0.0	4.0
CDX_UGT2B7	0.0	8.0	8.0	2.0	8.0	3.0	6.0	3.0	1.0	1.0
CEU_CALU	24.0	0.0	10.0	1.0	0.0	0.0	0.0	0.0	0.0	0.0
CEU_CYP2C9	0.0	0.0	9.0	5.0	1.0	1.0	2.0	14.0	1.0	17.0
CEU_CYP4F2	38.0	30.0	0.0	1.0	0.0	1.0	1.0	2.0	20.0	46.0
CEU_DRD2	0.0	0.0	0.0	8.0	0.0	0.0	2.0	23.0	0.0	0.0
CEU_GGCX	2.0	3.0	5.0	13.0	14.0	23.0	2.0	1.0	2.0	4.0
CEU_OPRM1	13.0	0.0	1.0	0.0	1.0	0.0	0.0	0.0	0.0	5.0
CEU_UGT2B7	0.0	2.0	7.0	2.0	8.0	3.0	6.0	3.0	1.0	1.0
CHB_CALU	24.0	0.0	0.0	0.0	0.0	0.0	0.0	0.0	0.0	0.0
CHB_CYP2C9	0.0	0.0	0.0	0.0	0.0	0.0	2.0	14.0	0.0	17.0
CHB_CYP4F2	15.0	3.0	0.0	1.0	1.0	3.0	13.0	3.0	20.0	29.0
CHB_DRD2	0.0	0.0	0.0	0.0	0.0	0.0	1.0	7.0	0.0	0.0
CHB_GGCX	2.0	3.0	3.0	10.0	12.0	10.0	2.0	1.0	1.0	2.0
CHB_OPRM1	7.0	7.0	4.0	11.0	4.0	6.0	10.0	1.0	10.0	12.0
CHB_UGT2B7	0.0	3.0	3.0	0.0	11.0	5.0	6.0	4.0	2.0	1.0
CHB_VKORC1	0.0	0.0	1.0	0.0	0.0	0.0	0.0	0.0	0.0	0.0
CHS_CALU	0.0	0.0	10.0	1.0	0.0	0.0	0.0	0.0	0.0	0.0
CHS_CYP4F2	20.0	30.0	0.0	1.0	1.0	3.0	14.0	3.0	19.0	13.0
CHS_DRD2	0.0	0.0	0.0	0.0	0.0	0.0	1.0	7.0	0.0	0.0
CHS_GGCX	2.0	3.0	3.0	10.0	12.0	10.0	2.0	1.0	1.0	2.0
CHS_OPRM1	0.0	0.0	0.0	0.0	4.0	12.0	2.0	0.0	0.0	3.0
CHS_UGT2B7	0.0	2.0	2.0	0.0	8.0	3.0	6.0	3.0	1.0	1.0
EAS_CALU	24.0	0.0	20.0	2.0	0.0	0.0	0.0	0.0	1.0	24.0
EAS_CYP2C9	15.0	3.0	1.0	0.0	0.0	0.0	2.0	14.0	0.0	17.0
EAS_CYP4F2	34.0	33.0	0.0	2.0	1.0	4.0	14.0	3.0	20.0	29.0
EAS_DRD2	0.0	0.0	0.0	0.0	0.0	0.0	1.0	7.0	0.0	0.0
EAS_GGCX	2.0	3.0	5.0	13.0	14.0	23.0	2.0	1.0	2.0	4.0
EAS_OPRM1	15.0	9.0	17.0	22.0	10.0	18.0	18.0	12.0	10.0	13.0
EAS_UGT2B7	5.0	12.0	9.0	2.0	11.0	5.0	6.0	4.0	2.0	1.0
EAS_VKORC1	0.0	0.0	1.0	0.0	0.0	0.0	0.0	0.0	0.0	0.0
ESN_CALU	24.0	0.0	10.0	1.0	0.0	0.0	0.0	0.0	0.0	0.0
ESN_CYP2C9	0.0	0.0	4.0	12.0	6.0	23.0	4.0	15.0	15.0	5.0
ESN_CYP2D6	0.0	0.0	32.0	0.0	1.0	0.0	0.0	0.0	0.0	0.0
ESN_CYP4F2	20.0	44.0	15.0	14.0	2.0	3.0	15.0	2.0	6.0	46.0
ESN_DRD2	0.0	0.0	0.0	0.0	0.0	0.0	17.0	15.0	0.0	0.0
ESN_GGCX	2.0	3.0	5.0	13.0	14.0	23.0	2.0	1.0	2.0	4.0
ESN_OPRM1	16.0	2.0	1.0	1.0	0.0	0.0	0.0	0.0	0.0	5.0
ESN_UGT2B7	0.0	3.0	4.0	0.0	14.0	8.0	14.0	10.0	2.0	3.0
ESN_VKORC1	0.0	0.0	0.0	1.0	0.0	0.0	1.0	2.0	0.0	5.0
EUR_CALU	24.0	0.0	10.0	1.0	0.0	0.0	0.0	0.0	0.0	0.0
EUR_CYP2C9	0.0	0.0	9.0	5.0	1.0	1.0	2.0	14.0	1.0	17.0
EUR_CYP2D6	0.0	0.0	2.0	18.0	0.0	0.0	0.0	0.0	0.0	0.0
EUR_CYP4F2	39.0	30.0	1.0	14.0	2.0	3.0	14.0	3.0	20.0	46.0
EUR_DRD2	0.0	0.0	0.0	15.0	1.0	0.0	2.0	31.0	0.0	1.0
EUR_GGCX	9.0	14.0	6.0	13.0	17.0	27.0	22.0	15.0	6.0	6.0
EUR_OPRM1	33.0	5.0	20.0	4.0	12.0	3.0	0.0	0.0	14.0	15.0
EUR_UGT2B7	0.0	3.0	9.0	2.0	15.0	10.0	18.0	10.0	3.0	4.0
EUR_VKORC1	11.0	1.0	0.0	0.0	0.0	0.0	0.0	0.0	0.0	0.0
FIN_CALU	0.0	0.0	10.0	1.0	0.0	0.0	0.0	0.0	0.0	0.0
FIN_CYP2C9	0.0	0.0	0.0	0.0	0.0	0.0	2.0	14.0	0.0	17.0
FIN_CYP4F2	20.0	30.0	1.0	14.0	2.0	3.0	14.0	3.0	19.0	13.0
FIN_DRD2	0.0	0.0	0.0	0.0	0.0	0.0	1.0	23.0	0.0	0.0
FIN_GGCX	2.0	3.0	5.0	13.0	16.0	27.0	16.0	1.0	2.0	4.0
FIN_OPRM1	7.0	4.0	18.0	3.0	11.0	3.0	0.0	0.0	1.0	10.0
FIN_UGT2B7	0.0	3.0	2.0	0.0	14.0	3.0	13.0	4.0	1.0	2.0
FIN_VKORC1	11.0	1.0	0.0	0.0	0.0	0.0	0.0	0.0	0.0	0.0
GBR_CALU	24.0	0.0	10.0	1.0	0.0	0.0	0.0	0.0	0.0	0.0
GBR_CYP2C9	0.0	0.0	0.0	0.0	0.0	0.0	2.0	14.0	0.0	17.0
GBR_CYP4F2	20.0	30.0	0.0	1.0	1.0	3.0	14.0	3.0	20.0	46.0
GBR_DRD2	0.0	0.0	0.0	8.0	0.0	0.0	1.0	16.0	0.0	0.0
GBR_GGCX	9.0	14.0	6.0	13.0	17.0	27.0	22.0	15.0	6.0	6.0
GBR_OPRM1	21.0	4.0	4.0	0.0	1.0	1.0	0.0	0.0	13.0	9.0
GBR_UGT2B7	0.0	2.0	7.0	2.0	9.0	5.0	10.0	3.0	2.0	2.0
GIH_CALU	24.0	0.0	0.0	0.0	0.0	0.0	0.0	0.0	0.0	0.0
GIH_CYP2C9	0.0	0.0	9.0	5.0	1.0	1.0	2.0	14.0	1.0	17.0
GIH_CYP4F2	20.0	30.0	0.0	1.0	1.0	3.0	14.0	3.0	19.0	13.0
GIH_DRD2	0.0	0.0	0.0	8.0	0.0	0.0	2.0	23.0	0.0	0.0
GIH_GGCX	0.0	0.0	2.0	3.0	2.0	13.0	0.0	0.0	1.0	2.0
GIH_OPRM1	7.0	4.0	3.0	0.0	0.0	1.0	0.0	0.0	0.0	3.0
GIH_UGT2B7	0.0	3.0	7.0	2.0	14.0	3.0	14.0	8.0	2.0	2.0
GWD_CALU	24.0	0.0	0.0	0.0	0.0	0.0	0.0	0.0	0.0	0.0
GWD_CYP2C9	0.0	0.0	2.0	0.0	0.0	1.0	16.0	15.0	14.0	3.0
GWD_CYP4F2	2.0	30.0	15.0	14.0	2.0	2.0	16.0	2.0	22.0	14.0
GWD_DRD2	0.0	0.0	0.0	0.0	0.0	0.0	1.0	7.0	0.0	0.0
GWD_GGCX	2.0	3.0	3.0	10.0	12.0	10.0	2.0	1.0	1.0	2.0
GWD_OPRM1	2.0	0.0	0.0	0.0	0.0	1.0	9.0	0.0	0.0	4.0
GWD_UGT2B7	1.0	9.0	9.0	7.0	20.0	4.0	14.0	5.0	1.0	2.0
GWD_VKORC1	0.0	0.0	0.0	1.0	1.0	0.0	1.0	2.0	0.0	5.0
IBS_CALU	24.0	0.0	10.0	1.0	0.0	0.0	0.0	0.0	0.0	0.0
IBS_CYP2C9	0.0	0.0	9.0	5.0	1.0	1.0	2.0	14.0	1.0	17.0
IBS_CYP4F2	20.0	30.0	0.0	1.0	1.0	3.0	14.0	3.0	20.0	29.0
IBS_DRD2	0.0	0.0	0.0	0.0	0.0	0.0	1.0	15.0	0.0	0.0
IBS_GGCX	2.0	3.0	5.0	13.0	14.0	23.0	2.0	1.0	2.0	4.0
IBS_OPRM1	8.0	4.0	3.0	0.0	0.0	1.0	0.0	0.0	0.0	4.0
IBS_UGT2B7	0.0	3.0	4.0	0.0	14.0	8.0	14.0	10.0	2.0	3.0
IBS_VKORC1	5.0	1.0	0.0	0.0	0.0	0.0	0.0	0.0	0.0	0.0
ITU_CALU	0.0	0.0	10.0	1.0	0.0	0.0	0.0	0.0	0.0	0.0
ITU_CYP4F2	1.0	0.0	0.0	0.0	1.0	2.0	13.0	3.0	14.0	0.0
ITU_DRD2	0.0	0.0	0.0	0.0	0.0	0.0	1.0	15.0	0.0	0.0
ITU_GGCX	0.0	0.0	2.0	3.0	2.0	13.0	0.0	0.0	1.0	2.0
ITU_OPRM1	7.0	4.0	3.0	0.0	0.0	1.0	0.0	0.0	0.0	3.0
ITU_UGT2B7	0.0	2.0	2.0	0.0	8.0	3.0	6.0	3.0	1.0	1.0
ITU_VKORC1	0.0	0.0	0.0	4.0	1.0	0.0	2.0	2.0	1.0	0.0
JPT_CALU	0.0	0.0	0.0	0.0	0.0	0.0	0.0	0.0	0.0	24.0
JPT_CYP4F2	0.0	0.0	0.0	0.0	0.0	0.0	0.0	2.0	14.0	0.0
JPT_DRD2	0.0	0.0	0.0	0.0	0.0	0.0	1.0	7.0	0.0	0.0
JPT_OPRM1	0.0	0.0	0.0	0.0	0.0	0.0	0.0	0.0	0.0	3.0
JPT_UGT2B7	5.0	3.0	0.0	0.0	1.0	0.0	6.0	0.0	0.0	1.0
KHV_CALU	24.0	0.0	10.0	1.0	0.0	0.0	0.0	0.0	1.0	0.0
KHV_CYP2C9	15.0	3.0	1.0	0.0	0.0	0.0	0.0	0.0	0.0	0.0
KHV_CYP4F2	1.0	0.0	0.0	0.0	1.0	2.0	13.0	1.0	6.0	29.0
KHV_DRD2	0.0	0.0	0.0	0.0	0.0	0.0	1.0	7.0	0.0	0.0
KHV_GGCX	2.0	3.0	1.0	6.0	8.0	0.0	2.0	1.0	0.0	0.0
KHV_OPRM1	7.0	4.0	3.0	0.0	0.0	1.0	0.0	0.0	0.0	4.0
KHV_UGT2B7	0.0	2.0	2.0	0.0	8.0	3.0	6.0	3.0	1.0	1.0
LWK_CALU	24.0	0.0	10.0	1.0	0.0	0.0	0.0	0.0	0.0	0.0
LWK_CYP2C9	0.0	0.0	4.0	12.0	5.0	11.0	1.0	0.0	1.0	1.0
LWK_CYP4F2	20.0	31.0	15.0	14.0	2.0	2.0	15.0	4.0	20.0	63.0
LWK_DRD2	7.0	1.0	1.0	0.0	0.0	0.0	1.0	7.0	0.0	0.0
LWK_GGCX	2.0	3.0	3.0	10.0	12.0	10.0	9.0	30.0	1.0	2.0
LWK_OPRM1	14.0	13.0	2.0	3.0	0.0	0.0	1.0	0.0	0.0	5.0
LWK_UGT2B7	0.0	3.0	9.0	2.0	14.0	8.0	14.0	10.0	2.0	3.0
LWK_VKORC1	0.0	0.0	0.0	1.0	0.0	0.0	1.0	2.0	0.0	5.0
MSL_CALU	24.0	0.0	10.0	1.0	0.0	0.0	0.0	1.0	20.0	4.0
MSL_CYP2C9	0.0	0.0	18.0	2.0	4.0	10.0	2.0	0.0	15.0	3.0
MSL_CYP4F2	20.0	44.0	14.0	1.0	1.0	3.0	15.0	4.0	20.0	46.0
MSL_DRD2	7.0	1.0	1.0	0.0	0.0	0.0	1.0	15.0	0.0	0.0
MSL_GGCX	3.0	3.0	13.0	19.0	17.0	23.0	2.0	1.0	3.0	5.0
MSL_OPRM1	12.0	4.0	2.0	0.0	5.0	14.0	10.0	0.0	0.0	3.0
MSL_UGT2B7	0.0	3.0	2.0	0.0	14.0	5.0	17.0	10.0	3.0	2.0
MSL_VKORC1	0.0	1.0	4.0	2.0	1.0	0.0	2.0	2.0	0.0	5.0
PJL_CALU	24.0	0.0	0.0	0.0	0.0	0.0	0.0	0.0	0.0	0.0
PJL_CYP2C9	0.0	0.0	0.0	0.0	0.0	0.0	2.0	14.0	0.0	17.0
PJL_CYP4F2	2.0	0.0	0.0	0.0	2.0	4.0	26.0	2.0	6.0	29.0
PJL_DRD2	0.0	0.0	0.0	8.0	0.0	0.0	2.0	23.0	0.0	0.0
PJL_GGCX	2.0	3.0	5.0	13.0	14.0	23.0	2.0	1.0	2.0	4.0
PJL_OPRM1	13.0	1.0	1.0	1.0	0.0	0.0	0.0	0.0	0.0	4.0
PJL_UGT2B7	0.0	2.0	7.0	2.0	8.0	3.0	6.0	3.0	1.0	1.0
PJL_VKORC1	0.0	0.0	0.0	5.0	0.0	1.0	0.0	0.0	0.0	0.0
SAS_CALU	24.0	0.0	10.0	1.0	0.0	0.0	0.0	0.0	0.0	0.0
SAS_CYP2C9	0.0	0.0	9.0	5.0	1.0	1.0	2.0	14.0	1.0	17.0
SAS_CYP4F2	21.0	30.0	0.0	1.0	2.0	5.0	27.0	4.0	20.0	29.0
SAS_DRD2	0.0	0.0	0.0	8.0	0.0	0.0	2.0	23.0	0.0	0.0
SAS_GGCX	2.0	3.0	5.0	13.0	14.0	23.0	2.0	1.0	2.0	4.0
SAS_OPRM1	33.0	5.0	5.0	1.0	1.0	1.0	0.0	0.0	0.0	5.0
SAS_UGT2B7	0.0	3.0	7.0	2.0	14.0	3.0	14.0	8.0	2.0	2.0
SAS_VKORC1	0.0	0.0	0.0	9.0	1.0	1.0	2.0	2.0	1.0	0.0
STU_CALU	24.0	0.0	0.0	0.0	0.0	0.0	0.0	0.0	0.0	0.0
STU_CYP4F2	0.0	0.0	0.0	0.0	0.0	0.0	0.0	2.0	14.0	0.0
STU_DRD2	0.0	0.0	0.0	0.0	0.0	0.0	1.0	15.0	0.0	0.0
STU_GGCX	0.0	0.0	2.0	3.0	2.0	13.0	0.0	0.0	1.0	2.0
STU_OPRM1	7.0	4.0	3.0	0.0	0.0	1.0	0.0	0.0	0.0	3.0
STU_UGT2B7	0.0	2.0	7.0	2.0	8.0	3.0	6.0	3.0	1.0	1.0
TSI_CALU	24.0	0.0	10.0	1.0	0.0	0.0	0.0	0.0	0.0	0.0
TSI_CYP2C9	0.0	0.0	0.0	0.0	0.0	0.0	2.0	14.0	0.0	17.0
TSI_CYP2D6	0.0	0.0	2.0	18.0	0.0	0.0	0.0	0.0	0.0	0.0
TSI_CYP4F2	1.0	0.0	1.0	13.0	2.0	2.0	13.0	3.0	20.0	46.0
TSI_DRD2	0.0	0.0	0.0	7.0	1.0	0.0	1.0	15.0	0.0	1.0
TSI_GGCX	2.0	3.0	5.0	13.0	16.0	27.0	16.0	1.0	2.0	4.0
TSI_OPRM1	19.0	5.0	4.0	1.0	0.0	1.0	0.0	0.0	0.0	4.0
TSI_UGT2B7	0.0	2.0	9.0	2.0	8.0	8.0	7.0	9.0	2.0	2.0
YRI_CALU	24.0	0.0	10.0	1.0	0.0	0.0	0.0	0.0	0.0	0.0
YRI_CYP2C9	0.0	0.0	4.0	12.0	5.0	11.0	1.0	0.0	15.0	4.0
YRI_CYP4F2	20.0	47.0	28.0	16.0	2.0	3.0	15.0	6.0	20.0	46.0
YRI_DRD2	15.0	2.0	1.0	0.0	0.0	0.0	1.0	15.0	0.0	0.0
YRI_GGCX	9.0	14.0	4.0	10.0	13.0	10.0	4.0	19.0	4.0	4.0
YRI_OPRM1	17.0	6.0	3.0	23.0	3.0	5.0	11.0	16.0	4.0	14.0
YRI_UGT2B7	0.0	2.0	7.0	2.0	9.0	4.0	14.0	6.0	2.0	8.0
YRI_VKORC1	0.0	0.0	0.0	1.0	0.0	0.0	1.0	2.0	0.0	5.0
