chr1	248956422	5181635	300
chr10	133797422	2137077	137
chr11	135086622	2407249	195
chr11_KI270721v1_random	100316	468	0
chr12	133275309	2456689	145
chr13	114364328	1062267	72
chr14	107043718	1512294	112
chr14_GL000009v2_random	201709	4913	0
chr14_GL000225v1_random	211173	11805	50
chr14_KI270722v1_random	194050	597	0
chr14_GL000194v1_random	191469	2132	0
chr14_KI270723v1_random	38115	1757	1
chr14_KI270724v1_random	39555	1414	4
chr14_KI270725v1_random	172810	2575	0
chr14_KI270726v1_random	43739	216	0
chr15	101991189	1700312	98
chr15_KI270727v1_random	448248	5905	0
chr16	90338345	1557310	116
chr16_KI270728v1_random	1872759	19100	1
chr17	83257441	2166054	137
chr17_GL000205v2_random	185591	3634	1
chr17_KI270729v1_random	280839	3152	7
chr17_KI270730v1_random	112551	1154	7
chr18	80373285	862529	60
chr19	58617616	1889362	515
chr1_KI270706v1_random	175055	4927	0
chr1_KI270707v1_random	32032	72	0
chr1_KI270708v1_random	127682	502	0
chr1_KI270709v1_random	66860	2404	0
chr1_KI270710v1_random	40176	144	0
chr1_KI270711v1_random	42210	43965	2
chr1_KI270712v1_random	176043	1697	0
chr1_KI270713v1_random	40745	1279	0
chr1_KI270714v1_random	41717	2026	1
chr2	242193529	3895482	248
chr20	64444167	976967	86
chr21	46709983	529714	65
chr22	50818468	726054	56
chr22_KI270731v1_random	150754	2862	1
chr22_KI270732v1_random	41543	1069	0
chr22_KI270733v1_random	179772	14151	1
chr22_KI270734v1_random	165050	2816	0
chr22_KI270735v1_random	42811	858	0
chr22_KI270736v1_random	181920	2618	22
chr22_KI270737v1_random	103838	356	0
chr22_KI270738v1_random	99375	255	0
chr22_KI270739v1_random	73985	79	0
chr2_KI270715v1_random	161471	153	0
chr2_KI270716v1_random	153799	141	0
chr3	198295559	2857157	220
chr3_GL000221v1_random	155397	6565	0
chr4	190214555	2291033	179
chr4_GL000008v2_random	209709	4859	1
chr5	181538259	2372838	174
chr5_GL000208v1_random	92689	187	0
chr6	170805979	2389387	161
chr7	159345973	2423035	394
chr8	145138636	1710031	137
chr9	138394717	2000662	137
chr9_KI270717v1_random	40062	1016	0
chr9_KI270718v1_random	38054	883	0
chr9_KI270719v1_random	176845	2232	0
chr9_KI270720v1_random	39050	1663	0
chr1_KI270762v1_alt	354444	2695	0
chr1_KI270766v1_alt	256271	25965	0
chr1_KI270760v1_alt	109528	318	0
chr1_KI270765v1_alt	185285	2194	0
chr1_GL383518v1_alt	182439	5624	0
chr1_GL383519v1_alt	110268	4819	0
chr1_GL383520v2_alt	366580	3032	0
chr1_KI270764v1_alt	50258	126	0
chr1_KI270763v1_alt	911658	6668	1
chr1_KI270759v1_alt	425601	1535	0
chr1_KI270761v1_alt	165834	3850	0
chr2_KI270770v1_alt	136240	238	0
chr2_KI270773v1_alt	70887	484	0
chr2_KI270774v1_alt	223625	1063	0
chr2_KI270769v1_alt	120616	1145	0
chr2_GL383521v1_alt	143390	209	0
chr2_KI270772v1_alt	133041	1318	0
chr2_KI270775v1_alt	138019	193	0
chr2_KI270771v1_alt	110395	136	0
chr2_KI270768v1_alt	110099	780	0
chr2_GL582966v2_alt	96131	1018	0
chr2_GL383522v1_alt	123821	3530	0
chr2_KI270776v1_alt	174166	662	1
chr2_KI270767v1_alt	161578	416	0
chr3_JH636055v2_alt	173151	2402	0
chr3_KI270783v1_alt	109187	120	0
chr3_KI270780v1_alt	224108	1162	0
chr3_GL383526v1_alt	180671	1195	0
chr3_KI270777v1_alt	173649	1446	0
chr3_KI270778v1_alt	248252	330	0
chr3_KI270781v1_alt	113034	275	0
chr3_KI270779v1_alt	205312	2374	0
chr3_KI270782v1_alt	162429	777	0
chr3_KI270784v1_alt	184404	1629	0
chr4_KI270790v1_alt	220246	396	0
chr4_GL383528v1_alt	376187	425	0
chr4_KI270787v1_alt	111943	147	0
chr4_GL000257v2_alt	586476	13306	0
chr4_KI270788v1_alt	158965	220	0
chr4_GL383527v1_alt	164536	2909	1
chr4_KI270785v1_alt	119912	186	0
chr4_KI270789v1_alt	205944	658	0
chr4_KI270786v1_alt	244096	224	1
chr5_KI270793v1_alt	126136	460	1
chr5_KI270792v1_alt	179043	1209	0
chr5_KI270791v1_alt	195710	2213	0
chr5_GL383532v1_alt	82728	80	0
chr5_GL949742v1_alt	226852	303	0
chr5_KI270794v1_alt	164558	1260	0
chr5_GL339449v2_alt	1612928	28223	0
chr5_GL383530v1_alt	101241	129	0
chr5_KI270796v1_alt	172708	211	0
chr5_GL383531v1_alt	173459	231	0
chr5_KI270795v1_alt	131892	1579	0
chr6_GL000250v2_alt	4672374	14110	1
chr6_KI270800v1_alt	175808	790	0
chr6_KI270799v1_alt	152148	192	0
chr6_GL383533v1_alt	124736	523	0
chr6_KI270801v1_alt	870480	5837	0
chr6_KI270802v1_alt	75005	132	0
chr6_KB021644v2_alt	185823	247	0
chr6_KI270797v1_alt	197536	1931	0
chr6_KI270798v1_alt	271782	2579	0
chr7_KI270804v1_alt	157952	315	0
chr7_KI270809v1_alt	209586	3397	0
chr7_KI270806v1_alt	158166	2963	0
chr7_GL383534v2_alt	119183	2988	0
chr7_KI270803v1_alt	1111570	26505	2
chr7_KI270808v1_alt	271455	1061	0
chr7_KI270807v1_alt	126434	286	0
chr7_KI270805v1_alt	209988	413	1
chr8_KI270818v1_alt	145606	262	0
chr8_KI270812v1_alt	282736	459	0
chr8_KI270811v1_alt	292436	455	0
chr8_KI270821v1_alt	985506	6194	0
chr8_KI270813v1_alt	300230	14267	2
chr8_KI270822v1_alt	624492	6184	1
chr8_KI270814v1_alt	141812	486	0
chr8_KI270810v1_alt	374415	560	0
chr8_KI270819v1_alt	133535	813	0
chr8_KI270820v1_alt	36640	138	0
chr8_KI270817v1_alt	158983	730	1
chr8_KI270816v1_alt	305841	4231	0
chr8_KI270815v1_alt	132244	940	0
chr9_GL383539v1_alt	162988	532	0
chr9_GL383540v1_alt	71551	1184	0
chr9_GL383541v1_alt	171286	1210	0
chr9_GL383542v1_alt	60032	503	0
chr9_KI270823v1_alt	439082	2267	1
chr10_GL383545v1_alt	179254	1769	0
chr10_KI270824v1_alt	181496	1643	0
chr10_GL383546v1_alt	309802	2647	1
chr10_KI270825v1_alt	188315	2189	0
chr11_KI270832v1_alt	210133	2761	0
chr11_KI270830v1_alt	177092	1067	0
chr11_KI270831v1_alt	296895	4338	0
chr11_KI270829v1_alt	204059	2765	0
chr11_GL383547v1_alt	154407	194	0
chr11_JH159136v1_alt	200998	7484	0
chr11_JH159137v1_alt	191409	1838	0
chr11_KI270827v1_alt	67707	175	0
chr11_KI270826v1_alt	186169	379	0
chr12_GL877875v1_alt	167313	1667	0
chr12_GL877876v1_alt	408271	7868	0
chr12_KI270837v1_alt	40090	1126	0
chr12_GL383549v1_alt	120804	144	0
chr12_KI270835v1_alt	238139	3316	0
chr12_GL383550v2_alt	169178	1472	0
chr12_GL383552v1_alt	138655	468	0
chr12_GL383553v2_alt	152874	1954	0
chr12_KI270834v1_alt	119498	3982	0
chr12_GL383551v1_alt	184319	315	0
chr12_KI270833v1_alt	76061	1938	1
chr12_KI270836v1_alt	56134	86	0
chr13_KI270840v1_alt	191684	2792	0
chr13_KI270839v1_alt	180306	636	0
chr13_KI270843v1_alt	103832	127	0
chr13_KI270841v1_alt	169134	179	0
chr13_KI270838v1_alt	306913	1116	0
chr13_KI270842v1_alt	37287	77	0
chr14_KI270844v1_alt	322166	5125	0
chr14_KI270847v1_alt	1511111	19952	1
chr14_KI270845v1_alt	180703	665	0
chr14_KI270846v1_alt	1351393	23101	1
chr15_KI270852v1_alt	478999	6175	0
chr15_KI270851v1_alt	263054	8987	1
chr15_KI270848v1_alt	327382	5709	1
chr15_GL383554v1_alt	296527	5552	0
chr15_KI270849v1_alt	244917	1929	0
chr15_GL383555v2_alt	388773	1343	0
chr15_KI270850v1_alt	430880	5385	0
chr16_KI270854v1_alt	134193	797	0
chr16_KI270856v1_alt	63982	188	0
chr16_KI270855v1_alt	232857	2620	0
chr16_KI270853v1_alt	2659700	59369	3
chr16_GL383556v1_alt	192462	3422	0
chr16_GL383557v1_alt	89672	1199	0
chr17_GL383563v3_alt	375691	947	0
chr17_KI270862v1_alt	391357	2464	0
chr17_KI270861v1_alt	196688	7350	0
chr17_KI270857v1_alt	2877074	69978	5
chr17_JH159146v1_alt	278131	6380	1
chr17_JH159147v1_alt	70345	979	0
chr17_GL383564v2_alt	133151	3681	0
chr17_GL000258v2_alt	1821992	19721	0
chr17_GL383565v1_alt	223995	260	0
chr17_KI270858v1_alt	235827	380	0
chr17_KI270859v1_alt	108763	280	0
chr17_GL383566v1_alt	90219	187	0
chr17_KI270860v1_alt	178921	1015	0
chr18_KI270864v1_alt	111737	115	0
chr18_GL383567v1_alt	289831	1107	0
chr18_GL383570v1_alt	164789	226	0
chr18_GL383571v1_alt	198278	1689	0
chr18_GL383568v1_alt	104552	99	0
chr18_GL383569v1_alt	167950	196	0
chr18_GL383572v1_alt	159547	400	0
chr18_KI270863v1_alt	167999	817	0
chr19_KI270868v1_alt	61734	389	0
chr19_KI270865v1_alt	52969	377	0
chr19_GL383573v1_alt	385657	4735	0
chr19_GL383575v2_alt	170222	3302	0
chr19_GL383576v1_alt	188024	2695	1
chr19_GL383574v1_alt	155864	1389	0
chr19_KI270866v1_alt	43156	609	0
chr19_KI270867v1_alt	233762	2143	0
chr19_GL949746v1_alt	987716	8241	1
chr20_GL383577v2_alt	128386	281	0
chr20_KI270869v1_alt	118774	1579	0
chr20_KI270871v1_alt	58661	665	0
chr20_KI270870v1_alt	183433	2673	0
chr21_GL383578v2_alt	63917	89	0
chr21_KI270874v1_alt	166743	231	0
chr21_KI270873v1_alt	143900	427	0
chr21_GL383579v2_alt	201197	278	0
chr21_GL383580v2_alt	74653	418	0
chr21_GL383581v2_alt	116689	2892	0
chr21_KI270872v1_alt	82692	614	0
chr22_KI270875v1_alt	259914	5180	0
chr22_KI270878v1_alt	186262	856	0
chr22_KI270879v1_alt	304135	3732	0
chr22_KI270876v1_alt	263666	2795	0
chr22_KI270877v1_alt	101331	1023	0
chr22_GL383583v2_alt	96924	814	0
chr22_GL383582v2_alt	162811	2393	0
chrX_KI270880v1_alt	284869	466	1
chrX_KI270881v1_alt	144206	994	0
chr19_KI270882v1_alt	248807	1519	0
chr19_KI270883v1_alt	170399	1851	0
chr19_KI270884v1_alt	157053	483	0
chr19_KI270885v1_alt	171027	1163	0
chr19_KI270886v1_alt	204239	725	0
chr19_KI270887v1_alt	209512	1855	0
chr19_KI270888v1_alt	155532	513	0
chr19_KI270889v1_alt	170698	968	0
chr19_KI270890v1_alt	184499	1545	0
chr19_KI270891v1_alt	170680	1146	0
chr1_KI270892v1_alt	162212	3789	0
chr2_KI270894v1_alt	214158	3039	0
chr2_KI270893v1_alt	161218	391	0
chr3_KI270895v1_alt	162896	1522	0
chr4_KI270896v1_alt	378547	3755	2
chr5_KI270897v1_alt	1144418	20948	0
chr5_KI270898v1_alt	130957	1666	1
chr6_GL000251v2_alt	4795265	40736	3
chr7_KI270899v1_alt	190869	367	0
chr8_KI270901v1_alt	136959	216	0
chr8_KI270900v1_alt	318687	505	0
chr11_KI270902v1_alt	106711	11435	2
chr11_KI270903v1_alt	214625	1904	1
chr12_KI270904v1_alt	572349	11152	1
chr15_KI270906v1_alt	196384	3064	0
chr15_KI270905v1_alt	5161414	57405	0
chr17_KI270907v1_alt	137721	362	0
chr17_KI270910v1_alt	157099	1006	0
chr17_KI270909v1_alt	325800	11646	0
chr17_JH159148v1_alt	88070	1668	0
chr17_KI270908v1_alt	1423190	32429	1
chr18_KI270912v1_alt	174061	232	0
chr18_KI270911v1_alt	157710	274	0
chr19_GL949747v2_alt	729520	4892	0
chr22_KB663609v1_alt	74013	684	0
chrX_KI270913v1_alt	274009	472	0
chr19_KI270914v1_alt	205194	1892	0
chr19_KI270915v1_alt	170665	1013	0
chr19_KI270916v1_alt	184516	1202	0
chr19_KI270917v1_alt	190932	1218	0
chr19_KI270918v1_alt	123111	846	0
chr19_KI270919v1_alt	170701	1190	0
chr19_KI270920v1_alt	198005	1678	0
chr19_KI270921v1_alt	282224	1702	0
chr19_KI270922v1_alt	187935	1184	0
chr19_KI270923v1_alt	189352	749	1
chr3_KI270924v1_alt	166540	1666	0
chr4_KI270925v1_alt	555799	1186	0
chr6_GL000252v2_alt	4604811	47339	2
chr8_KI270926v1_alt	229282	751	0
chr11_KI270927v1_alt	218612	6743	0
chr19_GL949748v2_alt	1064304	2143	0
chr22_KI270928v1_alt	176103	2403	1
chr19_KI270929v1_alt	186203	1259	0
chr19_KI270930v1_alt	200773	1227	0
chr19_KI270931v1_alt	170148	1097	0
chr19_KI270932v1_alt	215732	1699	1
chr19_KI270933v1_alt	170537	1855	1
chr19_GL000209v2_alt	177381	1605	0
chr3_KI270934v1_alt	163458	1571	0
chr6_GL000253v2_alt	4677643	27235	3
chr19_GL949749v2_alt	1091841	2369	0
chr3_KI270935v1_alt	197351	1927	0
chr6_GL000254v2_alt	4827813	37827	4
chr19_GL949750v2_alt	1066390	2042	0
chr3_KI270936v1_alt	164170	1634	0
chr6_GL000255v2_alt	4606388	35111	1
chr19_GL949751v2_alt	1002683	2763	0
chr3_KI270937v1_alt	165607	1406	0
chr6_GL000256v2_alt	4929269	40305	3
chr19_GL949752v1_alt	987100	8985	0
chr6_KI270758v1_alt	76752	253	0
chr19_GL949753v2_alt	796479	4642	0
chr19_KI270938v1_alt	1066800	9091	1
chrM	16569	20807	1
chrUn_KI270302v1	2274	5	0
chrUn_KI270304v1	2165	0	0
chrUn_KI270303v1	1942	1	0
chrUn_KI270305v1	1472	14	0
chrUn_KI270322v1	21476	21	0
chrUn_KI270320v1	4416	19	0
chrUn_KI270310v1	1201	11	0
chrUn_KI270316v1	1444	2	0
chrUn_KI270315v1	2276	7	0
chrUn_KI270312v1	998	2	0
chrUn_KI270311v1	12399	6	0
chrUn_KI270317v1	37690	1	0
chrUn_KI270412v1	1179	2	0
chrUn_KI270411v1	2646	0	0
chrUn_KI270414v1	2489	3	0
chrUn_KI270419v1	1029	3	0
chrUn_KI270418v1	2145	2	0
chrUn_KI270420v1	2321	5	0
chrUn_KI270424v1	2140	2	0
chrUn_KI270417v1	2043	4	0
chrUn_KI270422v1	1445	4	0
chrUn_KI270423v1	981	6	0
chrUn_KI270425v1	1884	1	0
chrUn_KI270429v1	1361	1	0
chrUn_KI270442v1	392061	6953	6
chrUn_KI270466v1	1233	262	0
chrUn_KI270465v1	1774	11	0
chrUn_KI270467v1	3920	1059	1
chrUn_KI270435v1	92983	434	4
chrUn_KI270438v1	112505	5117	4
chrUn_KI270468v1	4055	6	0
chrUn_KI270510v1	2415	11	0
chrUn_KI270509v1	2318	20	0
chrUn_KI270518v1	2186	8	0
chrUn_KI270508v1	1951	16	0
chrUn_KI270516v1	1300	10	0
chrUn_KI270512v1	22689	97	1
chrUn_KI270519v1	138126	546	1
chrUn_KI270522v1	5674	6	0
chrUn_KI270511v1	8127	15	0
chrUn_KI270515v1	6361	51	0
chrUn_KI270507v1	5353	16	0
chrUn_KI270517v1	3253	21	0
chrUn_KI270529v1	1899	0	0
chrUn_KI270528v1	2983	0	0
chrUn_KI270530v1	2168	2	0
chrUn_KI270539v1	993	0	0
chrUn_KI270538v1	91309	207	0
chrUn_KI270544v1	1202	0	0
chrUn_KI270548v1	1599	1	0
chrUn_KI270583v1	1400	10	1
chrUn_KI270587v1	2969	22	0
chrUn_KI270580v1	1553	18	0
chrUn_KI270581v1	7046	33	0
chrUn_KI270579v1	31033	48	0
chrUn_KI270589v1	44474	217	1
chrUn_KI270590v1	4685	38	0
chrUn_KI270584v1	4513	23	0
chrUn_KI270582v1	6504	21	0
chrUn_KI270588v1	6158	28	0
chrUn_KI270593v1	3041	7	0
chrUn_KI270591v1	5796	69	0
chrUn_KI270330v1	1652	161	0
chrUn_KI270329v1	1040	4	0
chrUn_KI270334v1	1368	1	0
chrUn_KI270333v1	2699	208	0
chrUn_KI270335v1	1048	2	0
chrUn_KI270338v1	1428	0	0
chrUn_KI270340v1	1428	4	0
chrUn_KI270336v1	1026	51	0
chrUn_KI270337v1	1121	179	0
chrUn_KI270363v1	1803	3	0
chrUn_KI270364v1	2855	1	0
chrUn_KI270362v1	3530	1	0
chrUn_KI270366v1	8320	7	0
chrUn_KI270378v1	1048	2	0
chrUn_KI270379v1	1045	0	0
chrUn_KI270389v1	1298	1	0
chrUn_KI270390v1	2387	2	0
chrUn_KI270387v1	1537	2	0
chrUn_KI270395v1	1143	5	0
chrUn_KI270396v1	1880	5	0
chrUn_KI270388v1	1216	1	0
chrUn_KI270394v1	970	0	0
chrUn_KI270386v1	1788	1	0
chrUn_KI270391v1	1484	4	0
chrUn_KI270383v1	1750	4	0
chrUn_KI270393v1	1308	5	0
chrUn_KI270384v1	1658	1	0
chrUn_KI270392v1	971	0	0
chrUn_KI270381v1	1930	1	0
chrUn_KI270385v1	990	1	0
chrUn_KI270382v1	4215	0	0
chrUn_KI270376v1	1136	1	0
chrUn_KI270374v1	2656	1	0
chrUn_KI270372v1	1650	1	0
chrUn_KI270373v1	1451	0	0
chrUn_KI270375v1	2378	0	0
chrUn_KI270371v1	2805	4	0
chrUn_KI270448v1	7992	24	0
chrUn_KI270521v1	7642	17	0
chrUn_GL000195v1	182896	1302	0
chrUn_GL000219v1	179198	2346	0
chrUn_GL000220v1	161802	10461	1
chrUn_GL000224v1	179693	3070	0
chrUn_KI270741v1	157432	170	0
chrUn_GL000226v1	15008	323	0
chrUn_GL000213v1	164239	2243	0
chrUn_KI270743v1	210658	1818	0
chrUn_KI270744v1	168472	13611	1
chrUn_KI270745v1	41891	819	0
chrUn_KI270746v1	66486	5568	0
chrUn_KI270747v1	198735	1033	0
chrUn_KI270748v1	93321	174	0
chrUn_KI270749v1	158759	876	0
chrUn_KI270750v1	148850	1208	0
chrUn_KI270751v1	150742	4531	0
chrUn_KI270752v1	27745	0	0
chrUn_KI270753v1	62944	358	0
chrUn_KI270754v1	40191	602	0
chrUn_KI270755v1	36723	18	0
chrUn_KI270756v1	79590	316	0
chrUn_KI270757v1	71251	419	0
chrUn_GL000214v1	137718	5996	1
chrUn_KI270742v1	186739	7486	1
chrUn_GL000216v2	176608	4837	16
chrUn_GL000218v1	161147	2052	0
chrX	156040895	2435252	152
chrY	57227415	35609	76
chrY_KI270740v1_random	37240	0	0
*	0	0	35842
