chr1	248956422	10246303	3284
chr10	133797422	4753732	1577
chr11	135086622	5210365	1814
chr11_KI270721v1_random	100316	584	1
chr12	133275309	5455658	1782
chr13	114364328	2242800	775
chr14	107043718	3043269	958
chr14_GL000009v2_random	201709	5315	2
chr14_GL000225v1_random	211173	5213	19
chr14_KI270722v1_random	194050	691	1
chr14_GL000194v1_random	191469	2935	4
chr14_KI270723v1_random	38115	506	0
chr14_KI270724v1_random	39555	928	1
chr14_KI270725v1_random	172810	1020	1
chr14_KI270726v1_random	43739	166	0
chr15	101991189	3153341	994
chr15_KI270727v1_random	448248	9539	7
chr16	90338345	3062645	1061
chr16_KI270728v1_random	1872759	16489	7
chr17	83257441	4623889	1506
chr17_GL000205v2_random	185591	11401	6
chr17_KI270729v1_random	280839	2793	2
chr17_KI270730v1_random	112551	795	0
chr18	80373285	1675198	572
chr19	58617616	3765477	1277
chr1_KI270706v1_random	175055	6857	1
chr1_KI270707v1_random	32032	89	0
chr1_KI270708v1_random	127682	686	0
chr1_KI270709v1_random	66860	1211	1
chr1_KI270710v1_random	40176	128	1
chr1_KI270711v1_random	42210	19376	4
chr1_KI270712v1_random	176043	2085	2
chr1_KI270713v1_random	40745	3574	0
chr1_KI270714v1_random	41717	3917	3
chr2	242193529	6853945	2302
chr20	64444167	2385169	816
chr21	46709983	1067257	372
chr22	50818468	1651275	558
chr22_KI270731v1_random	150754	3164	1
chr22_KI270732v1_random	41543	303	0
chr22_KI270733v1_random	179772	7507	3
chr22_KI270734v1_random	165050	5504	0
chr22_KI270735v1_random	42811	549	0
chr22_KI270736v1_random	181920	1401	11
chr22_KI270737v1_random	103838	331	0
chr22_KI270738v1_random	99375	238	0
chr22_KI270739v1_random	73985	72	0
chr2_KI270715v1_random	161471	215	0
chr2_KI270716v1_random	153799	213	0
chr3	198295559	5628550	1826
chr3_GL000221v1_random	155397	11142	1
chr4	190214555	4049947	1398
chr4_GL000008v2_random	209709	7309	3
chr5	181538259	4470798	1553
chr5_GL000208v1_random	92689	153	0
chr6	170805979	4997182	1651
chr7	159345973	4846143	1619
chr8	145138636	3389350	1107
chr9	138394717	4344090	1449
chr9_KI270717v1_random	40062	210	0
chr9_KI270718v1_random	38054	2485	2
chr9_KI270719v1_random	176845	1610	0
chr9_KI270720v1_random	39050	2673	0
chr1_KI270762v1_alt	354444	5740	0
chr1_KI270766v1_alt	256271	18313	4
chr1_KI270760v1_alt	109528	418	1
chr1_KI270765v1_alt	185285	1767	1
chr1_GL383518v1_alt	182439	13883	4
chr1_GL383519v1_alt	110268	13061	1
chr1_GL383520v2_alt	366580	6037	6
chr1_KI270764v1_alt	50258	127	0
chr1_KI270763v1_alt	911658	10895	3
chr1_KI270759v1_alt	425601	1401	0
chr1_KI270761v1_alt	165834	7197	4
chr2_KI270770v1_alt	136240	365	0
chr2_KI270773v1_alt	70887	203	0
chr2_KI270774v1_alt	223625	2611	2
chr2_KI270769v1_alt	120616	2603	1
chr2_GL383521v1_alt	143390	283	1
chr2_KI270772v1_alt	133041	746	0
chr2_KI270775v1_alt	138019	219	0
chr2_KI270771v1_alt	110395	189	0
chr2_KI270768v1_alt	110099	1417	1
chr2_GL582966v2_alt	96131	282	0
chr2_GL383522v1_alt	123821	3502	2
chr2_KI270776v1_alt	174166	1088	0
chr2_KI270767v1_alt	161578	821	0
chr3_JH636055v2_alt	173151	4050	1
chr3_KI270783v1_alt	109187	176	0
chr3_KI270780v1_alt	224108	1524	0
chr3_GL383526v1_alt	180671	2188	2
chr3_KI270777v1_alt	173649	1415	0
chr3_KI270778v1_alt	248252	291	0
chr3_KI270781v1_alt	113034	440	0
chr3_KI270779v1_alt	205312	3828	0
chr3_KI270782v1_alt	162429	2257	1
chr3_KI270784v1_alt	184404	2618	0
chr4_KI270790v1_alt	220246	319	0
chr4_GL383528v1_alt	376187	474	1
chr4_KI270787v1_alt	111943	211	0
chr4_GL000257v2_alt	586476	21083	5
chr4_KI270788v1_alt	158965	280	0
chr4_GL383527v1_alt	164536	6370	2
chr4_KI270785v1_alt	119912	241	0
chr4_KI270789v1_alt	205944	1059	0
chr4_KI270786v1_alt	244096	268	0
chr5_KI270793v1_alt	126136	1087	0
chr5_KI270792v1_alt	179043	3507	0
chr5_KI270791v1_alt	195710	7566	1
chr5_GL383532v1_alt	82728	129	0
chr5_GL949742v1_alt	226852	327	0
chr5_KI270794v1_alt	164558	2288	2
chr5_GL339449v2_alt	1612928	37315	8
chr5_GL383530v1_alt	101241	223	0
chr5_KI270796v1_alt	172708	338	0
chr5_GL383531v1_alt	173459	238	0
chr5_KI270795v1_alt	131892	1780	0
chr6_GL000250v2_alt	4672374	33308	6
chr6_KI270800v1_alt	175808	808	2
chr6_KI270799v1_alt	152148	166	0
chr6_GL383533v1_alt	124736	1259	0
chr6_KI270801v1_alt	870480	13071	9
chr6_KI270802v1_alt	75005	266	0
chr6_KB021644v2_alt	185823	487	0
chr6_KI270797v1_alt	197536	7309	2
chr6_KI270798v1_alt	271782	5309	4
chr7_KI270804v1_alt	157952	459	0
chr7_KI270809v1_alt	209586	10124	5
chr7_KI270806v1_alt	158166	5980	3
chr7_GL383534v2_alt	119183	3372	0
chr7_KI270803v1_alt	1111570	23699	12
chr7_KI270808v1_alt	271455	2166	1
chr7_KI270807v1_alt	126434	538	0
chr7_KI270805v1_alt	209988	787	0
chr8_KI270818v1_alt	145606	494	0
chr8_KI270812v1_alt	282736	977	0
chr8_KI270811v1_alt	292436	772	1
chr8_KI270821v1_alt	985506	16913	4
chr8_KI270813v1_alt	300230	14761	4
chr8_KI270822v1_alt	624492	14137	6
chr8_KI270814v1_alt	141812	603	2
chr8_KI270810v1_alt	374415	669	0
chr8_KI270819v1_alt	133535	1385	1
chr8_KI270820v1_alt	36640	277	0
chr8_KI270817v1_alt	158983	1872	0
chr8_KI270816v1_alt	305841	7641	4
chr8_KI270815v1_alt	132244	649	0
chr9_GL383539v1_alt	162988	1228	0
chr9_GL383540v1_alt	71551	3521	1
chr9_GL383541v1_alt	171286	3118	2
chr9_GL383542v1_alt	60032	1323	0
chr9_KI270823v1_alt	439082	4693	1
chr10_GL383545v1_alt	179254	2484	0
chr10_KI270824v1_alt	181496	1201	0
chr10_GL383546v1_alt	309802	5502	1
chr10_KI270825v1_alt	188315	7157	3
chr11_KI270832v1_alt	210133	8848	3
chr11_KI270830v1_alt	177092	1244	0
chr11_KI270831v1_alt	296895	8871	4
chr11_KI270829v1_alt	204059	5387	0
chr11_GL383547v1_alt	154407	186	0
chr11_JH159136v1_alt	200998	9644	2
chr11_JH159137v1_alt	191409	3120	0
chr11_KI270827v1_alt	67707	246	0
chr11_KI270826v1_alt	186169	656	0
chr12_GL877875v1_alt	167313	2836	1
chr12_GL877876v1_alt	408271	7958	2
chr12_KI270837v1_alt	40090	1562	0
chr12_GL383549v1_alt	120804	249	1
chr12_KI270835v1_alt	238139	2527	0
chr12_GL383550v2_alt	169178	1410	1
chr12_GL383552v1_alt	138655	1144	0
chr12_GL383553v2_alt	152874	6012	0
chr12_KI270834v1_alt	119498	1660	1
chr12_GL383551v1_alt	184319	502	1
chr12_KI270833v1_alt	76061	5483	0
chr12_KI270836v1_alt	56134	127	0
chr13_KI270840v1_alt	191684	4994	1
chr13_KI270839v1_alt	180306	484	0
chr13_KI270843v1_alt	103832	153	0
chr13_KI270841v1_alt	169134	199	0
chr13_KI270838v1_alt	306913	4256	2
chr13_KI270842v1_alt	37287	143	0
chr14_KI270844v1_alt	322166	11665	4
chr14_KI270847v1_alt	1511111	51553	15
chr14_KI270845v1_alt	180703	1026	4
chr14_KI270846v1_alt	1351393	4064	3
chr15_KI270852v1_alt	478999	9969	1
chr15_KI270851v1_alt	263054	16785	3
chr15_KI270848v1_alt	327382	12100	4
chr15_GL383554v1_alt	296527	7856	5
chr15_KI270849v1_alt	244917	4888	0
chr15_GL383555v2_alt	388773	4225	1
chr15_KI270850v1_alt	430880	10240	2
chr16_KI270854v1_alt	134193	2667	0
chr16_KI270856v1_alt	63982	226	0
chr16_KI270855v1_alt	232857	8505	5
chr16_KI270853v1_alt	2659700	86939	26
chr16_GL383556v1_alt	192462	8689	3
chr16_GL383557v1_alt	89672	4348	3
chr17_GL383563v3_alt	375691	1855	1
chr17_KI270862v1_alt	391357	9846	4
chr17_KI270861v1_alt	196688	15689	3
chr17_KI270857v1_alt	2877074	114437	24
chr17_JH159146v1_alt	278131	14226	4
chr17_JH159147v1_alt	70345	3302	0
chr17_GL383564v2_alt	133151	12177	0
chr17_GL000258v2_alt	1821992	23829	13
chr17_GL383565v1_alt	223995	321	0
chr17_KI270858v1_alt	235827	589	0
chr17_KI270859v1_alt	108763	539	0
chr17_GL383566v1_alt	90219	340	0
chr17_KI270860v1_alt	178921	2126	0
chr18_KI270864v1_alt	111737	185	0
chr18_GL383567v1_alt	289831	1882	0
chr18_GL383570v1_alt	164789	410	0
chr18_GL383571v1_alt	198278	2193	0
chr18_GL383568v1_alt	104552	192	0
chr18_GL383569v1_alt	167950	377	0
chr18_GL383572v1_alt	159547	458	0
chr18_KI270863v1_alt	167999	2033	2
chr19_KI270868v1_alt	61734	1066	0
chr19_KI270865v1_alt	52969	205	0
chr19_GL383573v1_alt	385657	4470	5
chr19_GL383575v2_alt	170222	2566	0
chr19_GL383576v1_alt	188024	2068	0
chr19_GL383574v1_alt	155864	4128	3
chr19_KI270866v1_alt	43156	2714	0
chr19_KI270867v1_alt	233762	5774	3
chr19_GL949746v1_alt	987716	22073	6
chr20_GL383577v2_alt	128386	430	0
chr20_KI270869v1_alt	118774	4572	5
chr20_KI270871v1_alt	58661	1691	0
chr20_KI270870v1_alt	183433	6680	3
chr21_GL383578v2_alt	63917	133	0
chr21_KI270874v1_alt	166743	329	1
chr21_KI270873v1_alt	143900	1102	0
chr21_GL383579v2_alt	201197	264	0
chr21_GL383580v2_alt	74653	735	0
chr21_GL383581v2_alt	116689	7345	0
chr21_KI270872v1_alt	82692	2961	1
chr22_KI270875v1_alt	259914	328	0
chr22_KI270878v1_alt	186262	2436	2
chr22_KI270879v1_alt	304135	11981	3
chr22_KI270876v1_alt	263666	5860	2
chr22_KI270877v1_alt	101331	2726	0
chr22_GL383583v2_alt	96924	2421	1
chr22_GL383582v2_alt	162811	5759	2
chrX_KI270880v1_alt	284869	449	0
chrX_KI270881v1_alt	144206	2236	0
chr19_KI270882v1_alt	248807	1470	0
chr19_KI270883v1_alt	170399	3753	2
chr19_KI270884v1_alt	157053	1106	0
chr19_KI270885v1_alt	171027	3045	0
chr19_KI270886v1_alt	204239	1219	0
chr19_KI270887v1_alt	209512	2511	0
chr19_KI270888v1_alt	155532	1867	1
chr19_KI270889v1_alt	170698	2981	1
chr19_KI270890v1_alt	184499	909	0
chr19_KI270891v1_alt	170680	2917	0
chr1_KI270892v1_alt	162212	7167	1
chr2_KI270894v1_alt	214158	1138	0
chr2_KI270893v1_alt	161218	755	0
chr3_KI270895v1_alt	162896	3102	2
chr4_KI270896v1_alt	378547	4009	3
chr5_KI270897v1_alt	1144418	20626	8
chr5_KI270898v1_alt	130957	2007	0
chr6_GL000251v2_alt	4795265	89086	37
chr7_KI270899v1_alt	190869	560	0
chr8_KI270901v1_alt	136959	422	1
chr8_KI270900v1_alt	318687	671	0
chr11_KI270902v1_alt	106711	598	0
chr11_KI270903v1_alt	214625	1594	2
chr12_KI270904v1_alt	572349	11379	5
chr15_KI270906v1_alt	196384	4166	0
chr15_KI270905v1_alt	5161414	88144	25
chr17_KI270907v1_alt	137721	689	0
chr17_KI270910v1_alt	157099	5012	3
chr17_KI270909v1_alt	325800	19605	8
chr17_JH159148v1_alt	88070	877	0
chr17_KI270908v1_alt	1423190	45602	14
chr18_KI270912v1_alt	174061	349	0
chr18_KI270911v1_alt	157710	486	0
chr19_GL949747v2_alt	729520	9874	4
chr22_KB663609v1_alt	74013	2969	0
chrX_KI270913v1_alt	274009	584	2
chr19_KI270914v1_alt	205194	3109	0
chr19_KI270915v1_alt	170665	3674	1
chr19_KI270916v1_alt	184516	1131	0
chr19_KI270917v1_alt	190932	3262	2
chr19_KI270918v1_alt	123111	1865	0
chr19_KI270919v1_alt	170701	2743	0
chr19_KI270920v1_alt	198005	3920	0
chr19_KI270921v1_alt	282224	1836	1
chr19_KI270922v1_alt	187935	3046	0
chr19_KI270923v1_alt	189352	1869	2
chr3_KI270924v1_alt	166540	4431	1
chr4_KI270925v1_alt	555799	1832	0
chr6_GL000252v2_alt	4604811	74354	29
chr8_KI270926v1_alt	229282	1298	0
chr11_KI270927v1_alt	218612	720	0
chr19_GL949748v2_alt	1064304	5361	0
chr22_KI270928v1_alt	176103	6090	1
chr19_KI270929v1_alt	186203	3304	1
chr19_KI270930v1_alt	200773	1582	0
chr19_KI270931v1_alt	170148	2912	1
chr19_KI270932v1_alt	215732	2702	0
chr19_KI270933v1_alt	170537	3695	1
chr19_GL000209v2_alt	177381	956	0
chr3_KI270934v1_alt	163458	3266	0
chr6_GL000253v2_alt	4677643	55302	19
chr19_GL949749v2_alt	1091841	5868	2
chr3_KI270935v1_alt	197351	3493	1
chr6_GL000254v2_alt	4827813	75607	22
chr19_GL949750v2_alt	1066390	5318	3
chr3_KI270936v1_alt	164170	3069	1
chr6_GL000255v2_alt	4606388	84145	28
chr19_GL949751v2_alt	1002683	6374	0
chr3_KI270937v1_alt	165607	3260	0
chr6_GL000256v2_alt	4929269	71528	25
chr19_GL949752v1_alt	987100	21272	5
chr6_KI270758v1_alt	76752	464	0
chr19_GL949753v2_alt	796479	13309	6
chr19_KI270938v1_alt	1066800	22980	4
chrM	16569	19672	22
chrUn_KI270302v1	2274	2	0
chrUn_KI270304v1	2165	2	0
chrUn_KI270303v1	1942	4	0
chrUn_KI270305v1	1472	4	0
chrUn_KI270322v1	21476	30	0
chrUn_KI270320v1	4416	47	0
chrUn_KI270310v1	1201	8	0
chrUn_KI270316v1	1444	1	0
chrUn_KI270315v1	2276	1	0
chrUn_KI270312v1	998	0	0
chrUn_KI270311v1	12399	6	0
chrUn_KI270317v1	37690	4	0
chrUn_KI270412v1	1179	0	0
chrUn_KI270411v1	2646	14	0
chrUn_KI270414v1	2489	4	0
chrUn_KI270419v1	1029	0	0
chrUn_KI270418v1	2145	8	0
chrUn_KI270420v1	2321	4	0
chrUn_KI270424v1	2140	0	0
chrUn_KI270417v1	2043	6	0
chrUn_KI270422v1	1445	7	0
chrUn_KI270423v1	981	2	0
chrUn_KI270425v1	1884	4	0
chrUn_KI270429v1	1361	13	0
chrUn_KI270442v1	392061	5777	14
chrUn_KI270466v1	1233	246	0
chrUn_KI270465v1	1774	17	0
chrUn_KI270467v1	3920	1081	3
chrUn_KI270435v1	92983	338	0
chrUn_KI270438v1	112505	7192	15
chrUn_KI270468v1	4055	23	0
chrUn_KI270510v1	2415	15	0
chrUn_KI270509v1	2318	15	0
chrUn_KI270518v1	2186	7	0
chrUn_KI270508v1	1951	17	0
chrUn_KI270516v1	1300	7	0
chrUn_KI270512v1	22689	63	0
chrUn_KI270519v1	138126	387	0
chrUn_KI270522v1	5674	11	0
chrUn_KI270511v1	8127	23	0
chrUn_KI270515v1	6361	37	0
chrUn_KI270507v1	5353	31	0
chrUn_KI270517v1	3253	26	0
chrUn_KI270529v1	1899	2	0
chrUn_KI270528v1	2983	3	0
chrUn_KI270530v1	2168	1	0
chrUn_KI270539v1	993	0	0
chrUn_KI270538v1	91309	307	0
chrUn_KI270544v1	1202	6	0
chrUn_KI270548v1	1599	1	0
chrUn_KI270583v1	1400	3	0
chrUn_KI270587v1	2969	4	0
chrUn_KI270580v1	1553	4	0
chrUn_KI270581v1	7046	11	0
chrUn_KI270579v1	31033	56	0
chrUn_KI270589v1	44474	173	1
chrUn_KI270590v1	4685	45	0
chrUn_KI270584v1	4513	18	0
chrUn_KI270582v1	6504	14	0
chrUn_KI270588v1	6158	34	0
chrUn_KI270593v1	3041	8	0
chrUn_KI270591v1	5796	54	0
chrUn_KI270330v1	1652	83	0
chrUn_KI270329v1	1040	0	0
chrUn_KI270334v1	1368	6	0
chrUn_KI270333v1	2699	269	0
chrUn_KI270335v1	1048	3	0
chrUn_KI270338v1	1428	3	0
chrUn_KI270340v1	1428	12	0
chrUn_KI270336v1	1026	74	0
chrUn_KI270337v1	1121	224	0
chrUn_KI270363v1	1803	1	0
chrUn_KI270364v1	2855	6	0
chrUn_KI270362v1	3530	6	0
chrUn_KI270366v1	8320	6	0
chrUn_KI270378v1	1048	0	0
chrUn_KI270379v1	1045	0	0
chrUn_KI270389v1	1298	2	0
chrUn_KI270390v1	2387	0	0
chrUn_KI270387v1	1537	3	0
chrUn_KI270395v1	1143	5	0
chrUn_KI270396v1	1880	3	0
chrUn_KI270388v1	1216	4	0
chrUn_KI270394v1	970	0	0
chrUn_KI270386v1	1788	5	0
chrUn_KI270391v1	1484	1	0
chrUn_KI270383v1	1750	0	0
chrUn_KI270393v1	1308	2	0
chrUn_KI270384v1	1658	1	0
chrUn_KI270392v1	971	0	0
chrUn_KI270381v1	1930	0	0
chrUn_KI270385v1	990	1	0
chrUn_KI270382v1	4215	0	0
chrUn_KI270376v1	1136	1	0
chrUn_KI270374v1	2656	2	0
chrUn_KI270372v1	1650	0	0
chrUn_KI270373v1	1451	0	0
chrUn_KI270375v1	2378	1	0
chrUn_KI270371v1	2805	5	0
chrUn_KI270448v1	7992	36	0
chrUn_KI270521v1	7642	18	0
chrUn_GL000195v1	182896	1451	1
chrUn_GL000219v1	179198	2918	3
chrUn_GL000220v1	161802	6230	5
chrUn_GL000224v1	179693	1977	2
chrUn_KI270741v1	157432	182	1
chrUn_GL000226v1	15008	81	0
chrUn_GL000213v1	164239	4910	1
chrUn_KI270743v1	210658	1132	1
chrUn_KI270744v1	168472	12323	4
chrUn_KI270745v1	41891	363	0
chrUn_KI270746v1	66486	6575	2
chrUn_KI270747v1	198735	299	0
chrUn_KI270748v1	93321	246	0
chrUn_KI270749v1	158759	1389	0
chrUn_KI270750v1	148850	4721	3
chrUn_KI270751v1	150742	4334	0
chrUn_KI270752v1	27745	1	0
chrUn_KI270753v1	62944	417	0
chrUn_KI270754v1	40191	427	0
chrUn_KI270755v1	36723	55	0
chrUn_KI270756v1	79590	258	0
chrUn_KI270757v1	71251	379	1
chrUn_GL000214v1	137718	4871	2
chrUn_KI270742v1	186739	13653	3
chrUn_GL000216v2	176608	3824	5
chrUn_GL000218v1	161147	3621	2
chrX	156040895	4482873	1403
chrY	57227415	57723	48
chrY_KI270740v1_random	37240	0	0
*	0	0	26954
