chr1	248956422	12063438	137
chr10	133797422	5611050	64
chr11	135086622	6101331	203
chr11_KI270721v1_random	100316	695	0
chr12	133275309	6424149	104
chr13	114364328	2707066	90
chr14	107043718	3494803	43
chr14_GL000009v2_random	201709	12575	0
chr14_GL000225v1_random	211173	2857	10
chr14_KI270722v1_random	194050	1406	0
chr14_GL000194v1_random	191469	3911	0
chr14_KI270723v1_random	38115	1436	2
chr14_KI270724v1_random	39555	2051	1
chr14_KI270725v1_random	172810	856	0
chr14_KI270726v1_random	43739	60	0
chr15	101991189	3761375	31
chr15_KI270727v1_random	448248	23571	0
chr16	90338345	3436416	69
chr16_KI270728v1_random	1872759	43328	1
chr17	83257441	5282940	71
chr17_GL000205v2_random	185591	14771	0
chr17_KI270729v1_random	280839	1054	1
chr17_KI270730v1_random	112551	388	1
chr18	80373285	1975034	29
chr19	58617616	4403138	97
chr1_KI270706v1_random	175055	13440	0
chr1_KI270707v1_random	32032	121	0
chr1_KI270708v1_random	127682	1321	0
chr1_KI270709v1_random	66860	779	0
chr1_KI270710v1_random	40176	104	0
chr1_KI270711v1_random	42210	24685	0
chr1_KI270712v1_random	176043	2996	0
chr1_KI270713v1_random	40745	2854	0
chr1_KI270714v1_random	41717	1651	0
chr2	242193529	8148825	161
chr20	64444167	2742963	37
chr21	46709983	1257905	32
chr22	50818468	1862415	22
chr22_KI270731v1_random	150754	3806	2
chr22_KI270732v1_random	41543	381	0
chr22_KI270733v1_random	179772	8092	0
chr22_KI270734v1_random	165050	5616	3
chr22_KI270735v1_random	42811	312	0
chr22_KI270736v1_random	181920	1023	10
chr22_KI270737v1_random	103838	119	0
chr22_KI270738v1_random	99375	73	0
chr22_KI270739v1_random	73985	27	0
chr2_KI270715v1_random	161471	60	0
chr2_KI270716v1_random	153799	69	0
chr3	198295559	6643082	76
chr3_GL000221v1_random	155397	13981	0
chr4	190214555	4901648	82
chr4_GL000008v2_random	209709	10210	1
chr5	181538259	5295740	167
chr5_GL000208v1_random	92689	85	0
chr6	170805979	5934730	80
chr7	159345973	5698002	83
chr8	145138636	4041340	64
chr9	138394717	5048108	54
chr9_KI270717v1_random	40062	175	0
chr9_KI270718v1_random	38054	3718	2
chr9_KI270719v1_random	176845	2001	0
chr9_KI270720v1_random	39050	4014	0
chr1_KI270762v1_alt	354444	6300	0
chr1_KI270766v1_alt	256271	19052	0
chr1_KI270760v1_alt	109528	428	0
chr1_KI270765v1_alt	185285	2162	0
chr1_GL383518v1_alt	182439	16212	0
chr1_GL383519v1_alt	110268	14273	0
chr1_GL383520v2_alt	366580	7541	0
chr1_KI270764v1_alt	50258	130	0
chr1_KI270763v1_alt	911658	13080	0
chr1_KI270759v1_alt	425601	1229	0
chr1_KI270761v1_alt	165834	8511	0
chr2_KI270770v1_alt	136240	412	0
chr2_KI270773v1_alt	70887	202	0
chr2_KI270774v1_alt	223625	2909	0
chr2_KI270769v1_alt	120616	2899	0
chr2_GL383521v1_alt	143390	299	1
chr2_KI270772v1_alt	133041	632	0
chr2_KI270775v1_alt	138019	190	0
chr2_KI270771v1_alt	110395	151	0
chr2_KI270768v1_alt	110099	2056	0
chr2_GL582966v2_alt	96131	347	0
chr2_GL383522v1_alt	123821	4128	0
chr2_KI270776v1_alt	174166	1103	1
chr2_KI270767v1_alt	161578	839	0
chr3_JH636055v2_alt	173151	6170	0
chr3_KI270783v1_alt	109187	198	0
chr3_KI270780v1_alt	224108	1694	0
chr3_GL383526v1_alt	180671	2632	0
chr3_KI270777v1_alt	173649	1573	0
chr3_KI270778v1_alt	248252	193	0
chr3_KI270781v1_alt	113034	379	0
chr3_KI270779v1_alt	205312	3945	0
chr3_KI270782v1_alt	162429	2321	0
chr3_KI270784v1_alt	184404	3589	0
chr4_KI270790v1_alt	220246	336	0
chr4_GL383528v1_alt	376187	350	0
chr4_KI270787v1_alt	111943	213	0
chr4_GL000257v2_alt	586476	29164	0
chr4_KI270788v1_alt	158965	192	0
chr4_GL383527v1_alt	164536	8222	0
chr4_KI270785v1_alt	119912	232	0
chr4_KI270789v1_alt	205944	1434	0
chr4_KI270786v1_alt	244096	269	0
chr5_KI270793v1_alt	126136	1243	0
chr5_KI270792v1_alt	179043	4196	0
chr5_KI270791v1_alt	195710	8145	0
chr5_GL383532v1_alt	82728	82	0
chr5_GL949742v1_alt	226852	289	0
chr5_KI270794v1_alt	164558	2382	0
chr5_GL339449v2_alt	1612928	46312	0
chr5_GL383530v1_alt	101241	142	0
chr5_KI270796v1_alt	172708	260	0
chr5_GL383531v1_alt	173459	247	0
chr5_KI270795v1_alt	131892	2233	1
chr6_GL000250v2_alt	4672374	42472	0
chr6_KI270800v1_alt	175808	958	0
chr6_KI270799v1_alt	152148	120	0
chr6_GL383533v1_alt	124736	1658	0
chr6_KI270801v1_alt	870480	15466	0
chr6_KI270802v1_alt	75005	253	0
chr6_KB021644v2_alt	185823	462	0
chr6_KI270797v1_alt	197536	8799	0
chr6_KI270798v1_alt	271782	6525	0
chr7_KI270804v1_alt	157952	469	0
chr7_KI270809v1_alt	209586	11148	0
chr7_KI270806v1_alt	158166	7494	0
chr7_GL383534v2_alt	119183	4188	0
chr7_KI270803v1_alt	1111570	28377	1
chr7_KI270808v1_alt	271455	2472	0
chr7_KI270807v1_alt	126434	440	0
chr7_KI270805v1_alt	209988	827	0
chr8_KI270818v1_alt	145606	572	0
chr8_KI270812v1_alt	282736	1027	0
chr8_KI270811v1_alt	292436	902	0
chr8_KI270821v1_alt	985506	18053	0
chr8_KI270813v1_alt	300230	36832	0
chr8_KI270822v1_alt	624492	15038	0
chr8_KI270814v1_alt	141812	829	0
chr8_KI270810v1_alt	374415	598	0
chr8_KI270819v1_alt	133535	1465	0
chr8_KI270820v1_alt	36640	280	0
chr8_KI270817v1_alt	158983	2251	0
chr8_KI270816v1_alt	305841	8280	0
chr8_KI270815v1_alt	132244	915	1
chr9_GL383539v1_alt	162988	1463	0
chr9_GL383540v1_alt	71551	4077	0
chr9_GL383541v1_alt	171286	3832	0
chr9_GL383542v1_alt	60032	1733	0
chr9_KI270823v1_alt	439082	5898	0
chr10_GL383545v1_alt	179254	2853	0
chr10_KI270824v1_alt	181496	1654	0
chr10_GL383546v1_alt	309802	6604	0
chr10_KI270825v1_alt	188315	8109	0
chr11_KI270832v1_alt	210133	9515	0
chr11_KI270830v1_alt	177092	1501	0
chr11_KI270831v1_alt	296895	10062	0
chr11_KI270829v1_alt	204059	7262	0
chr11_GL383547v1_alt	154407	165	0
chr11_JH159136v1_alt	200998	12650	0
chr11_JH159137v1_alt	191409	4275	0
chr11_KI270827v1_alt	67707	269	0
chr11_KI270826v1_alt	186169	623	0
chr12_GL877875v1_alt	167313	3363	0
chr12_GL877876v1_alt	408271	9010	0
chr12_KI270837v1_alt	40090	2883	0
chr12_GL383549v1_alt	120804	177	0
chr12_KI270835v1_alt	238139	3465	0
chr12_GL383550v2_alt	169178	1795	0
chr12_GL383552v1_alt	138655	1512	0
chr12_GL383553v2_alt	152874	7377	0
chr12_KI270834v1_alt	119498	1829	0
chr12_GL383551v1_alt	184319	443	0
chr12_KI270833v1_alt	76061	6543	0
chr12_KI270836v1_alt	56134	119	0
chr13_KI270840v1_alt	191684	5872	0
chr13_KI270839v1_alt	180306	482	0
chr13_KI270843v1_alt	103832	152	0
chr13_KI270841v1_alt	169134	224	0
chr13_KI270838v1_alt	306913	4950	0
chr13_KI270842v1_alt	37287	111	0
chr14_KI270844v1_alt	322166	14871	0
chr14_KI270847v1_alt	1511111	58992	0
chr14_KI270845v1_alt	180703	1087	0
chr14_KI270846v1_alt	1351393	3602	0
chr15_KI270852v1_alt	478999	23385	0
chr15_KI270851v1_alt	263054	22997	0
chr15_KI270848v1_alt	327382	15308	0
chr15_GL383554v1_alt	296527	10536	0
chr15_KI270849v1_alt	244917	5798	0
chr15_GL383555v2_alt	388773	4168	0
chr15_KI270850v1_alt	430880	12366	1
chr16_KI270854v1_alt	134193	2886	0
chr16_KI270856v1_alt	63982	216	0
chr16_KI270855v1_alt	232857	9579	0
chr16_KI270853v1_alt	2659700	104055	0
chr16_GL383556v1_alt	192462	8332	0
chr16_GL383557v1_alt	89672	4671	0
chr17_GL383563v3_alt	375691	1728	0
chr17_KI270862v1_alt	391357	11546	0
chr17_KI270861v1_alt	196688	17293	0
chr17_KI270857v1_alt	2877074	125077	3
chr17_JH159146v1_alt	278131	17345	0
chr17_JH159147v1_alt	70345	3859	0
chr17_GL383564v2_alt	133151	14079	0
chr17_GL000258v2_alt	1821992	58769	0
chr17_GL383565v1_alt	223995	300	0
chr17_KI270858v1_alt	235827	694	0
chr17_KI270859v1_alt	108763	673	0
chr17_GL383566v1_alt	90219	285	1
chr17_KI270860v1_alt	178921	2189	0
chr18_KI270864v1_alt	111737	174	0
chr18_GL383567v1_alt	289831	2233	0
chr18_GL383570v1_alt	164789	364	0
chr18_GL383571v1_alt	198278	2634	0
chr18_GL383568v1_alt	104552	136	0
chr18_GL383569v1_alt	167950	423	0
chr18_GL383572v1_alt	159547	498	0
chr18_KI270863v1_alt	167999	2250	0
chr19_KI270868v1_alt	61734	1319	0
chr19_KI270865v1_alt	52969	166	0
chr19_GL383573v1_alt	385657	6448	0
chr19_GL383575v2_alt	170222	3486	0
chr19_GL383576v1_alt	188024	3045	0
chr19_GL383574v1_alt	155864	4800	0
chr19_KI270866v1_alt	43156	2789	1
chr19_KI270867v1_alt	233762	7663	0
chr19_GL949746v1_alt	987716	29112	0
chr20_GL383577v2_alt	128386	470	0
chr20_KI270869v1_alt	118774	4828	0
chr20_KI270871v1_alt	58661	1910	0
chr20_KI270870v1_alt	183433	7423	0
chr21_GL383578v2_alt	63917	117	0
chr21_KI270874v1_alt	166743	286	0
chr21_KI270873v1_alt	143900	1392	0
chr21_GL383579v2_alt	201197	298	0
chr21_GL383580v2_alt	74653	850	0
chr21_GL383581v2_alt	116689	8825	0
chr21_KI270872v1_alt	82692	3317	0
chr22_KI270875v1_alt	259914	7722	0
chr22_KI270878v1_alt	186262	3083	0
chr22_KI270879v1_alt	304135	14708	0
chr22_KI270876v1_alt	263666	7178	0
chr22_KI270877v1_alt	101331	3823	0
chr22_GL383583v2_alt	96924	2718	0
chr22_GL383582v2_alt	162811	6582	0
chrX_KI270880v1_alt	284869	476	4
chrX_KI270881v1_alt	144206	1439	0
chr19_KI270882v1_alt	248807	2501	0
chr19_KI270883v1_alt	170399	1968	0
chr19_KI270884v1_alt	157053	7289	0
chr19_KI270885v1_alt	171027	2863	0
chr19_KI270886v1_alt	204239	5585	0
chr19_KI270887v1_alt	209512	1953	0
chr19_KI270888v1_alt	155532	3297	0
chr19_KI270889v1_alt	170698	2714	0
chr19_KI270890v1_alt	184499	2387	0
chr19_KI270891v1_alt	170680	2443	0
chr1_KI270892v1_alt	162212	8481	0
chr2_KI270894v1_alt	214158	1042	0
chr2_KI270893v1_alt	161218	881	0
chr3_KI270895v1_alt	162896	3423	0
chr4_KI270896v1_alt	378547	4884	0
chr5_KI270897v1_alt	1144418	24791	1
chr5_KI270898v1_alt	130957	2326	0
chr6_GL000251v2_alt	4795265	96488	0
chr7_KI270899v1_alt	190869	468	0
chr8_KI270901v1_alt	136959	438	0
chr8_KI270900v1_alt	318687	587	0
chr11_KI270902v1_alt	106711	579	0
chr11_KI270903v1_alt	214625	1774	0
chr12_KI270904v1_alt	572349	18080	0
chr15_KI270906v1_alt	196384	5649	0
chr15_KI270905v1_alt	5161414	114129	1
chr17_KI270907v1_alt	137721	600	0
chr17_KI270910v1_alt	157099	5714	0
chr17_KI270909v1_alt	325800	11039	0
chr17_JH159148v1_alt	88070	1130	0
chr17_KI270908v1_alt	1423190	43695	3
chr18_KI270912v1_alt	174061	445	0
chr18_KI270911v1_alt	157710	623	0
chr19_GL949747v2_alt	729520	11414	1
chr22_KB663609v1_alt	74013	2315	0
chrX_KI270913v1_alt	274009	482	2
chr19_KI270914v1_alt	205194	2977	0
chr19_KI270915v1_alt	170665	2699	0
chr19_KI270916v1_alt	184516	2227	0
chr19_KI270917v1_alt	190932	2919	0
chr19_KI270918v1_alt	123111	1365	0
chr19_KI270919v1_alt	170701	2329	0
chr19_KI270920v1_alt	198005	4387	0
chr19_KI270921v1_alt	282224	2876	0
chr19_KI270922v1_alt	187935	2561	0
chr19_KI270923v1_alt	189352	2976	0
chr3_KI270924v1_alt	166540	4346	0
chr4_KI270925v1_alt	555799	2277	0
chr6_GL000252v2_alt	4604811	92982	0
chr8_KI270926v1_alt	229282	1427	0
chr11_KI270927v1_alt	218612	866	1
chr19_GL949748v2_alt	1064304	6576	0
chr22_KI270928v1_alt	176103	7118	0
chr19_KI270929v1_alt	186203	3519	0
chr19_KI270930v1_alt	200773	2029	0
chr19_KI270931v1_alt	170148	2328	0
chr19_KI270932v1_alt	215732	2818	0
chr19_KI270933v1_alt	170537	4093	0
chr19_GL000209v2_alt	177381	2205	0
chr3_KI270934v1_alt	163458	3190	0
chr6_GL000253v2_alt	4677643	67472	0
chr19_GL949749v2_alt	1091841	5623	0
chr3_KI270935v1_alt	197351	3579	0
chr6_GL000254v2_alt	4827813	90712	0
chr19_GL949750v2_alt	1066390	5620	0
chr3_KI270936v1_alt	164170	3151	0
chr6_GL000255v2_alt	4606388	86766	0
chr19_GL949751v2_alt	1002683	6161	0
chr3_KI270937v1_alt	165607	3298	0
chr6_GL000256v2_alt	4929269	87764	1
chr19_GL949752v1_alt	987100	26865	0
chr6_KI270758v1_alt	76752	716	0
chr19_GL949753v2_alt	796479	17689	0
chr19_KI270938v1_alt	1066800	29026	1
chrM	16569	8291	1
chrUn_KI270302v1	2274	2	0
chrUn_KI270304v1	2165	8	0
chrUn_KI270303v1	1942	1	0
chrUn_KI270305v1	1472	0	0
chrUn_KI270322v1	21476	10	0
chrUn_KI270320v1	4416	6	0
chrUn_KI270310v1	1201	11	0
chrUn_KI270316v1	1444	1	0
chrUn_KI270315v1	2276	0	0
chrUn_KI270312v1	998	1	0
chrUn_KI270311v1	12399	4	0
chrUn_KI270317v1	37690	5	0
chrUn_KI270412v1	1179	2	0
chrUn_KI270411v1	2646	4	0
chrUn_KI270414v1	2489	1	0
chrUn_KI270419v1	1029	2	0
chrUn_KI270418v1	2145	4	0
chrUn_KI270420v1	2321	0	0
chrUn_KI270424v1	2140	0	0
chrUn_KI270417v1	2043	8	0
chrUn_KI270422v1	1445	2	0
chrUn_KI270423v1	981	0	0
chrUn_KI270425v1	1884	0	0
chrUn_KI270429v1	1361	2	0
chrUn_KI270442v1	392061	6648	5
chrUn_KI270466v1	1233	192	0
chrUn_KI270465v1	1774	7	0
chrUn_KI270467v1	3920	612	1
chrUn_KI270435v1	92983	144	1
chrUn_KI270438v1	112505	2511	0
chrUn_KI270468v1	4055	5	0
chrUn_KI270510v1	2415	1	0
chrUn_KI270509v1	2318	5	0
chrUn_KI270518v1	2186	5	0
chrUn_KI270508v1	1951	6	0
chrUn_KI270516v1	1300	12	0
chrUn_KI270512v1	22689	46	0
chrUn_KI270519v1	138126	232	2
chrUn_KI270522v1	5674	2	0
chrUn_KI270511v1	8127	1	0
chrUn_KI270515v1	6361	14	0
chrUn_KI270507v1	5353	11	0
chrUn_KI270517v1	3253	5	0
chrUn_KI270529v1	1899	2	0
chrUn_KI270528v1	2983	1	0
chrUn_KI270530v1	2168	0	0
chrUn_KI270539v1	993	0	0
chrUn_KI270538v1	91309	111	0
chrUn_KI270544v1	1202	0	0
chrUn_KI270548v1	1599	2	0
chrUn_KI270583v1	1400	6	0
chrUn_KI270587v1	2969	22	0
chrUn_KI270580v1	1553	2	0
chrUn_KI270581v1	7046	13	0
chrUn_KI270579v1	31033	14	0
chrUn_KI270589v1	44474	103	1
chrUn_KI270590v1	4685	18	0
chrUn_KI270584v1	4513	6	0
chrUn_KI270582v1	6504	12	0
chrUn_KI270588v1	6158	28	0
chrUn_KI270593v1	3041	12	0
chrUn_KI270591v1	5796	30	0
chrUn_KI270330v1	1652	29	0
chrUn_KI270329v1	1040	0	0
chrUn_KI270334v1	1368	0	0
chrUn_KI270333v1	2699	92	0
chrUn_KI270335v1	1048	0	0
chrUn_KI270338v1	1428	0	0
chrUn_KI270340v1	1428	0	0
chrUn_KI270336v1	1026	16	0
chrUn_KI270337v1	1121	80	0
chrUn_KI270363v1	1803	2	0
chrUn_KI270364v1	2855	0	0
chrUn_KI270362v1	3530	0	0
chrUn_KI270366v1	8320	7	0
chrUn_KI270378v1	1048	2	0
chrUn_KI270379v1	1045	2	0
chrUn_KI270389v1	1298	0	0
chrUn_KI270390v1	2387	0	0
chrUn_KI270387v1	1537	0	0
chrUn_KI270395v1	1143	6	0
chrUn_KI270396v1	1880	1	0
chrUn_KI270388v1	1216	0	0
chrUn_KI270394v1	970	0	0
chrUn_KI270386v1	1788	0	0
chrUn_KI270391v1	1484	2	0
chrUn_KI270383v1	1750	0	0
chrUn_KI270393v1	1308	1	0
chrUn_KI270384v1	1658	0	0
chrUn_KI270392v1	971	0	0
chrUn_KI270381v1	1930	0	0
chrUn_KI270385v1	990	2	0
chrUn_KI270382v1	4215	0	0
chrUn_KI270376v1	1136	0	0
chrUn_KI270374v1	2656	0	0
chrUn_KI270372v1	1650	2	0
chrUn_KI270373v1	1451	0	0
chrUn_KI270375v1	2378	0	0
chrUn_KI270371v1	2805	0	0
chrUn_KI270448v1	7992	19	0
chrUn_KI270521v1	7642	21	0
chrUn_GL000195v1	182896	1600	0
chrUn_GL000219v1	179198	7503	2
chrUn_GL000220v1	161802	5403	0
chrUn_GL000224v1	179693	3031	0
chrUn_KI270741v1	157432	373	0
chrUn_GL000226v1	15008	27	0
chrUn_GL000213v1	164239	6554	0
chrUn_KI270743v1	210658	1294	0
chrUn_KI270744v1	168472	20606	0
chrUn_KI270745v1	41891	487	0
chrUn_KI270746v1	66486	6646	0
chrUn_KI270747v1	198735	100	0
chrUn_KI270748v1	93321	299	0
chrUn_KI270749v1	158759	1677	0
chrUn_KI270750v1	148850	7942	0
chrUn_KI270751v1	150742	4822	0
chrUn_KI270752v1	27745	1	0
chrUn_KI270753v1	62944	425	0
chrUn_KI270754v1	40191	160	0
chrUn_KI270755v1	36723	38	0
chrUn_KI270756v1	79590	83	0
chrUn_KI270757v1	71251	164	0
chrUn_GL000214v1	137718	4975	0
chrUn_KI270742v1	186739	23409	0
chrUn_GL000216v2	176608	2701	1
chrUn_GL000218v1	161147	5030	0
chrX	156040895	2826473	40
chrY	57227415	475637	36
chrY_KI270740v1_random	37240	15	0
*	0	0	19266
