# This file was produced by samtools stats (1.23+htslib-1.23) and can be plotted using plot-bamstats
# This file contains statistics for all reads.
# The command line was:  stats data/AFR/MSL/HG03572/aligned/HG03572.bam
# CHK, Checksum	[2]Read Names	[3]Sequences	[4]Qualities
# CHK, CRC32 of reads which passed filtering followed by addition (32bit overflow)
CHK	33a0bad7	b291dc3a	c869e8ab
# Summary Numbers. Use `grep ^SN | cut -f 2-` to extract this part.
SN	raw total sequences:	3148126	# excluding supplementary and secondary reads
SN	filtered sequences:	0
SN	sequences:	3148126
SN	is sorted:	1	# sorted by coordinate
SN	1st fragments:	1574063
SN	last fragments:	1574063
SN	reads mapped:	3147208
SN	reads mapped and paired:	3147066	# paired-end technology bit set + both mates mapped
SN	reads unmapped:	918
SN	reads properly paired:	3108014	# proper-pair bit set
SN	reads paired:	3148126	# paired-end technology bit set
SN	reads duplicated:	0	# PCR or optical duplicate bit set
SN	reads MQ0:	324748	# mapped and MQ=0
SN	reads QC failed:	0
SN	non-primary alignments:	0
SN	supplementary alignments:	1676
SN	total length:	239041860	# ignores clipping
SN	total first fragment length:	119520930	# ignores clipping
SN	total last fragment length:	119520930	# ignores clipping
SN	bases mapped:	238972457	# ignores clipping
SN	bases mapped (cigar):	238808859	# more accurate
SN	bases trimmed:	0
SN	bases duplicated:	0
SN	mismatches:	376785	# from NM fields
SN	error rate:	1.577768e-03	# mismatches / bases mapped (cigar)
SN	average length:	76
SN	average first fragment length:	76
SN	average last fragment length:	76
SN	maximum length:	76
SN	maximum first fragment length:	76
SN	maximum last fragment length:	76
SN	average quality:	38.1
SN	insert size average:	164.1
SN	insert size standard deviation:	56.6
SN	inward oriented pairs:	1563762
SN	outward oriented pairs:	537
SN	pairs with other orientation:	672
SN	pairs on different chromosomes:	8562
SN	percentage of properly paired reads (%):	98.7
# First Fragment Qualities. Use `grep ^FFQ | cut -f 2-` to extract this part.
# Columns correspond to qualities and rows to cycles. First column is the cycle number.
FFQ	1	0	0	3603	0	0	0	0	48	0	0	946	0	28	0	0	14	2398	0	35	101	49	0	649	2014	77	3439	7038	8881	10357	819	40016	267999	0	138125	1087427	0	0	0	0	0	0	0	0
FFQ	2	0	0	23	0	0	0	0	52	0	0	839	0	23	0	0	61	5392	0	31	633	60	0	873	1879	70	2958	6553	10488	9371	831	35283	233425	0	75331	1189887	0	0	0	0	0	0	0	0
FFQ	3	0	0	0	0	0	0	0	41	0	0	862	0	32	0	0	26	2615	0	31	25	61	0	1069	1796	57	3496	6510	11246	12265	812	35229	225249	0	70784	1201857	0	0	0	0	0	0	0	0
FFQ	4	0	0	6	0	0	0	0	36	0	0	1169	0	25	0	0	0	882	267	33	1377	51	0	941	50	90	1813	2999	1152	4825	165	8110	354	15669	20956	0	188284	0	1324809	0	0	0	0	0
FFQ	5	0	0	14	0	0	0	0	100	0	0	1419	0	36	0	0	0	1317	403	50	1526	73	0	1241	50	73	2350	3722	1265	5754	156	9599	279	16004	23107	0	194553	0	1310972	0	0	0	0	0
FFQ	6	0	0	6	0	0	0	0	47	252	0	1008	328	6	37	3	252	246	1912	562	480	15	113	489	961	42	2578	3178	1112	4045	2073	9390	2315	17181	20584	4	176749	20734	1307361	0	0	0	0	0
FFQ	7	0	0	0	0	0	0	4	32	273	0	1112	303	13	31	5	214	280	1866	574	462	14	111	505	985	44	2720	3246	1308	4007	2047	9360	2385	17354	20976	6	175163	20668	1307995	0	0	0	0	0
FFQ	8	0	0	0	0	0	1	1	42	382	0	1604	442	10	42	2	317	283	2212	576	438	14	142	541	973	48	2844	3365	1625	3738	2055	9466	2264	17515	21413	9	175973	20996	1304730	0	0	0	0	0
FFQ	9	0	0	0	0	0	3	2	28	306	0	1229	342	5	52	5	305	251	2051	720	558	20	156	466	1036	40	2900	1338	4041	3472	2182	9652	1943	14722	13579	11414	50642	31	101945	63111	1285516	0	0	0
FFQ	10	0	0	0	0	0	2	4	32	284	0	1258	317	11	46	2	295	281	2043	649	497	19	172	562	952	72	3025	1275	4963	2510	2022	9835	1892	14529	13987	11582	51906	37	101965	63614	1283423	0	0	0
FFQ	11	0	0	0	0	0	2	3	37	266	1	1185	331	9	55	4	261	248	2022	592	497	22	177	532	1029	72	3121	1346	5923	1556	2120	9996	1820	14582	13879	11361	51276	47	102382	64110	1283199	0	0	0
FFQ	12	0	0	0	0	0	0	3	45	295	2	1218	331	17	45	4	313	291	2023	639	494	29	176	522	1037	90	2996	1358	6711	888	2101	10044	1906	14841	14034	11425	52296	43	102871	66214	1278761	0	0	0
FFQ	13	0	0	0	0	0	3	4	39	349	4	1293	322	8	55	6	298	333	2080	625	521	24	196	567	1085	85	3120	1372	6772	757	2101	10272	1833	14668	14466	11279	52573	65	102572	68825	1275491	0	0	0
FFQ	14	0	0	0	0	0	8	2	50	364	11	1370	390	16	42	11	63	448	2181	648	547	26	175	542	500	734	3096	1403	6787	786	2127	5289	6553	11534	14439	12400	10425	32852	28687	85269	76431	217847	1050010	0
FFQ	15	0	0	0	0	0	9	8	52	322	11	1282	342	13	39	8	81	491	2229	726	553	31	186	531	516	722	3179	1453	6940	836	2150	5498	6759	11626	14404	12480	10886	33091	28934	86233	76629	219577	1045236	0
FFQ	16	0	0	0	0	0	4	7	46	348	21	1384	324	21	44	5	76	465	2201	683	576	38	220	522	556	780	3196	1499	6892	808	2212	5534	6781	11647	14601	12824	11201	33471	29464	87137	77265	222885	1038325	0
FFQ	17	0	0	0	0	0	2	9	51	391	28	1281	355	17	48	12	104	514	2144	693	581	31	225	569	583	831	3134	1493	7005	825	2194	5814	6850	11534	14921	12563	11737	33345	29589	88015	77441	225560	1033574	0
FFQ	18	0	0	0	0	0	5	12	56	486	46	1799	503	28	48	14	112	630	2471	740	604	47	252	549	629	933	3310	1589	6923	867	2330	5958	7129	11889	15209	12783	12455	33461	30062	89230	78061	228054	1024789	0
FFQ	19	0	0	0	0	0	11	14	44	481	75	1424	383	24	68	14	140	499	251	2968	566	48	284	547	642	1052	3236	1616	7100	877	2396	6239	7019	11931	10299	18458	12938	27818	31871	73348	86162	235993	1027227	0
FFQ	20	0	0	0	0	0	6	12	57	454	71	1554	346	19	55	16	177	579	289	2714	597	58	291	590	712	1084	3310	1635	6986	913	2306	6567	7151	11889	10355	18684	13564	28227	32509	75144	88560	238191	1018391	0
FFQ	21	0	0	0	0	0	8	23	62	423	99	1378	309	28	62	25	174	611	353	2674	637	66	328	537	795	1289	3254	1628	6971	921	2386	6916	7232	11581	10780	18538	14262	28325	33120	75595	92126	240132	1010415	0
FFQ	22	0	0	0	0	0	9	19	77	540	117	1510	329	31	63	33	218	675	489	2445	642	84	373	614	856	1435	3314	1727	6925	968	2460	7187	7314	11524	10994	18891	15292	28836	33341	77752	93954	242834	1000191	0
FFQ	23	0	0	0	0	0	9	33	69	527	165	1374	340	33	85	31	274	795	602	2279	629	88	423	586	962	1691	3035	1829	6610	1028	2521	7701	7462	11417	11129	18759	16073	29109	33926	79457	97071	246104	989837	0
FFQ	24	0	0	0	0	0	12	32	77	642	236	1313	296	32	71	40	329	795	704	2051	700	115	420	638	1089	1793	3190	1897	6610	1106	2586	8240	7653	11283	11542	19031	16954	29305	33971	82323	93839	234562	998586	0
FFQ	25	0	0	2	0	0	11	35	85	663	241	1347	254	45	73	37	366	909	794	1829	751	109	495	651	1138	2124	3234	1842	6382	1194	2600	8539	7733	11102	11903	19168	18124	29646	34881	84017	93647	242321	985771	0
FFQ	26	0	0	2	0	0	20	46	99	766	409	1373	228	46	93	38	430	997	964	1667	750	160	532	739	1255	2483	3165	1993	6143	1207	2686	9208	7891	10866	12403	19250	19535	30261	35303	86790	94520	250424	969321	0
FFQ	27	0	0	2	0	0	11	59	106	825	540	1303	220	56	94	54	480	1151	1032	1482	716	151	588	694	1287	2784	3161	2025	5976	1278	2871	10136	8249	10490	12895	19512	20860	30316	35468	88862	94148	259265	954916	0
FFQ	28	0	0	2	0	0	15	86	131	887	621	1212	150	66	107	60	559	1308	1100	1295	778	211	677	733	1392	3061	3184	2187	5808	1474	2899	10805	8490	10469	13468	19596	22435	30908	36613	92327	93904	267875	937170	0
FFQ	29	0	0	2	0	0	28	77	135	966	744	1156	110	79	111	71	681	1381	1041	1191	791	227	696	754	1454	3324	3339	2322	5577	1484	3048	11428	8548	9932	14363	19624	24185	31054	37165	94638	93597	275440	923300	0
FFQ	30	0	0	3	0	0	28	81	155	1099	982	1004	80	91	113	95	759	1571	986	1079	763	244	721	761	1519	3480	3576	2364	5350	1655	3072	12326	8802	9634	14682	19840	26200	31434	37770	97867	92612	281121	910144	0
FFQ	31	0	0	3	0	0	35	104	208	1217	1126	828	46	93	158	118	866	1754	887	1091	755	279	837	821	1490	3500	3874	2540	5035	1665	3172	13149	8929	9359	15282	19644	28442	31268	38597	100815	92475	286622	896979	0
FFQ	32	0	0	3	0	0	44	122	199	1326	1276	624	42	100	172	122	923	1934	708	1112	842	330	895	924	1664	3795	4038	2630	4865	1878	3292	13817	9335	8809	16104	19792	30700	31471	39429	105734	91646	293147	880170	0
FFQ	33	0	0	2	0	0	43	168	314	1686	1878	637	49	152	197	178	1169	2165	637	1240	890	335	986	912	1731	3992	4413	2795	4780	2010	3445	14661	9722	8739	17125	20279	32976	31551	40481	108859	91366	298485	862911	0
FFQ	34	0	0	2	0	0	48	164	325	1396	1783	358	38	158	217	199	1260	2192	512	1203	934	429	1082	1043	1888	4153	4648	2950	4608	2142	3451	15650	10045	8437	18137	20257	35834	31626	41680	112088	91079	302624	849278	0
FFQ	35	0	0	2	0	0	47	187	345	1517	1780	238	56	178	242	219	1375	2047	374	1179	936	453	1088	1085	1830	4317	4534	3234	4452	2428	3687	15636	10367	8404	19178	20223	38409	31291	43731	116005	90713	308674	833408	0
FFQ	36	0	0	1	0	0	51	217	428	1386	1846	117	57	175	269	221	1459	1909	309	1260	928	491	1163	1159	2049	4373	4387	3402	4343	2660	3898	16071	10536	8597	20142	20385	41096	31239	44247	118906	91560	312678	819814	0
FFQ	37	0	0	1	0	0	76	235	474	1451	1799	73	74	223	266	282	1580	1847	279	1315	1022	530	1364	1265	2140	4413	4420	3609	4473	2834	4011	15992	10898	8990	21712	20656	43756	31106	45938	120809	92026	317697	804165	0
FFQ	38	0	0	1	0	0	86	293	580	1685	2169	46	72	275	328	312	1896	1747	271	1372	1089	630	1382	1320	2282	4657	4329	3814	4519	3178	4250	16238	11326	9280	23030	20980	46691	31369	47412	124110	93268	321351	786132	0
FFQ	39	0	0	1	0	0	86	318	600	1411	1980	41	99	276	391	376	1917	1538	291	1399	1054	691	1342	1473	2578	4839	4091	4078	4524	3500	4383	16484	11714	9571	23978	20937	49675	31613	48619	122039	98678	325697	771438	0
FFQ	40	0	0	0	0	0	100	333	623	1496	2005	54	113	354	413	352	1907	1362	317	1394	963	804	1448	1431	2798	4823	3864	4289	4636	3842	4534	16055	12359	10015	25129	21380	52205	32202	50615	124129	100198	329447	755695	0
FFQ	41	0	0	0	0	0	100	394	771	1509	1930	57	108	365	427	433	2015	1188	326	1533	1081	877	1474	1687	2983	5006	3577	4633	4880	4111	4906	16205	12502	10412	26227	22224	54813	32803	51983	127427	100821	333614	738241	0
FFQ	42	0	0	1	0	0	131	451	810	1483	1997	63	124	361	480	537	2042	1019	383	1640	1091	954	1649	1783	3201	5139	3347	4941	4843	4694	5072	16334	13165	10928	28108	22867	57296	34524	53958	129525	102090	335601	720968	0
FFQ	43	0	0	2	0	0	111	503	981	1486	2015	84	139	438	600	556	2244	899	436	1678	1202	1046	1648	1867	3389	5365	3253	5316	5113	5120	5456	16307	13808	11407	29494	23945	60399	36158	55654	133264	103428	338041	700719	0
FFQ	44	0	0	4	0	0	88	367	740	1329	1725	65	145	403	576	522	2084	704	353	1362	891	876	1390	1745	3130	4707	2670	4717	4361	4963	4522	14430	12332	10571	27604	21462	62965	31879	56659	112125	120783	326035	732245	0
FFQ	45	0	0	4	0	0	93	332	768	1192	1461	60	142	373	630	563	1927	530	389	1210	954	1367	1095	1665	3364	4627	2590	4856	4264	5147	4851	13546	12056	10693	26895	21368	67116	32949	55863	109199	111052	317888	750410	0
FFQ	46	0	0	5	0	0	69	258	635	990	1274	60	123	329	600	496	1734	378	333	954	705	1240	898	1626	3174	3988	2290	4067	3686	4996	4283	12343	10682	9948	25082	19689	71763	30507	56721	89590	119959	275357	812618	0
FFQ	47	0	0	87	0	0	80	288	669	922	1091	79	113	343	615	472	1571	314	377	1033	767	1273	967	1677	3300	3998	1954	4404	3615	5253	4300	11777	10960	10007	24652	20012	76251	32004	57507	84728	112984	248050	844920	0
FFQ	48	0	0	272	0	0	71	260	729	932	988	66	135	354	654	520	1440	287	379	1023	768	1448	935	1813	3434	3936	1744	4585	3676	5478	4542	11226	11347	10426	24773	20622	81443	33799	59595	81382	111310	234908	852084	0
FFQ	49	0	0	377	0	0	89	291	760	974	923	72	146	382	717	618	1426	235	407	1104	809	1508	977	1916	3148	4242	1507	4843	4018	5915	4721	10772	11597	10736	24995	21836	86571	36625	63005	72721	120474	227184	844706	0
FFQ	50	0	0	584	0	0	85	331	799	1040	982	90	157	361	811	610	1286	265	424	1124	799	1626	965	2013	3292	4202	1314	5147	4124	6372	4825	10832	12181	11397	25329	23398	92764	38742	66350	71633	123811	223116	830142	0
FFQ	51	0	0	882	0	0	95	326	845	959	831	78	155	394	866	660	1270	243	439	1126	791	1713	1000	2080	3463	4234	1201	5376	4133	6801	5245	10686	12561	11787	26350	25154	99308	40865	70197	70183	127763	219233	814005	0
FFQ	52	0	0	1250	0	0	87	348	938	1086	872	80	185	431	954	651	1141	219	458	1244	776	1921	979	2171	3749	4136	1194	5652	4077	7284	5462	10624	13102	12241	26247	26640	106904	43662	74691	69851	131679	213664	796609	0
FFQ	53	0	0	1589	0	0	99	338	933	1112	737	98	223	455	1037	675	1062	208	497	1206	819	2000	1034	2308	3844	4009	1135	5693	4115	7571	5750	10524	13528	12842	26808	28168	115509	46138	77967	68689	135352	211481	777676	0
FFQ	54	0	0	2047	0	0	142	379	1012	1114	657	111	205	424	992	714	892	235	516	1388	799	2057	1031	2426	4009	3921	1021	5904	4304	8145	6030	10530	14219	13239	27104	30043	124323	49263	82483	68310	139941	206836	756421	0
FFQ	55	0	0	2560	0	0	116	328	1043	1133	565	128	221	393	1106	747	784	206	529	1393	779	2070	1195	2452	4084	2908	2066	6494	4185	8563	6385	10460	14661	13670	28057	32465	133407	52215	85568	68239	144543	202763	734662	0
FFQ	56	0	0	3083	0	0	149	450	1161	1399	635	136	277	467	1181	740	750	232	536	1498	752	2203	1196	2552	4252	2782	2049	6589	4255	9096	6390	10365	15407	14335	28395	34741	143578	55828	90023	66806	149024	197473	712298	0
FFQ	57	0	0	3645	0	0	140	347	1081	1189	425	154	320	470	1327	759	760	198	556	1460	732	2236	1257	2731	4265	2667	2232	6894	4219	9231	6989	10565	15979	15066	28976	36839	154740	59436	94739	66034	154340	192918	687111	0
FFQ	58	0	0	4255	0	0	149	377	1095	1219	360	153	270	396	1310	671	644	192	603	1570	749	2411	1303	2859	4219	2420	2374	7111	4176	9706	7301	10564	16593	15525	29740	39285	166472	63386	99391	64866	158522	187695	663033	0
FFQ	59	0	0	4875	0	0	154	344	1090	1238	252	140	333	402	1233	630	577	196	591	1709	712	2213	1187	3499	3820	2111	2113	8473	4400	9556	7573	10489	17297	16086	30437	41865	179170	67644	103914	63473	163531	180873	638693	0
FFQ	60	0	0	5564	0	0	166	387	1094	1439	237	176	307	429	1226	522	552	224	590	1762	709	2335	1235	3593	3678	1995	2194	8753	4303	9811	7879	10775	17747	16903	31021	44020	192541	72045	109732	61552	168475	174257	612563	0
FFQ	61	0	0	6289	0	0	153	317	1109	1301	151	164	338	426	1317	543	511	212	641	1879	640	2411	1129	3723	3626	1940	2341	9064	4407	9811	8317	10806	18539	17603	31992	46434	207154	76160	115249	60079	173411	168904	583571	0
FFQ	62	0	0	7095	0	0	209	343	1199	1350	160	193	334	409	1338	510	519	206	630	1918	673	2506	1144	3826	3482	1859	2445	9631	4516	10118	8639	11305	19054	18315	32902	49386	222312	80853	120563	58383	178383	161145	554666	0
FFQ	63	0	0	8016	0	0	186	324	1171	1266	106	220	339	407	1274	470	564	193	641	2001	601	2563	1241	4122	3482	1911	2639	9622	4615	9864	9028	11617	19741	18821	33905	51823	238740	85870	126152	56348	184230	153676	524527	0
FFQ	64	0	0	8940	0	0	187	318	1120	1228	69	204	356	353	1245	415	547	199	673	1992	553	2636	1256	4125	3411	1868	2682	10116	4678	9903	9571	12174	20319	19549	35068	54863	255589	90777	131950	54118	188925	146734	493337	0
FFQ	65	0	0	10018	0	0	193	301	1234	1242	46	200	312	352	1182	391	505	258	671	1626	998	2807	1243	3506	3864	1961	2825	10160	3631	9855	11258	12838	20658	19847	36444	57398	273263	96262	137448	52022	194238	137264	463440	0
FFQ	66	0	0	11172	0	0	215	256	1196	1156	22	219	363	390	1115	329	499	245	729	1661	987	2903	1184	3682	3862	1886	2956	10262	3618	9553	11849	13551	21400	20799	37469	60182	291965	101824	143386	49529	198290	128794	431880	0
FFQ	67	0	0	12463	0	0	195	270	1124	1076	19	224	330	292	1107	294	520	274	693	1772	1016	3035	1245	3744	3852	1890	3058	10571	3702	9321	12170	14138	22070	21130	38965	62949	311195	107781	149141	47631	201993	121571	398042	0
FFQ	68	0	0	13910	0	0	201	229	1114	973	5	267	362	323	1057	272	551	281	765	1746	1008	3073	1261	3650	3718	1920	3156	10821	3860	8777	12868	14659	22646	22290	40217	66369	330983	113558	155362	45238	205251	112328	365200	0
FFQ	69	0	0	15493	0	0	210	209	1080	953	4	259	309	329	970	211	602	269	789	1857	1001	3203	1228	3753	3609	2050	3389	11159	3892	8591	13261	15489	22822	22885	42045	70055	351024	119419	161489	42365	207452	103564	332225	0
FFQ	70	0	0	17500	0	0	181	181	1068	882	2	220	324	283	820	216	581	228	766	1835	924	3090	1259	2894	2802	3793	3530	11145	4070	8454	13767	15963	23250	23547	43396	73343	372836	125010	167009	40274	209426	94234	299519	0
FFQ	71	0	0	19811	0	0	167	187	1189	923	1	238	332	272	814	183	581	249	776	1848	924	3158	1166	2840	2795	3664	3631	11349	4161	7808	14204	16452	23926	24283	45176	76491	394206	131118	172324	36944	210198	85211	267987	0
FFQ	72	0	0	22570	0	0	129	125	800	614	2	194	289	223	714	142	613	239	775	1859	928	3094	1048	2674	2717	3814	3756	11258	4256	7445	14626	17197	24245	25186	46611	80114	417681	136516	177344	33963	209411	76116	237032	0
FFQ	73	0	0	25837	0	0	74	65	540	468	0	159	174	156	448	102	558	248	707	1763	851	3023	1111	2453	2578	3822	3888	11175	4505	7081	15186	17755	24835	25462	48972	83799	440737	142083	182234	31788	206697	67245	206315	0
FFQ	74	0	0	29699	0	0	20	16	190	243	1	55	63	81	251	50	539	210	746	1799	825	2963	982	2148	2633	3997	4057	11052	4473	6417	15517	18225	25063	26168	50683	88556	463598	148075	185994	29080	202735	58382	177695	0
FFQ	75	0	0	33814	0	0	0	1	1	7	0	0	0	3	15	6	611	251	708	1877	776	2900	919	1894	2563	3993	3987	8975	6837	6056	15858	18580	25701	27024	52578	92326	486667	153480	189746	26100	196710	50128	150364	0
FFQ	76	0	0	37393	0	0	0	0	0	0	0	0	0	0	0	0	878	413	1207	3260	1280	4675	1434	2824	4152	6827	6989	13721	12776	9055	27762	32475	47840	50777	102263	193598	373846	153669	150085	51872	159347	64578	44302	0
# Last Fragment Qualities. Use `grep ^LFQ | cut -f 2-` to extract this part.
# Columns correspond to qualities and rows to cycles. First column is the cycle number.
LFQ	1	0	0	75	0	0	0	0	152	0	0	2516	0	72	0	0	27	4676	0	56	37	70	0	993	3524	86	5433	9502	10317	13567	638	47539	300901	0	119963	1053919	0	0	0	0	0	0	0	0
LFQ	2	0	0	5	0	0	0	0	156	0	0	2214	0	63	0	0	61	4870	0	46	73	79	0	1343	3473	67	5203	9690	12351	12166	671	42353	266951	0	66276	1145952	0	0	0	0	0	0	0	0
LFQ	3	0	0	13	0	0	0	0	152	0	0	2338	0	66	0	0	40	4805	0	56	13	72	0	1437	3286	74	5334	9293	13265	12529	602	42218	257472	0	61460	1159538	0	0	0	0	0	0	0	0
LFQ	4	0	0	150	0	0	0	0	144	0	0	2320	0	69	0	0	0	1521	912	51	2275	74	0	1403	95	67	3157	4171	1635	7078	132	10976	411	18416	25805	0	197246	0	1295955	0	0	0	0	0
LFQ	5	0	0	0	0	0	0	0	163	0	0	2242	0	61	0	0	0	1592	955	51	2339	78	0	1307	83	85	3205	4336	1686	7065	142	11137	387	18221	25912	0	201809	0	1291207	0	0	0	0	0
LFQ	6	0	0	0	0	0	0	2	38	380	0	1506	399	14	57	3	346	363	2532	712	546	15	172	669	1129	44	3339	3836	1597	4893	2221	10602	2728	19350	22451	1	180406	20928	1292784	0	0	0	0	0
LFQ	7	0	0	0	0	0	1	6	44	384	0	1578	383	6	57	6	333	342	2381	723	573	16	171	604	1202	56	3250	3755	1607	4805	2309	10872	2774	19423	22158	2	180036	20510	1293696	0	0	0	0	0
LFQ	8	0	0	0	0	0	0	3	51	401	0	1473	421	11	51	2	355	356	2415	746	572	15	184	608	1151	56	3329	3861	1999	4269	2363	10729	2754	19383	22616	2	179022	20454	1294411	0	0	0	0	0
LFQ	9	0	0	0	0	0	1	4	52	366	0	1540	365	8	58	6	306	356	2442	725	570	26	192	667	1163	58	3380	1583	4902	3704	2312	11041	2157	15875	14626	11987	53663	42	103811	66348	1269727	0	0	0
LFQ	10	0	0	0	0	0	5	4	42	420	1	1714	400	12	55	3	385	361	2464	781	622	24	176	728	1172	60	3522	1547	5770	2888	2331	11034	2134	16166	14998	12077	53853	39	104469	67444	1266362	0	0	0
LFQ	11	0	0	21	0	0	2	1	34	375	0	1559	384	16	60	8	352	386	2427	790	597	37	215	672	1262	81	3480	1614	6864	1827	2432	10857	2088	16110	15138	12040	54538	39	104636	69168	1263953	0	0	0
LFQ	12	0	0	55	0	0	7	3	47	378	1	1528	370	18	39	5	358	367	2467	800	610	29	223	676	1220	86	3514	1616	7609	1100	2415	11063	2057	16112	15239	12131	54840	58	104327	70619	1262076	0	0	0
LFQ	13	0	0	0	0	0	4	4	44	411	11	1615	441	29	49	2	358	342	2391	843	603	28	210	697	1316	93	3501	1639	7713	987	2406	11446	2015	16079	15436	12051	55854	70	105509	72333	1257533	0	0	0
LFQ	14	0	0	0	0	0	6	3	46	404	11	1620	434	20	54	7	79	587	2546	792	599	50	245	683	534	854	3538	1722	7707	969	2446	6027	7299	12645	15461	12970	11076	35016	29435	87996	75364	221771	1033047	0
LFQ	15	0	0	1	0	0	3	10	55	626	13	2580	713	14	40	8	98	677	2962	890	748	33	240	711	613	944	3596	1649	7981	1010	2394	5955	7392	12578	15672	13144	11489	35475	29953	88179	75063	224555	1025999	0
LFQ	16	0	0	0	0	0	5	2	60	443	17	1546	425	13	67	7	107	606	2657	941	692	39	256	686	627	917	3546	1674	8082	1017	2657	6236	7431	13342	15984	13340	11769	35055	30169	89511	75383	225602	1023152	0
LFQ	17	0	0	0	0	0	6	7	66	427	39	1642	417	21	62	14	142	649	2585	892	679	55	275	678	683	989	3496	1607	7816	1017	2485	6431	7639	12764	16371	13588	12274	36090	30609	90337	76043	228178	1016990	0
LFQ	18	0	0	0	0	0	6	10	59	449	43	1651	405	19	53	11	138	645	2515	896	686	54	272	735	677	1112	3531	1770	7863	1066	2552	6523	7562	12956	16406	13314	12785	35305	30626	91196	76761	230586	1012825	0
LFQ	19	0	0	0	0	0	3	17	46	485	71	1717	417	23	60	18	157	612	284	3200	686	60	307	724	746	1160	3511	1770	7623	1104	2572	6852	7648	12555	11069	18988	13511	29138	32868	74362	84863	238023	1016813	0
LFQ	20	0	0	1	0	0	5	15	69	529	75	1578	428	18	71	18	195	675	357	2958	709	63	329	682	811	1302	3601	1888	7685	1158	2722	7072	7849	12617	11159	19306	14218	29327	32867	76710	86640	240389	1007967	0
LFQ	21	0	0	1	0	0	11	15	60	572	107	1588	402	28	65	29	212	673	453	2907	710	71	382	725	925	1450	3675	1905	7675	1161	2761	7255	8024	12380	11549	19346	14593	29777	33652	77383	89184	242564	999793	0
LFQ	22	0	0	0	0	0	7	26	71	583	158	1665	380	28	70	22	237	803	524	2712	717	78	367	727	1020	1639	3477	1942	7620	1180	2822	7876	7942	12263	11676	19678	15490	30219	34134	79198	92250	244822	989640	0
LFQ	23	0	0	66	0	0	13	24	75	619	221	1608	426	37	64	15	300	902	695	2534	758	102	447	776	1041	1919	3507	1984	7475	1211	2764	8355	8281	12262	11960	19687	16491	30507	34305	81267	94499	248089	978777	0
LFQ	24	0	0	0	0	0	10	34	98	743	277	1582	357	42	58	49	325	944	819	2344	812	146	487	734	1202	2145	3549	2102	7318	1284	2817	8781	8281	12043	12147	19803	17460	30994	34859	83904	91328	236264	987921	0
LFQ	25	0	0	0	0	0	16	39	81	798	356	1524	296	58	71	35	402	1036	915	2062	770	135	547	798	1319	2380	3412	2109	7177	1390	2982	9547	8391	11992	12548	20299	18601	31101	35554	86075	92592	242260	974395	0
LFQ	26	0	0	18	0	0	20	52	99	859	506	1596	269	51	100	44	462	1132	1066	1847	812	170	529	848	1421	2752	3354	2199	6669	1481	3087	10197	8534	11703	13028	19927	19946	31584	35828	87752	92259	251097	960765	0
LFQ	27	0	0	2	0	0	18	70	119	1040	613	1534	235	69	90	68	570	1388	1223	1688	833	180	650	799	1462	2995	3302	2246	6593	1602	3224	10635	8786	11389	13859	20445	21495	31705	36067	90438	92048	260388	944195	0
LFQ	28	0	0	13	0	0	17	69	122	1080	827	1345	164	77	102	60	620	1496	1211	1437	871	208	676	873	1528	3397	3518	2352	6362	1551	3306	11279	8837	11161	14286	20142	22877	32052	36648	92398	91986	267026	932089	0
LFQ	29	0	0	2	0	0	21	72	150	1191	946	1314	124	89	120	88	727	1584	1191	1283	915	253	751	894	1633	3663	3650	2565	6083	1671	3299	12174	9177	10620	15114	20459	24993	32308	36849	95669	90934	272235	919252	0
LFQ	30	0	0	3	0	0	20	98	205	1299	1136	1105	80	86	126	93	840	1787	1065	1240	893	300	783	957	1663	3723	3914	2577	5734	1867	3370	13199	9288	10271	15664	20354	26588	32237	37998	98308	90285	279307	905600	0
LFQ	31	0	0	4	0	0	32	103	205	1400	1336	875	45	100	167	107	932	1949	946	1237	881	291	828	978	1731	3935	4224	2784	5586	1973	3451	14034	9564	9939	16205	20327	28843	32535	38693	101345	89883	284013	892582	0
LFQ	32	0	0	5	0	0	41	124	245	1479	1491	677	35	114	165	138	1028	1979	734	1240	962	352	883	1021	1770	4120	4334	2975	5230	2033	3606	14886	9957	9548	17141	20148	31055	32356	39364	104826	89207	289394	879351	0
LFQ	33	0	0	4	0	0	37	152	263	1577	1693	484	47	140	201	149	1191	2145	575	1285	928	402	1019	1062	1866	4311	4467	2991	4953	2238	3760	15337	10054	9249	17749	20375	33804	31856	40570	108245	88337	294547	865896	0
LFQ	34	0	0	4	0	0	42	181	359	1595	1832	310	42	145	222	184	1343	2115	431	1303	992	412	1132	1122	1919	4482	4803	3149	4922	2372	3773	15803	10409	9033	18900	20317	35666	32295	41569	111244	87356	299487	852653	0
LFQ	35	0	0	179	0	0	55	176	371	1663	2044	191	44	199	255	204	1461	2147	332	1333	1048	501	1171	1172	2096	4636	4667	3531	4729	2689	3982	16280	10800	9127	19902	20783	38869	31691	42790	114798	87106	303408	837439	0
LFQ	36	0	0	7	0	0	54	212	485	1656	2108	112	58	186	263	293	1739	2177	328	1474	1034	534	1296	1313	2105	4699	4860	3586	4833	2866	4213	16585	11089	9224	21156	20739	41064	31418	43952	117677	88175	307628	822631	0
LFQ	37	0	0	3	0	0	59	251	506	1677	2212	76	65	243	298	294	1778	1930	284	1413	1057	579	1439	1355	2277	4932	4821	3903	4680	3196	4393	17047	11361	9413	22064	21105	43980	31267	45741	120380	89052	311722	806948	0
LFQ	38	0	0	4	0	0	73	280	600	1741	2303	61	66	243	316	368	1912	1852	314	1500	1178	611	1511	1470	2508	5040	4597	4150	4784	3436	4574	17103	11778	9540	23545	21102	46730	31836	46824	123068	90334	316802	789616	0
LFQ	39	0	0	4	0	0	75	311	669	1669	2355	63	90	250	391	386	2093	1583	309	1572	1150	738	1444	1567	2723	5150	4393	4357	4963	3888	4669	17300	12439	10266	24623	21191	49510	31735	48190	120454	96519	319662	774969	0
LFQ	40	0	0	4	0	0	84	330	801	1747	2320	58	105	320	463	479	2096	1460	375	1646	1169	768	1469	1633	3019	5310	4068	4599	5107	4240	4952	17186	12767	10567	25861	21930	52080	32311	49952	122952	97141	323582	758733	0
LFQ	41	0	0	31	0	0	91	445	848	1717	2438	63	100	341	494	497	2095	1217	398	1674	1245	925	1632	1837	3359	5549	3929	4955	5109	4659	5243	17177	13001	11110	27472	22291	54451	33354	51893	125732	98863	325663	741745	0
LFQ	42	0	0	25	0	0	97	309	700	1418	1809	53	101	357	498	471	2125	961	390	1414	1016	878	1396	1730	3028	4949	3396	4559	4617	4793	4631	15711	11943	10508	25959	20143	56116	29305	51392	107304	110480	295465	793553	0
LFQ	43	0	0	18	0	0	82	418	781	1445	1866	63	128	381	616	526	2211	867	420	1512	1059	903	1465	1936	3369	4926	3029	4792	4625	5190	4688	15315	12435	10576	26593	20364	58629	30258	51968	106001	105991	281935	806190	0
LFQ	44	0	0	166	0	0	106	406	912	1513	1787	63	149	362	662	569	2171	748	456	1513	1126	1070	1563	2042	3542	5209	2894	5093	4624	5543	5073	15235	12779	11123	27236	21329	61458	31596	53968	105750	104214	274526	804953	0
LFQ	45	0	0	12	0	0	126	499	1119	1701	2084	101	136	454	810	716	2361	567	453	1466	1129	1613	1280	2096	4052	5197	2737	5565	4629	6010	5226	15113	13384	11655	28470	22190	65184	33261	55586	105778	103922	273386	793421	0
LFQ	46	0	0	11	0	0	113	488	1099	1506	1701	82	178	513	863	729	2385	508	559	1489	1111	1763	1263	2245	4281	5237	2494	5759	4786	6524	5527	14949	13642	12402	29421	23224	68516	34779	58552	104955	106691	270824	782281	0
LFQ	47	0	0	152	0	0	153	510	1158	1570	1633	99	195	490	967	797	2051	448	567	1549	1196	1826	1290	2468	4745	5337	2315	6310	4794	7162	5905	14710	14601	12951	30355	25288	72264	36627	60847	105085	109204	269862	765933	0
LFQ	48	0	0	351	0	0	135	565	1391	1600	1652	97	212	557	1009	861	2000	417	616	1656	1244	2007	1349	2568	4843	5229	2138	6502	4994	7735	6143	14524	15282	13796	31268	26661	76347	38624	64053	105397	112690	268900	747971	0
LFQ	49	0	0	670	0	0	168	568	1365	1671	1482	128	268	564	1032	850	1787	367	633	1702	1185	2212	1352	2746	4568	5718	1786	6961	5471	8494	6365	14598	16012	14481	31785	28376	79891	41599	66767	95507	126591	266441	731186	0
LFQ	50	0	0	1002	0	0	180	620	1448	1725	1405	125	252	576	1195	944	1784	301	619	1811	1175	2407	1396	2798	4791	5789	1679	7528	5406	8905	7050	14479	16703	14980	32681	30648	84778	43634	70516	96016	128076	264832	713069	0
LFQ	51	0	0	1445	0	0	89	451	1077	1435	1064	208	449	850	2364	1309	2979	238	592	1654	757	3923	1912	5050	7401	9726	3453	11622	6544	20725	9335	33957	32060	26760	78798	64877	81145	68486	188233	208137	386949	212197	95047	0
LFQ	52	0	0	1703	0	0	136	447	1140	1310	940	155	339	666	1732	1048	1776	220	529	1428	848	2702	1510	3594	5605	6101	1826	8479	5094	12967	7042	18976	21278	19090	49150	49861	85984	53109	101730	132777	403590	439820	128557	0
LFQ	53	0	0	2011	0	0	115	408	1097	1300	828	149	287	543	1414	877	1264	242	534	1536	924	2409	1338	3084	4883	4951	1389	7412	4645	10641	6666	13973	17272	15867	35123	36733	104897	49422	83603	91430	209170	394075	460717	0
LFQ	54	0	0	2422	0	0	122	389	998	1249	692	122	262	464	1272	771	983	238	508	1490	829	2389	1242	2952	4518	4308	1215	7261	4467	9824	6651	12098	16048	15272	30324	33587	117703	50316	83112	76148	162126	249002	669813	0
LFQ	55	0	0	2929	0	0	138	379	1088	1232	602	124	291	451	1199	849	841	238	533	1466	823	2256	1300	3033	4533	2999	2174	7024	4482	9837	6855	11397	15568	15362	28770	33800	128584	52958	84890	69550	151361	206011	717216	0
LFQ	56	0	0	3474	0	0	137	414	1061	1322	517	150	256	434	1312	794	751	228	643	1588	780	2449	1363	2871	4482	2884	2153	7383	4356	9686	7045	11067	15899	15318	28666	34946	139298	55929	88504	65074	150506	188307	721036	0
LFQ	57	0	0	4131	0	0	135	381	1131	1257	445	149	278	452	1278	803	643	216	567	1560	803	2465	1413	2952	4513	2670	2192	7420	4326	9881	7453	10900	16382	15884	28938	36710	151166	59034	93272	62045	152598	178433	708151	0
LFQ	58	0	0	4914	0	0	175	337	1102	1322	380	167	283	409	1348	727	587	242	583	1646	763	2671	1368	3073	4373	2610	2283	7831	4311	10011	7689	10987	16979	16149	29509	38932	163067	62639	98351	60801	156423	171407	686516	0
LFQ	59	0	0	5754	0	0	161	480	1212	1444	301	171	331	429	1423	652	670	225	621	1812	778	2496	1259	3757	3934	2208	2166	9070	4528	10407	8163	11097	17447	16898	30034	41325	175768	66437	103254	59082	160629	164696	661774	0
LFQ	60	0	0	6658	0	0	155	379	1204	1384	208	196	376	437	1466	569	583	234	643	1872	715	2609	1294	3831	3935	2168	2219	9465	4507	10569	8429	11171	18316	17620	30917	43383	188364	70737	109085	57330	166683	157495	635585	0
LFQ	61	0	0	7682	0	0	155	331	1241	1428	179	192	307	420	1435	533	561	231	685	1903	666	2690	1378	3963	3679	2095	2393	9618	4535	10543	8900	11523	18795	18272	31446	45723	203398	75438	114195	55538	171825	151887	606879	0
LFQ	62	0	0	8706	0	0	191	440	1342	1583	140	218	363	458	1482	528	547	236	696	2007	674	2716	1256	4327	3862	2017	2625	10163	4674	10542	9231	11722	19408	18717	32337	48080	218275	80072	119389	53892	177551	145670	576382	0
LFQ	63	0	0	10124	0	0	210	391	1413	1679	126	273	465	519	1612	577	603	241	696	2133	641	3026	1391	4481	3805	2102	2699	10359	4710	10788	9798	12449	20283	19543	33352	50653	233224	84800	125306	52141	182358	138669	544676	0
LFQ	64	0	0	10886	0	0	220	319	1241	1326	60	265	575	661	1650	499	582	230	764	2133	582	3098	1352	4530	3546	1952	2918	10872	4792	10722	10059	12894	20844	20363	34328	53460	250366	90385	130896	49889	187878	130383	514528	0
LFQ	65	0	0	12191	0	0	216	293	1248	1361	31	273	422	453	1431	461	536	248	744	1791	1086	3219	1383	3962	4152	1975	2895	11139	3759	10413	12002	13557	21243	20985	35744	56168	267866	95622	136847	48111	193419	123709	480806	0
LFQ	66	0	0	13661	0	0	205	319	1339	1399	24	296	458	398	1380	396	596	296	800	1924	1040	3263	1374	4059	4216	2076	3061	11226	3840	9999	12486	13962	21780	21899	36839	59314	286304	101446	143053	45411	197769	116593	446877	0
LFQ	67	0	0	15145	0	0	215	289	1249	1201	17	257	405	390	1285	307	583	284	833	1802	996	3307	1376	4074	4046	2081	3250	11425	3890	9920	13038	14677	22381	22054	38186	62293	305597	106512	148813	42720	202950	107523	415492	0
LFQ	68	0	0	16786	0	0	217	225	1260	1011	8	293	398	360	1112	307	595	234	796	1805	1015	3359	1301	4092	3964	2083	3420	11726	3839	9507	13390	15153	22583	22672	39493	65319	325821	112270	154834	40223	207662	99330	381806	0
LFQ	69	0	0	18769	0	0	169	251	1178	994	3	250	385	313	986	243	633	247	760	1878	1076	3454	1276	3951	3850	2136	3449	11591	3951	9098	13761	15802	22789	23506	41253	68073	346492	118604	161016	37528	210537	90685	348577	0
LFQ	70	0	0	20743	0	0	203	210	1151	962	2	302	417	347	904	211	598	255	819	1881	1063	3450	1296	2980	2935	3878	3750	11725	4026	8650	14396	16251	23536	23783	42627	70594	368419	124640	167652	34966	212577	82023	314400	0
LFQ	71	0	0	23215	0	0	188	189	1052	778	0	239	348	315	800	189	640	289	841	1893	950	3477	1176	2834	3004	3913	3707	11907	4263	8047	14765	16932	23948	24962	44233	74301	389625	130443	173313	32037	214008	74360	280406	0
LFQ	72	0	0	26095	0	0	179	149	919	665	0	237	312	254	684	152	644	236	821	1876	925	3386	1208	2705	2845	4076	3895	11747	4550	7531	15285	17584	24469	24859	45822	77763	412367	136591	178897	29700	213213	65869	247810	0
LFQ	73	0	0	29525	0	0	107	109	758	595	0	223	190	195	508	123	632	242	823	1838	926	3318	1135	2526	2848	4162	4054	12023	4545	7133	15892	17783	24689	25793	47942	80963	434971	142706	184346	27380	210494	57809	215588	0
LFQ	74	0	0	33827	0	0	50	58	410	341	1	130	124	127	375	85	603	246	832	1878	942	3437	1099	2333	2866	4228	4254	11721	4742	6623	16024	18747	25077	26083	49293	85053	458098	147927	189052	24400	206938	50145	185112	0
LFQ	75	0	0	37974	0	0	0	3	11	64	0	0	4	10	109	14	647	290	803	1819	865	3401	1083	2179	2844	4206	4173	9557	6907	6147	16772	19359	25560	27024	50897	88088	481421	154522	192380	22223	201061	42392	156647	0
LFQ	76	0	0	43281	0	0	0	0	0	0	0	0	0	0	0	0	1352	603	1586	4263	1689	6179	1886	3361	4547	6903	7666	15551	10474	9061	25645	27462	38145	38562	71370	138168	438372	150451	175845	44477	155719	53566	83114	0
# GC Content of first fragments. Use `grep ^GCF | cut -f 2-` to extract this part.
GCF	0.50	0
GCF	1.76	1
GCF	3.77	0
GCF	5.78	1
GCF	7.04	0
GCF	8.29	2
GCF	9.55	7
GCF	10.80	3
GCF	12.31	15
GCF	13.57	39
GCF	14.82	70
GCF	15.83	187
GCF	16.58	188
GCF	17.34	390
GCF	17.84	389
GCF	18.84	769
GCF	20.10	1314
GCF	20.85	2142
GCF	21.36	2141
GCF	21.86	2142
GCF	22.61	3528
GCF	23.37	3530
GCF	23.87	5116
GCF	24.37	5119
GCF	24.87	7057
GCF	25.38	7058
GCF	25.88	7055
GCF	26.38	9507
GCF	26.88	9513
GCF	27.39	12688
GCF	27.89	12687
GCF	28.39	12697
GCF	28.89	15990
GCF	29.40	16005
GCF	29.90	16013
GCF	30.40	20229
GCF	30.90	20259
GCF	31.41	24934
GCF	31.91	24951
GCF	32.41	24990
GCF	32.91	29831
GCF	33.42	29841
GCF	33.92	29851
GCF	34.42	35366
GCF	34.92	35406
GCF	35.43	41419
GCF	35.93	41454
GCF	36.43	41491
GCF	36.93	46974
GCF	37.44	46993
GCF	37.94	52830
GCF	38.44	52887
GCF	38.94	52935
GCF	39.45	57096
GCF	39.95	57162
GCF	40.45	57179
GCF	40.95	60595
GCF	41.46	60602
GCF	41.96	63182
GCF	42.46	63294
GCF	42.96	63274
GCF	43.47	64781
GCF	43.97	64748
GCF	44.47	64718
GCF	44.97	64885
GCF	45.48	64897
GCF	45.98	64557
GCF	46.48	64542
GCF	46.98	64555
GCF	47.49	63644
GCF	47.99	63633
GCF	48.49	62880
GCF	48.99	62875
GCF	49.50	62859
GCF	50.00	61687
GCF	50.50	61686
GCF	51.01	61697
GCF	51.51	61357
GCF	52.01	61346
GCF	52.51	60831
GCF	53.02	60837
GCF	53.52	60792
GCF	54.02	60210
GCF	54.52	60203
GCF	55.03	59148
GCF	55.53	59133
GCF	56.03	59148
GCF	56.53	58083
GCF	57.04	58074
GCF	57.54	58079
GCF	58.04	56804
GCF	58.54	56791
GCF	59.05	54104
GCF	59.55	54046
GCF	60.05	54068
GCF	60.55	51137
GCF	61.06	51141
GCF	61.56	51149
GCF	62.06	47183
GCF	62.56	47193
GCF	63.07	42012
GCF	63.57	41983
GCF	64.07	41934
GCF	64.57	36489
GCF	65.08	36457
GCF	65.58	30629
GCF	66.08	30628
GCF	66.58	30620
GCF	67.09	24337
GCF	67.59	24297
GCF	68.09	24257
GCF	68.59	18756
GCF	69.10	18712
GCF	69.60	13686
GCF	70.10	13674
GCF	70.60	13661
GCF	71.11	9561
GCF	71.61	9539
GCF	72.11	9538
GCF	72.61	6435
GCF	73.12	6410
GCF	73.62	4163
GCF	74.12	4157
GCF	74.62	4153
GCF	75.13	2786
GCF	75.63	2787
GCF	76.13	1763
GCF	76.63	1759
GCF	77.14	1753
GCF	77.64	1128
GCF	78.14	1126
GCF	78.64	1121
GCF	79.15	690
GCF	79.65	687
GCF	80.15	417
GCF	80.65	415
GCF	81.16	411
GCF	81.66	263
GCF	82.16	262
GCF	83.17	154
GCF	84.17	52
GCF	84.67	53
GCF	85.18	54
GCF	85.93	19
GCF	86.68	12
GCF	87.19	13
GCF	87.69	12
GCF	88.19	5
GCF	88.94	4
GCF	89.95	1
GCF	91.21	0
GCF	92.46	1
GCF	94.47	0
GCF	96.48	1
# GC Content of last fragments. Use `grep ^GCL | cut -f 2-` to extract this part.
GCL	3.27	0
GCL	7.04	1
GCL	8.79	2
GCL	10.80	3
GCL	12.31	7
GCL	13.57	21
GCL	14.82	71
GCL	15.83	147
GCL	16.58	148
GCL	17.34	328
GCL	17.84	327
GCL	18.84	659
GCL	20.10	1196
GCL	20.85	1868
GCL	21.36	1867
GCL	21.86	1869
GCL	22.61	3015
GCL	23.37	3017
GCL	23.87	4501
GCL	24.37	4504
GCL	24.87	6237
GCL	25.38	6239
GCL	25.88	6236
GCL	26.38	8611
GCL	26.88	8620
GCL	27.39	11433
GCL	27.89	11432
GCL	28.39	11437
GCL	28.89	14885
GCL	29.40	14894
GCL	29.90	14903
GCL	30.40	19248
GCL	30.90	19283
GCL	31.41	23814
GCL	31.91	23829
GCL	32.41	23860
GCL	32.91	28955
GCL	33.42	28971
GCL	33.92	28981
GCL	34.42	34743
GCL	34.92	34774
GCL	35.43	40872
GCL	35.93	40910
GCL	36.43	40955
GCL	36.93	46943
GCL	37.44	46955
GCL	37.94	52757
GCL	38.44	52822
GCL	38.94	52861
GCL	39.45	57516
GCL	39.95	57590
GCL	40.45	57609
GCL	40.95	61674
GCL	41.46	61666
GCL	41.96	63866
GCL	42.46	63981
GCL	42.96	63978
GCL	43.47	66184
GCL	43.97	66140
GCL	44.47	66109
GCL	44.97	65808
GCL	45.48	65813
GCL	45.98	65720
GCL	46.48	65717
GCL	46.98	65734
GCL	47.49	64411
GCL	47.99	64406
GCL	48.74	63811
GCL	49.50	63798
GCL	50.00	62460
GCL	50.50	62463
GCL	51.01	62464
GCL	51.51	62133
GCL	52.01	62108
GCL	52.51	61379
GCL	53.02	61399
GCL	53.52	61379
GCL	54.02	60703
GCL	54.52	60700
GCL	55.03	59725
GCL	55.53	59708
GCL	56.03	59718
GCL	56.53	58250
GCL	57.04	58240
GCL	57.54	58219
GCL	58.04	56540
GCL	58.54	56535
GCL	59.05	54237
GCL	59.55	54189
GCL	60.05	54214
GCL	60.55	51478
GCL	61.06	51470
GCL	61.56	51473
GCL	62.06	46983
GCL	62.56	46999
GCL	63.07	42404
GCL	63.57	42379
GCL	64.07	42347
GCL	64.57	36191
GCL	65.08	36154
GCL	65.58	30145
GCL	66.08	30132
GCL	66.58	30122
GCL	67.09	24302
GCL	67.59	24255
GCL	68.09	24222
GCL	68.59	18790
GCL	69.10	18750
GCL	69.60	13519
GCL	70.10	13514
GCL	70.60	13494
GCL	71.11	9638
GCL	71.61	9623
GCL	72.11	9618
GCL	72.61	6373
GCL	73.12	6354
GCL	73.62	4226
GCL	74.12	4213
GCL	74.62	4208
GCL	75.13	2750
GCL	75.63	2747
GCL	76.13	1702
GCL	76.63	1699
GCL	77.14	1693
GCL	77.89	1088
GCL	78.64	1082
GCL	79.15	694
GCL	79.65	691
GCL	80.15	391
GCL	80.65	389
GCL	81.16	383
GCL	81.66	259
GCL	82.16	258
GCL	83.17	150
GCL	84.42	56
GCL	85.18	55
GCL	85.93	31
GCL	86.68	9
GCL	87.44	10
GCL	88.19	3
GCL	88.94	2
GCL	89.95	0
GCL	91.21	2
# ACGT content per cycle. Use `grep ^GCC | cut -f 2-` to extract this part. The columns are: cycle; A,C,G,T base counts as a percentage of all A/C/G/T bases [%]; and N and O counts as a percentage of all A/C/G/T bases [%]
GCC	1	25.80	23.93	23.41	26.87	0.12	0.00
GCC	2	25.63	24.21	23.64	26.52	0.00	0.00
GCC	3	25.22	24.57	24.05	26.16	0.00	0.00
GCC	4	25.12	24.64	24.15	26.08	0.00	0.00
GCC	5	25.41	24.33	23.83	26.42	0.00	0.00
GCC	6	25.11	24.68	24.26	25.95	0.00	0.00
GCC	7	25.43	24.40	23.88	26.30	0.00	0.00
GCC	8	25.54	24.31	23.73	26.42	0.00	0.00
GCC	9	25.43	24.34	23.86	26.38	0.00	0.00
GCC	10	25.35	24.38	23.92	26.35	0.00	0.00
GCC	11	25.46	24.33	23.84	26.37	0.00	0.00
GCC	12	25.40	24.45	23.87	26.29	0.00	0.00
GCC	13	25.42	24.43	23.78	26.37	0.00	0.00
GCC	14	25.39	24.41	23.78	26.43	0.00	0.00
GCC	15	25.32	24.50	23.92	26.26	0.00	0.00
GCC	16	25.34	24.52	23.90	26.25	0.00	0.00
GCC	17	25.29	24.54	23.95	26.22	0.00	0.00
GCC	18	25.16	24.70	24.09	26.06	0.00	0.00
GCC	19	25.25	24.62	24.03	26.11	0.00	0.00
GCC	20	25.21	24.67	23.97	26.15	0.00	0.00
GCC	21	25.09	24.76	24.08	26.08	0.00	0.00
GCC	22	25.15	24.69	24.05	26.10	0.00	0.00
GCC	23	25.13	24.71	24.01	26.15	0.00	0.00
GCC	24	25.05	24.79	24.10	26.06	0.00	0.00
GCC	25	25.11	24.72	24.05	26.11	0.00	0.00
GCC	26	25.06	24.80	24.02	26.11	0.00	0.00
GCC	27	24.99	24.84	24.11	26.06	0.00	0.00
GCC	28	25.00	24.80	24.12	26.07	0.00	0.00
GCC	29	24.95	24.86	24.08	26.11	0.00	0.00
GCC	30	24.89	24.91	24.16	26.04	0.00	0.00
GCC	31	24.90	24.93	24.13	26.03	0.00	0.00
GCC	32	24.91	24.88	24.14	26.08	0.00	0.00
GCC	33	24.82	24.98	24.20	26.01	0.00	0.00
GCC	34	24.85	24.95	24.15	26.05	0.00	0.00
GCC	35	24.81	24.98	24.14	26.07	0.01	0.00
GCC	36	24.77	25.05	24.18	26.00	0.00	0.00
GCC	37	24.83	25.00	24.16	26.02	0.00	0.00
GCC	38	24.77	25.03	24.15	26.05	0.00	0.00
GCC	39	24.69	25.07	24.20	26.04	0.00	0.00
GCC	40	24.74	25.06	24.15	26.05	0.00	0.00
GCC	41	24.74	25.08	24.14	26.03	0.00	0.00
GCC	42	24.69	25.10	24.20	26.01	0.00	0.00
GCC	43	24.71	25.11	24.15	26.02	0.00	0.00
GCC	44	24.73	25.13	24.11	26.04	0.01	0.00
GCC	45	24.67	25.14	24.22	25.98	0.00	0.00
GCC	46	24.71	25.11	24.15	26.03	0.00	0.00
GCC	47	24.69	25.13	24.13	26.05	0.00	0.00
GCC	48	24.56	25.19	24.24	26.01	0.00	0.00
GCC	49	24.65	25.17	24.13	26.05	0.00	0.00
GCC	50	24.65	25.16	24.11	26.08	0.00	0.00
GCC	51	24.58	25.20	24.25	25.97	0.00	0.00
GCC	52	24.60	25.14	24.18	26.08	0.00	0.00
GCC	53	24.65	25.16	24.17	26.02	0.00	0.00
GCC	54	24.61	25.18	24.21	26.00	0.00	0.00
GCC	55	24.61	25.18	24.17	26.04	0.00	0.00
GCC	56	24.58	25.22	24.14	26.06	0.00	0.00
GCC	57	24.60	25.23	24.21	25.96	0.00	0.00
GCC	58	24.54	25.20	24.19	26.07	0.00	0.00
GCC	59	24.58	25.18	24.16	26.08	0.00	0.00
GCC	60	24.58	25.22	24.21	25.99	0.00	0.00
GCC	61	24.50	25.25	24.18	26.06	0.00	0.00
GCC	62	24.58	25.22	24.13	26.07	0.00	0.00
GCC	63	24.53	25.25	24.18	26.05	0.01	0.00
GCC	64	24.55	25.22	24.17	26.06	0.00	0.00
GCC	65	24.60	25.17	24.13	26.09	0.00	0.00
GCC	66	24.52	25.26	24.19	26.03	0.00	0.00
GCC	67	24.54	25.24	24.12	26.10	0.00	0.00
GCC	68	24.56	25.17	24.14	26.14	0.00	0.00
GCC	69	24.54	25.27	24.18	26.02	0.00	0.00
GCC	70	24.54	25.21	24.14	26.10	0.00	0.00
GCC	71	24.60	25.15	24.13	26.12	0.00	0.00
GCC	72	24.50	25.22	24.21	26.07	0.00	0.00
GCC	73	24.54	25.20	24.15	26.11	0.00	0.00
GCC	74	24.58	25.19	24.15	26.08	0.01	0.00
GCC	75	24.52	25.24	24.15	26.08	0.01	0.00
GCC	76	24.60	25.20	24.16	26.04	0.00	0.00
# ACGT content per cycle, read oriented. Use `grep ^GCT | cut -f 2-` to extract this part. The columns are: cycle; A,C,G,T base counts as a percentage of all A/C/G/T bases [%]
GCT	1	27.39	24.95	22.38	25.28
GCT	2	27.10	23.00	24.85	25.05
GCT	3	25.54	24.39	24.23	25.84
GCT	4	25.15	24.71	24.08	26.06
GCT	5	25.46	24.08	24.08	26.38
GCT	6	25.33	24.93	24.01	25.74
GCT	7	25.45	24.19	24.09	26.28
GCT	8	25.48	24.50	23.54	26.47
GCT	9	25.11	24.75	23.44	26.70
GCT	10	25.40	24.62	23.67	26.31
GCT	11	25.39	24.61	23.56	26.44
GCT	12	25.28	24.71	23.61	26.40
GCT	13	25.39	24.57	23.65	26.39
GCT	14	25.35	24.54	23.64	26.46
GCT	15	25.26	24.73	23.68	26.32
GCT	16	25.26	24.68	23.73	26.32
GCT	17	25.19	24.74	23.76	26.31
GCT	18	25.04	24.96	23.82	26.18
GCT	19	25.13	24.83	23.81	26.23
GCT	20	25.15	24.82	23.82	26.21
GCT	21	25.06	24.96	23.87	26.10
GCT	22	25.16	24.89	23.86	26.09
GCT	23	25.18	24.79	23.94	26.10
GCT	24	25.08	24.97	23.92	26.04
GCT	25	25.21	24.83	23.94	26.02
GCT	26	25.17	24.84	23.98	26.01
GCT	27	25.09	24.93	24.02	25.96
GCT	28	25.16	24.87	24.06	25.92
GCT	29	25.15	24.88	24.06	25.92
GCT	30	25.05	24.94	24.13	25.88
GCT	31	25.12	24.90	24.17	25.82
GCT	32	25.15	24.85	24.16	25.84
GCT	33	25.09	24.97	24.21	25.73
GCT	34	25.14	24.89	24.21	25.76
GCT	35	25.13	24.90	24.22	25.75
GCT	36	25.08	24.97	24.26	25.70
GCT	37	25.12	24.91	24.25	25.72
GCT	38	25.10	24.88	24.30	25.72
GCT	39	25.08	24.99	24.28	25.66
GCT	40	25.13	24.91	24.30	25.66
GCT	41	25.13	24.93	24.30	25.64
GCT	42	25.04	25.00	24.30	25.66
GCT	43	25.13	24.89	24.38	25.60
GCT	44	25.14	24.84	24.40	25.62
GCT	45	25.10	24.93	24.43	25.55
GCT	46	25.15	24.87	24.39	25.59
GCT	47	25.15	24.80	24.45	25.60
GCT	48	25.06	24.94	24.49	25.51
GCT	49	25.19	24.88	24.43	25.51
GCT	50	25.17	24.81	24.46	25.56
GCT	51	25.04	24.94	24.51	25.51
GCT	52	25.18	24.83	24.48	25.50
GCT	53	25.15	24.84	24.49	25.52
GCT	54	25.11	24.92	24.48	25.49
GCT	55	25.19	24.84	24.51	25.46
GCT	56	25.18	24.80	24.56	25.46
GCT	57	25.14	24.91	24.52	25.43
GCT	58	25.18	24.78	24.60	25.43
GCT	59	25.27	24.74	24.60	25.39
GCT	60	25.16	24.85	24.58	25.41
GCT	61	25.18	24.78	24.65	25.39
GCT	62	25.22	24.76	24.60	25.42
GCT	63	25.22	24.80	24.62	25.36
GCT	64	25.23	24.75	24.64	25.37
GCT	65	25.31	24.71	24.60	25.38
GCT	66	25.23	24.77	24.67	25.32
GCT	67	25.29	24.68	24.69	25.34
GCT	68	25.34	24.67	24.64	25.36
GCT	69	25.22	24.75	24.70	25.34
GCT	70	25.36	24.67	24.69	25.28
GCT	71	25.32	24.59	24.69	25.40
GCT	72	25.28	24.74	24.68	25.29
GCT	73	25.36	24.64	24.71	25.29
GCT	74	25.34	24.59	24.75	25.32
GCT	75	25.32	24.69	24.71	25.28
GCT	76	25.36	24.56	24.81	25.27
# ACGT content per cycle for first fragments. Use `grep ^FBC | cut -f 2-` to extract this part. The columns are: cycle; A,C,G,T base counts as a percentage of all A/C/G/T bases [%]; and N and O counts as a percentage of all A/C/G/T bases [%]
FBC	1	25.83	23.90	23.42	26.85	0.23	0.00
FBC	2	25.67	24.10	23.63	26.61	0.00	0.00
FBC	3	25.43	24.34	23.89	26.35	0.00	0.00
FBC	4	25.44	24.31	23.87	26.38	0.00	0.00
FBC	5	25.49	24.27	23.83	26.42	0.00	0.00
FBC	6	25.28	24.48	24.14	26.10	0.00	0.00
FBC	7	25.53	24.29	23.76	26.42	0.00	0.00
FBC	8	25.60	24.25	23.69	26.46	0.00	0.00
FBC	9	25.46	24.32	23.80	26.42	0.00	0.00
FBC	10	25.37	24.32	23.86	26.45	0.00	0.00
FBC	11	25.48	24.30	23.84	26.37	0.00	0.00
FBC	12	25.45	24.38	23.86	26.30	0.00	0.00
FBC	13	25.43	24.41	23.76	26.40	0.00	0.00
FBC	14	25.42	24.35	23.79	26.44	0.00	0.00
FBC	15	25.42	24.41	23.88	26.30	0.00	0.00
FBC	16	25.35	24.51	23.88	26.26	0.00	0.00
FBC	17	25.36	24.47	23.96	26.21	0.00	0.00
FBC	18	25.17	24.63	24.07	26.13	0.00	0.00
FBC	19	25.28	24.54	24.06	26.12	0.00	0.00
FBC	20	25.21	24.65	23.97	26.17	0.00	0.00
FBC	21	25.16	24.69	24.05	26.10	0.00	0.00
FBC	22	25.16	24.64	24.09	26.11	0.00	0.00
FBC	23	25.13	24.69	24.01	26.17	0.00	0.00
FBC	24	25.07	24.74	24.09	26.10	0.00	0.00
FBC	25	25.14	24.69	24.04	26.14	0.00	0.00
FBC	26	25.10	24.77	24.02	26.12	0.00	0.00
FBC	27	25.07	24.77	24.10	26.06	0.00	0.00
FBC	28	25.05	24.73	24.14	26.07	0.00	0.00
FBC	29	25.00	24.82	24.05	26.13	0.00	0.00
FBC	30	24.96	24.90	24.12	26.03	0.00	0.00
FBC	31	24.98	24.88	24.10	26.04	0.00	0.00
FBC	32	24.96	24.85	24.15	26.05	0.00	0.00
FBC	33	24.84	24.93	24.19	26.04	0.00	0.00
FBC	34	24.86	24.93	24.14	26.07	0.00	0.00
FBC	35	24.84	24.96	24.12	26.08	0.00	0.00
FBC	36	24.82	25.02	24.17	25.99	0.00	0.00
FBC	37	24.83	24.94	24.15	26.07	0.00	0.00
FBC	38	24.79	25.03	24.14	26.03	0.00	0.00
FBC	39	24.72	25.05	24.18	26.05	0.00	0.00
FBC	40	24.78	25.02	24.17	26.04	0.00	0.00
FBC	41	24.75	25.09	24.13	26.02	0.00	0.00
FBC	42	24.71	25.08	24.19	26.01	0.00	0.00
FBC	43	24.68	25.11	24.18	26.02	0.00	0.00
FBC	44	24.77	25.10	24.09	26.03	0.00	0.00
FBC	45	24.69	25.07	24.25	25.99	0.00	0.00
FBC	46	24.75	25.05	24.12	26.08	0.00	0.00
FBC	47	24.76	25.11	24.13	26.00	0.00	0.00
FBC	48	24.56	25.19	24.22	26.04	0.00	0.00
FBC	49	24.70	25.18	24.06	26.06	0.00	0.00
FBC	50	24.69	25.15	24.07	26.08	0.00	0.00
FBC	51	24.58	25.19	24.25	25.99	0.00	0.00
FBC	52	24.65	25.07	24.17	26.11	0.00	0.00
FBC	53	24.66	25.15	24.18	26.01	0.00	0.00
FBC	54	24.65	25.18	24.18	25.99	0.00	0.00
FBC	55	24.61	25.18	24.17	26.05	0.00	0.00
FBC	56	24.61	25.23	24.14	26.02	0.00	0.00
FBC	57	24.62	25.24	24.19	25.95	0.00	0.00
FBC	58	24.59	25.14	24.20	26.07	0.00	0.00
FBC	59	24.60	25.15	24.18	26.07	0.00	0.00
FBC	60	24.55	25.21	24.22	26.02	0.00	0.00
FBC	61	24.48	25.22	24.21	26.09	0.00	0.00
FBC	62	24.59	25.25	24.09	26.08	0.00	0.00
FBC	63	24.56	25.27	24.16	26.01	0.00	0.00
FBC	64	24.57	25.19	24.18	26.07	0.00	0.00
FBC	65	24.61	25.20	24.10	26.09	0.00	0.00
FBC	66	24.52	25.25	24.18	26.05	0.00	0.00
FBC	67	24.56	25.23	24.11	26.10	0.00	0.00
FBC	68	24.56	25.20	24.09	26.15	0.00	0.00
FBC	69	24.58	25.27	24.16	26.00	0.00	0.00
FBC	70	24.54	25.21	24.14	26.11	0.00	0.00
FBC	71	24.57	25.16	24.16	26.10	0.00	0.00
FBC	72	24.51	25.21	24.20	26.08	0.00	0.00
FBC	73	24.54	25.17	24.16	26.14	0.00	0.00
FBC	74	24.58	25.23	24.15	26.04	0.00	0.00
FBC	75	24.52	25.22	24.17	26.08	0.02	0.00
FBC	76	24.56	25.18	24.17	26.08	0.00	0.00
# ACGT raw counters for first fragments. Use `grep ^FTC | cut -f 2-` to extract this part. The columns are: A,C,G,T,N base counters
FTC	29784276	29731423	28761830	31239207	4194
# ACGT content per cycle for last fragments. Use `grep ^LBC | cut -f 2-` to extract this part. The columns are: cycle; A,C,G,T base counts as a percentage of all A/C/G/T bases [%]; and N and O counts as a percentage of all A/C/G/T bases [%]
LBC	1	25.77	23.95	23.39	26.88	0.00	0.00
LBC	2	25.59	24.32	23.66	26.43	0.00	0.00
LBC	3	25.00	24.81	24.21	25.97	0.00	0.00
LBC	4	24.81	24.97	24.44	25.79	0.01	0.00
LBC	5	25.34	24.39	23.84	26.43	0.00	0.00
LBC	6	24.94	24.88	24.37	25.81	0.00	0.00
LBC	7	25.32	24.50	23.99	26.18	0.00	0.00
LBC	8	25.47	24.37	23.78	26.37	0.00	0.00
LBC	9	25.40	24.35	23.91	26.34	0.00	0.00
LBC	10	25.33	24.44	23.97	26.26	0.00	0.00
LBC	11	25.43	24.36	23.84	26.37	0.00	0.00
LBC	12	25.34	24.51	23.88	26.27	0.00	0.00
LBC	13	25.40	24.46	23.81	26.33	0.00	0.00
LBC	14	25.36	24.46	23.76	26.41	0.00	0.00
LBC	15	25.23	24.58	23.96	26.23	0.00	0.00
LBC	16	25.33	24.53	23.92	26.23	0.00	0.00
LBC	17	25.21	24.62	23.95	26.22	0.00	0.00
LBC	18	25.14	24.76	24.11	25.98	0.00	0.00
LBC	19	25.21	24.69	24.00	26.10	0.00	0.00
LBC	20	25.21	24.69	23.97	26.13	0.00	0.00
LBC	21	25.02	24.82	24.10	26.06	0.00	0.00
LBC	22	25.14	24.74	24.01	26.10	0.00	0.00
LBC	23	25.12	24.73	24.01	26.14	0.00	0.00
LBC	24	25.03	24.84	24.10	26.03	0.00	0.00
LBC	25	25.08	24.76	24.07	26.09	0.00	0.00
LBC	26	25.03	24.84	24.03	26.10	0.00	0.00
LBC	27	24.91	24.91	24.12	26.06	0.00	0.00
LBC	28	24.95	24.88	24.10	26.08	0.00	0.00
LBC	29	24.90	24.90	24.10	26.10	0.00	0.00
LBC	30	24.82	24.93	24.20	26.05	0.00	0.00
LBC	31	24.83	24.97	24.17	26.03	0.00	0.00
LBC	32	24.86	24.90	24.13	26.11	0.00	0.00
LBC	33	24.79	25.03	24.21	25.97	0.00	0.00
LBC	34	24.84	24.98	24.15	26.03	0.00	0.00
LBC	35	24.79	25.00	24.16	26.05	0.01	0.00
LBC	36	24.73	25.07	24.19	26.01	0.00	0.00
LBC	37	24.82	25.06	24.16	25.96	0.00	0.00
LBC	38	24.74	25.03	24.16	26.07	0.00	0.00
LBC	39	24.66	25.08	24.22	26.04	0.00	0.00
LBC	40	24.71	25.10	24.13	26.06	0.00	0.00
LBC	41	24.73	25.07	24.15	26.05	0.00	0.00
LBC	42	24.66	25.12	24.22	26.00	0.00	0.00
LBC	43	24.74	25.11	24.13	26.03	0.00	0.00
LBC	44	24.68	25.16	24.12	26.05	0.01	0.00
LBC	45	24.64	25.21	24.18	25.97	0.00	0.00
LBC	46	24.68	25.17	24.17	25.98	0.00	0.00
LBC	47	24.62	25.15	24.12	26.11	0.00	0.00
LBC	48	24.57	25.19	24.26	25.98	0.00	0.00
LBC	49	24.60	25.15	24.20	26.05	0.00	0.00
LBC	50	24.61	25.16	24.16	26.08	0.00	0.00
LBC	51	24.58	25.22	24.25	25.95	0.00	0.00
LBC	52	24.56	25.21	24.18	26.06	0.00	0.00
LBC	53	24.64	25.17	24.16	26.03	0.00	0.00
LBC	54	24.56	25.19	24.24	26.00	0.00	0.00
LBC	55	24.61	25.18	24.16	26.04	0.00	0.00
LBC	56	24.56	25.21	24.13	26.09	0.00	0.00
LBC	57	24.59	25.21	24.22	25.98	0.00	0.00
LBC	58	24.50	25.25	24.18	26.07	0.00	0.00
LBC	59	24.56	25.21	24.14	26.09	0.00	0.00
LBC	60	24.61	25.24	24.20	25.95	0.00	0.00
LBC	61	24.53	25.29	24.15	26.04	0.00	0.00
LBC	62	24.56	25.20	24.18	26.06	0.00	0.00
LBC	63	24.50	25.23	24.19	26.08	0.03	0.00
LBC	64	24.53	25.25	24.17	26.05	0.00	0.00
LBC	65	24.59	25.15	24.17	26.09	0.00	0.00
LBC	66	24.52	25.27	24.19	26.02	0.00	0.00
LBC	67	24.52	25.25	24.13	26.10	0.00	0.00
LBC	68	24.56	25.13	24.19	26.13	0.00	0.00
LBC	69	24.50	25.27	24.20	26.04	0.01	0.00
LBC	70	24.55	25.21	24.15	26.09	0.00	0.00
LBC	71	24.63	25.14	24.10	26.13	0.00	0.00
LBC	72	24.49	25.23	24.22	26.06	0.00	0.00
LBC	73	24.55	25.24	24.14	26.08	0.00	0.00
LBC	74	24.59	25.14	24.15	26.11	0.02	0.00
LBC	75	24.52	25.26	24.14	26.08	0.00	0.00
LBC	76	24.63	25.22	24.15	25.99	0.00	0.00
# ACGT raw counters for last fragments. Use `grep ^LTC | cut -f 2-` to extract this part. The columns are: A,C,G,T,N base counters
LTC	29701937	29820661	28802687	31193918	1727
# Insert sizes. Use `grep ^IS | cut -f 2-` to extract this part. The columns are: insert size, pairs total, inward oriented pairs, outward oriented pairs, other pairs
IS	0	126	0	0	126
IS	1	0	0	0	0
IS	2	1	0	0	1
IS	3	3	0	3	0
IS	4	2	0	1	1
IS	5	2	0	2	0
IS	6	1	0	1	0
IS	7	5	0	5	0
IS	8	1	0	1	0
IS	9	1	0	1	0
IS	10	2	0	2	0
IS	11	2	0	2	0
IS	12	1	0	1	0
IS	13	0	0	0	0
IS	14	1	0	1	0
IS	15	1	0	1	0
IS	16	1	0	1	0
IS	17	1	0	1	0
IS	18	6	0	6	0
IS	19	35	28	7	0
IS	20	32	27	5	0
IS	21	23	18	5	0
IS	22	16	14	2	0
IS	23	12	9	3	0
IS	24	1	0	1	0
IS	25	2	1	1	0
IS	26	1	1	0	0
IS	27	3	0	3	0
IS	28	5	1	4	0
IS	29	5	4	1	0
IS	30	4	0	4	0
IS	31	4	1	3	0
IS	32	5	3	2	0
IS	33	3	1	2	0
IS	34	3	1	2	0
IS	35	6	3	2	1
IS	36	6	1	5	0
IS	37	3	2	1	0
IS	38	4	2	2	0
IS	39	7	3	3	1
IS	40	5	5	0	0
IS	41	10	6	3	1
IS	42	6	2	4	0
IS	43	10	6	3	1
IS	44	7	6	1	0
IS	45	8	5	3	0
IS	46	7	5	2	0
IS	47	8	6	2	0
IS	48	4	4	0	0
IS	49	8	7	1	0
IS	50	8	7	1	0
IS	51	13	12	1	0
IS	52	13	12	1	0
IS	53	16	15	1	0
IS	54	20	19	1	0
IS	55	37	32	5	0
IS	56	41	37	3	1
IS	57	45	41	3	1
IS	58	64	61	3	0
IS	59	72	68	1	3
IS	60	101	100	1	0
IS	61	124	118	6	0
IS	62	189	184	3	2
IS	63	245	241	2	2
IS	64	274	269	5	0
IS	65	366	361	5	0
IS	66	495	493	2	0
IS	67	581	575	5	1
IS	68	733	730	1	2
IS	69	872	867	4	1
IS	70	1017	1016	1	0
IS	71	1260	1255	4	1
IS	72	1405	1400	3	2
IS	73	1604	1601	1	2
IS	74	1804	1801	3	0
IS	75	2145	2127	17	1
IS	76	2366	2364	0	2
IS	77	2676	2676	0	0
IS	78	2904	2904	0	0
IS	79	3346	3345	0	1
IS	80	3476	3476	0	0
IS	81	3818	3817	0	1
IS	82	4061	4060	0	1
IS	83	4381	4380	0	1
IS	84	4743	4742	0	1
IS	85	4959	4957	0	2
IS	86	5243	5242	0	1
IS	87	5525	5525	0	0
IS	88	5923	5923	0	0
IS	89	6127	6126	0	1
IS	90	6472	6470	1	1
IS	91	6780	6780	0	0
IS	92	6962	6961	1	0
IS	93	7272	7271	0	1
IS	94	7449	7449	0	0
IS	95	7680	7680	0	0
IS	96	7960	7959	0	1
IS	97	8134	8134	0	0
IS	98	8375	8375	0	0
IS	99	8437	8436	0	1
IS	100	8906	8906	0	0
IS	101	9107	9105	0	2
IS	102	9131	9130	0	1
IS	103	9441	9440	0	1
IS	104	9574	9573	0	1
IS	105	9793	9792	0	1
IS	106	9985	9984	0	1
IS	107	10017	10017	0	0
IS	108	10365	10365	0	0
IS	109	10505	10504	0	1
IS	110	10418	10416	0	2
IS	111	10813	10812	1	0
IS	112	10853	10853	0	0
IS	113	10858	10858	0	0
IS	114	11105	11103	0	2
IS	115	11140	11140	0	0
IS	116	11146	11146	0	0
IS	117	11525	11525	0	0
IS	118	11554	11554	0	0
IS	119	11516	11516	0	0
IS	120	11673	11673	0	0
IS	121	11565	11564	0	1
IS	122	11738	11738	0	0
IS	123	11894	11894	0	0
IS	124	11920	11919	0	1
IS	125	11927	11926	0	1
IS	126	11968	11967	0	1
IS	127	12176	12175	0	1
IS	128	12038	12037	0	1
IS	129	11908	11907	0	1
IS	130	12050	12050	0	0
IS	131	12188	12188	0	0
IS	132	12138	12138	0	0
IS	133	12240	12239	0	1
IS	134	12034	12033	0	1
IS	135	11889	11889	0	0
IS	136	12342	12342	0	0
IS	137	12185	12181	0	4
IS	138	12101	12101	0	0
IS	139	11995	11994	0	1
IS	140	12147	12147	0	0
IS	141	12095	12094	0	1
IS	142	12029	12029	0	0
IS	143	11973	11972	0	1
IS	144	11912	11912	0	0
IS	145	11881	11881	0	0
IS	146	11800	11800	0	0
IS	147	11886	11886	0	0
IS	148	11810	11810	0	0
IS	149	11628	11628	0	0
IS	150	11689	11688	1	0
IS	151	11535	11535	0	0
IS	152	11422	11421	1	0
IS	153	11548	11548	0	0
IS	154	11275	11275	0	0
IS	155	11454	11453	1	0
IS	156	11233	11232	1	0
IS	157	11310	11310	0	0
IS	158	11211	11211	0	0
IS	159	11106	11106	0	0
IS	160	10953	10953	0	0
IS	161	10805	10805	0	0
IS	162	10827	10826	0	1
IS	163	10635	10635	0	0
IS	164	10642	10642	0	0
IS	165	10478	10478	0	0
IS	166	10212	10212	0	0
IS	167	10365	10365	0	0
IS	168	10236	10236	0	0
IS	169	10283	10282	1	0
IS	170	10017	10016	0	1
IS	171	9804	9804	0	0
IS	172	9907	9907	0	0
IS	173	9721	9721	0	0
IS	174	9622	9622	0	0
IS	175	9660	9660	0	0
IS	176	9405	9405	0	0
IS	177	9328	9327	0	1
IS	178	9233	9233	0	0
IS	179	9048	9047	1	0
IS	180	8915	8915	0	0
IS	181	9092	9092	0	0
IS	182	8740	8740	0	0
IS	183	8800	8800	0	0
IS	184	8397	8397	0	0
IS	185	8640	8640	0	0
IS	186	8456	8456	0	0
IS	187	8267	8267	0	0
IS	188	8172	8172	0	0
IS	189	8255	8255	0	0
IS	190	7945	7945	0	0
IS	191	7674	7674	0	0
IS	192	7795	7795	0	0
IS	193	7589	7589	0	0
IS	194	7406	7405	0	1
IS	195	7335	7335	0	0
IS	196	7327	7326	1	0
IS	197	7244	7244	0	0
IS	198	7101	7101	0	0
IS	199	6897	6896	1	0
IS	200	6913	6912	1	0
IS	201	6757	6757	0	0
IS	202	6566	6566	0	0
IS	203	6440	6440	0	0
IS	204	6327	6327	0	0
IS	205	6408	6408	0	0
IS	206	6242	6241	1	0
IS	207	6143	6143	0	0
IS	208	5888	5888	0	0
IS	209	5972	5972	0	0
IS	210	5849	5849	0	0
IS	211	5692	5692	0	0
IS	212	5710	5709	0	1
IS	213	5549	5549	0	0
IS	214	5532	5532	0	0
IS	215	5372	5372	0	0
IS	216	5187	5187	0	0
IS	217	5132	5132	0	0
IS	218	4995	4995	0	0
IS	219	4972	4972	0	0
IS	220	4940	4940	0	0
IS	221	4770	4769	0	1
IS	222	4724	4723	0	1
IS	223	4730	4730	0	0
IS	224	4560	4560	0	0
IS	225	4447	4446	1	0
IS	226	4408	4408	0	0
IS	227	4282	4282	0	0
IS	228	4227	4227	0	0
IS	229	4070	4070	0	0
IS	230	4021	4021	0	0
IS	231	4135	4135	0	0
IS	232	3924	3924	0	0
IS	233	3821	3821	0	0
IS	234	3804	3803	1	0
IS	235	3675	3675	0	0
IS	236	3589	3589	0	0
IS	237	3643	3643	0	0
IS	238	3450	3450	0	0
IS	239	3355	3355	0	0
IS	240	3401	3401	0	0
IS	241	3213	3213	0	0
IS	242	3129	3129	0	0
IS	243	3057	3057	0	0
IS	244	3183	3183	0	0
IS	245	3005	3005	0	0
IS	246	2913	2913	0	0
IS	247	2883	2883	0	0
IS	248	2848	2848	0	0
IS	249	2846	2846	0	0
IS	250	2690	2690	0	0
IS	251	2606	2606	0	0
IS	252	2604	2604	0	0
IS	253	2535	2535	0	0
IS	254	2591	2591	0	0
IS	255	2445	2445	0	0
IS	256	2412	2412	0	0
IS	257	2356	2356	0	0
IS	258	2245	2244	1	0
IS	259	2251	2251	0	0
IS	260	2279	2278	1	0
IS	261	2214	2213	0	1
IS	262	2100	2100	0	0
IS	263	2098	2098	0	0
IS	264	2041	2041	0	0
IS	265	2047	2047	0	0
IS	266	2023	2023	0	0
IS	267	1841	1841	0	0
IS	268	1863	1863	0	0
IS	269	1831	1831	0	0
IS	270	1831	1831	0	0
IS	271	1759	1759	0	0
IS	272	1710	1710	0	0
IS	273	1688	1688	0	0
IS	274	1679	1679	0	0
IS	275	1570	1570	0	0
IS	276	1660	1660	0	0
IS	277	1525	1525	0	0
IS	278	1502	1502	0	0
IS	279	1509	1509	0	0
IS	280	1422	1422	0	0
IS	281	1447	1447	0	0
IS	282	1426	1426	0	0
IS	283	1406	1406	0	0
IS	284	1327	1327	0	0
IS	285	1324	1324	0	0
IS	286	1274	1274	0	0
IS	287	1275	1275	0	0
IS	288	1258	1258	0	0
IS	289	1181	1181	0	0
IS	290	1134	1133	1	0
IS	291	1197	1197	0	0
IS	292	1108	1108	0	0
IS	293	1113	1113	0	0
IS	294	1119	1119	0	0
IS	295	1089	1089	0	0
IS	296	952	952	0	0
IS	297	1009	1009	0	0
IS	298	1008	1008	0	0
IS	299	1019	1019	0	0
IS	300	932	932	0	0
IS	301	957	957	0	0
IS	302	923	923	0	0
IS	303	881	881	0	0
IS	304	835	835	0	0
IS	305	846	846	0	0
IS	306	864	864	0	0
IS	307	850	850	0	0
IS	308	820	820	0	0
IS	309	774	774	0	0
IS	310	769	769	0	0
IS	311	800	800	0	0
IS	312	758	758	0	0
IS	313	727	727	0	0
IS	314	697	696	1	0
IS	315	709	708	1	0
IS	316	736	736	0	0
IS	317	656	656	0	0
IS	318	677	677	0	0
IS	319	657	657	0	0
IS	320	613	613	0	0
IS	321	605	605	0	0
IS	322	600	600	0	0
IS	323	635	635	0	0
IS	324	598	598	0	0
IS	325	601	601	0	0
IS	326	563	563	0	0
IS	327	616	616	0	0
IS	328	553	553	0	0
IS	329	521	521	0	0
IS	330	549	549	0	0
IS	331	478	478	0	0
IS	332	575	575	0	0
IS	333	475	475	0	0
IS	334	484	484	0	0
IS	335	526	526	0	0
IS	336	485	485	0	0
IS	337	458	458	0	0
IS	338	441	441	0	0
IS	339	431	431	0	0
IS	340	445	444	0	1
IS	341	423	423	0	0
IS	342	417	417	0	0
IS	343	414	414	0	0
IS	344	389	389	0	0
IS	345	402	402	0	0
IS	346	413	413	0	0
IS	347	405	405	0	0
IS	348	379	379	0	0
IS	349	380	380	0	0
IS	350	355	354	0	1
IS	351	366	366	0	0
IS	352	349	348	1	0
IS	353	329	329	0	0
IS	354	337	337	0	0
IS	355	350	350	0	0
IS	356	325	325	0	0
IS	357	327	327	0	0
IS	358	329	329	0	0
IS	359	355	354	1	0
IS	360	302	302	0	0
IS	361	324	324	0	0
IS	362	294	294	0	0
IS	363	287	287	0	0
IS	364	272	272	0	0
IS	365	291	291	0	0
IS	366	303	303	0	0
IS	367	296	295	0	1
IS	368	278	278	0	0
IS	369	303	303	0	0
IS	370	256	256	0	0
IS	371	293	293	0	0
IS	372	261	261	0	0
IS	373	243	243	0	0
IS	374	280	280	0	0
IS	375	240	240	0	0
IS	376	252	252	0	0
IS	377	252	252	0	0
IS	378	258	257	1	0
IS	379	244	244	0	0
IS	380	237	237	0	0
IS	381	231	231	0	0
IS	382	219	219	0	0
IS	383	219	219	0	0
IS	384	207	207	0	0
IS	385	221	221	0	0
IS	386	200	199	1	0
IS	387	202	202	0	0
IS	388	179	179	0	0
IS	389	198	198	0	0
IS	390	221	221	0	0
IS	391	216	216	0	0
# Read lengths. Use `grep ^RL | cut -f 2-` to extract this part. The columns are: read length, count
RL	31	98
RL	32	110
RL	33	82
RL	34	98
RL	35	80
RL	36	56
RL	37	62
RL	38	100
RL	39	72
RL	40	82
RL	41	86
RL	42	58
RL	43	84
RL	44	80
RL	45	78
RL	46	72
RL	47	60
RL	48	74
RL	49	48
RL	50	50
RL	51	78
RL	52	60
RL	53	84
RL	54	88
RL	55	120
RL	56	112
RL	57	124
RL	58	144
RL	59	204
RL	60	258
RL	61	286
RL	62	406
RL	63	536
RL	64	574
RL	65	766
RL	66	1030
RL	67	1188
RL	68	1510
RL	69	1784
RL	70	2070
RL	71	2534
RL	72	2852
RL	73	3226
RL	74	3650
RL	75	4316
RL	76	3118596
# Read lengths - first fragments. Use `grep ^FRL | cut -f 2-` to extract this part. The columns are: read length, count
FRL	31	49
FRL	32	55
FRL	33	41
FRL	34	49
FRL	35	40
FRL	36	28
FRL	37	31
FRL	38	50
FRL	39	36
FRL	40	41
FRL	41	43
FRL	42	29
FRL	43	42
FRL	44	40
FRL	45	39
FRL	46	36
FRL	47	30
FRL	48	37
FRL	49	24
FRL	50	25
FRL	51	39
FRL	52	30
FRL	53	42
FRL	54	44
FRL	55	60
FRL	56	56
FRL	57	62
FRL	58	72
FRL	59	102
FRL	60	129
FRL	61	143
FRL	62	203
FRL	63	268
FRL	64	287
FRL	65	383
FRL	66	515
FRL	67	594
FRL	68	755
FRL	69	892
FRL	70	1035
FRL	71	1267
FRL	72	1426
FRL	73	1613
FRL	74	1825
FRL	75	2158
FRL	76	1559298
# Read lengths - last fragments. Use `grep ^LRL | cut -f 2-` to extract this part. The columns are: read length, count
LRL	31	49
LRL	32	55
LRL	33	41
LRL	34	49
LRL	35	40
LRL	36	28
LRL	37	31
LRL	38	50
LRL	39	36
LRL	40	41
LRL	41	43
LRL	42	29
LRL	43	42
LRL	44	40
LRL	45	39
LRL	46	36
LRL	47	30
LRL	48	37
LRL	49	24
LRL	50	25
LRL	51	39
LRL	52	30
LRL	53	42
LRL	54	44
LRL	55	60
LRL	56	56
LRL	57	62
LRL	58	72
LRL	59	102
LRL	60	129
LRL	61	143
LRL	62	203
LRL	63	268
LRL	64	287
LRL	65	383
LRL	66	515
LRL	67	594
LRL	68	755
LRL	69	892
LRL	70	1035
LRL	71	1267
LRL	72	1426
LRL	73	1613
LRL	74	1825
LRL	75	2158
LRL	76	1559298
# Mapping qualities for reads !(UNMAP|SECOND|SUPPL|QCFAIL|DUP). Use `grep ^MAPQ | cut -f 2-` to extract this part. The columns are: mapq, count
MAPQ	0	324748
MAPQ	1	719
MAPQ	2	254
MAPQ	3	1473
MAPQ	4	534
MAPQ	5	319
MAPQ	6	596
MAPQ	7	763
MAPQ	8	425
MAPQ	9	1667
MAPQ	10	522
MAPQ	11	1195
MAPQ	12	669
MAPQ	13	908
MAPQ	14	364
MAPQ	15	1292
MAPQ	16	910
MAPQ	17	695
MAPQ	18	576
MAPQ	19	1338
MAPQ	20	2545
MAPQ	21	2399
MAPQ	22	3760
MAPQ	23	3247
MAPQ	24	4885
MAPQ	25	8027
MAPQ	26	232
MAPQ	27	20059
MAPQ	28	316
MAPQ	29	905
MAPQ	30	427
MAPQ	31	645
MAPQ	32	256
MAPQ	33	1558
MAPQ	34	313
MAPQ	35	375
MAPQ	36	419
MAPQ	37	737
MAPQ	38	262
MAPQ	39	1801
MAPQ	40	26752
MAPQ	41	599
MAPQ	42	568
MAPQ	43	1900
MAPQ	44	1157
MAPQ	45	1955
MAPQ	46	2767
MAPQ	47	2106
MAPQ	48	3425
MAPQ	49	8155
MAPQ	50	763
MAPQ	51	26735
MAPQ	52	1226
MAPQ	53	740
MAPQ	54	3062
MAPQ	55	1512
MAPQ	56	377
MAPQ	57	5623
MAPQ	58	413
MAPQ	59	97
MAPQ	60	2664141
# Indel distribution. Use `grep ^ID | cut -f 2-` to extract this part. The columns are: length, number of insertions, number of deletions
ID	1	3283	5122
ID	2	730	1331
ID	3	460	742
ID	4	255	456
ID	5	82	134
ID	6	89	149
ID	7	26	35
ID	8	30	47
ID	9	21	33
ID	10	15	25
ID	11	4	21
ID	12	4	39
ID	13	5	11
ID	14	4	11
ID	15	2	17
ID	16	4	17
ID	17	1	3
ID	18	2	8
ID	19	1	1
ID	20	0	2
ID	21	1	6
ID	22	0	5
ID	24	0	1
ID	26	0	1
# Indels per cycle. Use `grep ^IC | cut -f 2-` to extract this part. The columns are: cycle, number of insertions (fwd), .. (rev) , number of deletions (fwd), .. (rev)
IC	3	0	0	27	31
IC	4	33	28	36	41
IC	5	40	30	37	40
IC	6	32	34	37	50
IC	7	37	30	35	57
IC	8	34	36	53	56
IC	9	41	39	61	62
IC	10	32	40	60	83
IC	11	40	36	47	86
IC	12	32	41	51	60
IC	13	44	47	46	66
IC	14	31	41	62	75
IC	15	58	44	72	68
IC	16	50	40	77	92
IC	17	44	42	71	71
IC	18	38	50	61	77
IC	19	54	41	71	78
IC	20	46	45	79	86
IC	21	28	50	71	65
IC	22	45	35	68	78
IC	23	51	30	62	66
IC	24	39	40	86	52
IC	25	48	43	57	73
IC	26	47	35	61	67
IC	27	45	40	60	85
IC	28	48	49	62	72
IC	29	44	37	76	68
IC	30	40	31	61	72
IC	31	43	33	66	82
IC	32	43	49	68	68
IC	33	40	32	49	56
IC	34	34	35	67	64
IC	35	41	39	73	60
IC	36	51	35	60	57
IC	37	37	39	72	62
IC	38	27	46	56	62
IC	39	36	46	73	62
IC	40	32	37	49	67
IC	41	30	35	66	47
IC	42	29	36	69	47
IC	43	43	39	68	61
IC	44	46	40	64	69
IC	45	40	25	72	61
IC	46	36	35	54	63
IC	47	35	37	55	58
IC	48	33	30	64	64
IC	49	51	31	65	58
IC	50	35	35	69	41
IC	51	37	38	75	62
IC	52	39	46	70	66
IC	53	33	38	56	59
IC	54	35	35	56	64
IC	55	29	37	66	41
IC	56	30	41	52	60
IC	57	24	31	54	68
IC	58	28	29	49	64
IC	59	31	29	56	53
IC	60	31	39	55	53
IC	61	28	28	49	54
IC	62	22	34	55	41
IC	63	39	32	34	56
IC	64	20	33	49	53
IC	65	32	31	24	44
IC	66	27	45	45	42
IC	67	22	41	46	45
IC	68	25	31	36	44
IC	69	20	19	35	34
IC	70	19	22	38	36
IC	71	20	17	30	34
IC	72	13	17	35	32
IC	73	11	20	17	18
# Coverage distribution. Use `grep ^COV | cut -f 2-` to extract this part.
COV	[1-1]	1	25431271
COV	[2-2]	2	13107889
COV	[3-3]	3	8527365
COV	[4-4]	4	6054517
COV	[5-5]	5	4348593
COV	[6-6]	6	3146297
COV	[7-7]	7	2277611
COV	[8-8]	8	1660182
COV	[9-9]	9	1215999
COV	[10-10]	10	898264
COV	[11-11]	11	671686
COV	[12-12]	12	502976
COV	[13-13]	13	381257
COV	[14-14]	14	294533
COV	[15-15]	15	226969
COV	[16-16]	16	178233
COV	[17-17]	17	144008
COV	[18-18]	18	114654
COV	[19-19]	19	91775
COV	[20-20]	20	74461
COV	[21-21]	21	60447
COV	[22-22]	22	49582
COV	[23-23]	23	41470
COV	[24-24]	24	33939
COV	[25-25]	25	27226
COV	[26-26]	26	23123
COV	[27-27]	27	19437
COV	[28-28]	28	16442
COV	[29-29]	29	13726
COV	[30-30]	30	11740
COV	[31-31]	31	9928
COV	[32-32]	32	8550
COV	[33-33]	33	7278
COV	[34-34]	34	6329
COV	[35-35]	35	5483
COV	[36-36]	36	4712
COV	[37-37]	37	4135
COV	[38-38]	38	3728
COV	[39-39]	39	3164
COV	[40-40]	40	2846
COV	[41-41]	41	2543
COV	[42-42]	42	2245
COV	[43-43]	43	2033
COV	[44-44]	44	1753
COV	[45-45]	45	1449
COV	[46-46]	46	1345
COV	[47-47]	47	1335
COV	[48-48]	48	1186
COV	[49-49]	49	986
COV	[50-50]	50	897
COV	[51-51]	51	836
COV	[52-52]	52	718
COV	[53-53]	53	744
COV	[54-54]	54	673
COV	[55-55]	55	609
COV	[56-56]	56	566
COV	[57-57]	57	573
COV	[58-58]	58	456
COV	[59-59]	59	494
COV	[60-60]	60	479
COV	[61-61]	61	369
COV	[62-62]	62	360
COV	[63-63]	63	296
COV	[64-64]	64	307
COV	[65-65]	65	278
COV	[66-66]	66	265
COV	[67-67]	67	269
COV	[68-68]	68	260
COV	[69-69]	69	268
COV	[70-70]	70	227
COV	[71-71]	71	214
COV	[72-72]	72	221
COV	[73-73]	73	231
COV	[74-74]	74	209
COV	[75-75]	75	179
COV	[76-76]	76	173
COV	[77-77]	77	157
COV	[78-78]	78	149
COV	[79-79]	79	163
COV	[80-80]	80	138
COV	[81-81]	81	143
COV	[82-82]	82	126
COV	[83-83]	83	151
COV	[84-84]	84	140
COV	[85-85]	85	151
COV	[86-86]	86	144
COV	[87-87]	87	157
COV	[88-88]	88	148
COV	[89-89]	89	142
COV	[90-90]	90	134
COV	[91-91]	91	96
COV	[92-92]	92	76
COV	[93-93]	93	78
COV	[94-94]	94	88
COV	[95-95]	95	78
COV	[96-96]	96	60
COV	[97-97]	97	62
COV	[98-98]	98	50
COV	[99-99]	99	70
COV	[100-100]	100	54
COV	[101-101]	101	69
COV	[102-102]	102	79
COV	[103-103]	103	62
COV	[104-104]	104	62
COV	[105-105]	105	71
COV	[106-106]	106	61
COV	[107-107]	107	65
COV	[108-108]	108	67
COV	[109-109]	109	61
COV	[110-110]	110	60
COV	[111-111]	111	55
COV	[112-112]	112	52
COV	[113-113]	113	43
COV	[114-114]	114	37
COV	[115-115]	115	25
COV	[116-116]	116	23
COV	[117-117]	117	34
COV	[118-118]	118	28
COV	[119-119]	119	38
COV	[120-120]	120	30
COV	[121-121]	121	36
COV	[122-122]	122	43
COV	[123-123]	123	32
COV	[124-124]	124	40
COV	[125-125]	125	43
COV	[126-126]	126	36
COV	[127-127]	127	44
COV	[128-128]	128	42
COV	[129-129]	129	41
COV	[130-130]	130	28
COV	[131-131]	131	30
COV	[132-132]	132	27
COV	[133-133]	133	26
COV	[134-134]	134	32
COV	[135-135]	135	18
COV	[136-136]	136	20
COV	[137-137]	137	18
COV	[138-138]	138	17
COV	[139-139]	139	21
COV	[140-140]	140	16
COV	[141-141]	141	20
COV	[142-142]	142	14
COV	[143-143]	143	13
COV	[144-144]	144	21
COV	[145-145]	145	20
COV	[146-146]	146	19
COV	[147-147]	147	16
COV	[148-148]	148	26
COV	[149-149]	149	22
COV	[150-150]	150	16
COV	[151-151]	151	27
COV	[152-152]	152	16
COV	[153-153]	153	26
COV	[154-154]	154	16
COV	[155-155]	155	25
COV	[156-156]	156	25
COV	[157-157]	157	25
COV	[158-158]	158	18
COV	[159-159]	159	31
COV	[160-160]	160	24
COV	[161-161]	161	12
COV	[162-162]	162	21
COV	[163-163]	163	21
COV	[164-164]	164	14
COV	[165-165]	165	19
COV	[166-166]	166	20
COV	[167-167]	167	12
COV	[168-168]	168	8
COV	[169-169]	169	10
COV	[170-170]	170	15
COV	[171-171]	171	9
COV	[172-172]	172	11
COV	[173-173]	173	10
COV	[174-174]	174	9
COV	[175-175]	175	4
COV	[176-176]	176	8
COV	[177-177]	177	2
COV	[178-178]	178	8
COV	[179-179]	179	4
COV	[180-180]	180	5
COV	[181-181]	181	8
COV	[182-182]	182	6
COV	[183-183]	183	3
COV	[184-184]	184	1
COV	[185-185]	185	7
COV	[186-186]	186	6
COV	[187-187]	187	7
COV	[188-188]	188	7
COV	[189-189]	189	2
COV	[190-190]	190	2
COV	[191-191]	191	6
COV	[192-192]	192	3
COV	[193-193]	193	6
COV	[194-194]	194	3
COV	[195-195]	195	3
COV	[196-196]	196	3
COV	[197-197]	197	7
COV	[198-198]	198	7
COV	[199-199]	199	3
COV	[200-200]	200	9
COV	[201-201]	201	9
COV	[202-202]	202	4
COV	[203-203]	203	4
COV	[204-204]	204	3
COV	[205-205]	205	6
COV	[206-206]	206	2
COV	[207-207]	207	1
COV	[208-208]	208	3
COV	[209-209]	209	5
COV	[210-210]	210	3
COV	[211-211]	211	1
COV	[212-212]	212	3
COV	[213-213]	213	2
COV	[214-214]	214	2
COV	[215-215]	215	2
COV	[216-216]	216	1
COV	[217-217]	217	4
COV	[218-218]	218	2
COV	[219-219]	219	1
COV	[220-220]	220	1
COV	[221-221]	221	2
COV	[223-223]	223	1
COV	[224-224]	224	3
COV	[225-225]	225	2
COV	[226-226]	226	1
COV	[228-228]	228	1
COV	[229-229]	229	2
COV	[231-231]	231	2
COV	[232-232]	232	1
COV	[234-234]	234	2
COV	[236-236]	236	1
COV	[237-237]	237	2
COV	[238-238]	238	2
COV	[239-239]	239	1
COV	[240-240]	240	1
COV	[241-241]	241	1
COV	[242-242]	242	2
COV	[243-243]	243	2
COV	[244-244]	244	3
COV	[246-246]	246	2
COV	[247-247]	247	2
COV	[248-248]	248	3
COV	[249-249]	249	1
COV	[251-251]	251	3
COV	[252-252]	252	1
COV	[254-254]	254	1
COV	[255-255]	255	1
COV	[257-257]	257	1
COV	[258-258]	258	2
COV	[260-260]	260	1
COV	[262-262]	262	1
COV	[263-263]	263	1
COV	[264-264]	264	2
COV	[265-265]	265	2
COV	[266-266]	266	1
COV	[268-268]	268	1
COV	[269-269]	269	1
COV	[270-270]	270	1
COV	[271-271]	271	1
COV	[272-272]	272	1
COV	[273-273]	273	1
COV	[277-277]	277	1
COV	[279-279]	279	1
COV	[281-281]	281	1
COV	[282-282]	282	1
COV	[283-283]	283	1
COV	[284-284]	284	1
COV	[285-285]	285	1
COV	[287-287]	287	1
COV	[288-288]	288	1
COV	[289-289]	289	1
COV	[290-290]	290	1
COV	[291-291]	291	1
COV	[293-293]	293	2
COV	[295-295]	295	1
COV	[296-296]	296	1
COV	[297-297]	297	1
COV	[299-299]	299	2
COV	[302-302]	302	3
COV	[303-303]	303	4
COV	[304-304]	304	1
COV	[305-305]	305	2
COV	[306-306]	306	1
COV	[307-307]	307	1
COV	[308-308]	308	2
COV	[309-309]	309	1
COV	[310-310]	310	2
COV	[311-311]	311	2
COV	[312-312]	312	3
COV	[313-313]	313	5
COV	[314-314]	314	1
COV	[315-315]	315	2
COV	[316-316]	316	2
COV	[317-317]	317	1
COV	[318-318]	318	2
COV	[319-319]	319	3
COV	[320-320]	320	3
COV	[322-322]	322	1
COV	[323-323]	323	5
COV	[325-325]	325	2
COV	[326-326]	326	1
COV	[327-327]	327	3
COV	[329-329]	329	2
COV	[330-330]	330	1
COV	[332-332]	332	1
COV	[334-334]	334	3
COV	[335-335]	335	2
COV	[336-336]	336	1
COV	[338-338]	338	2
COV	[340-340]	340	1
COV	[341-341]	341	2
COV	[342-342]	342	1
COV	[344-344]	344	1
COV	[346-346]	346	2
COV	[348-348]	348	1
COV	[349-349]	349	1
COV	[350-350]	350	1
COV	[352-352]	352	2
COV	[353-353]	353	3
COV	[354-354]	354	2
COV	[355-355]	355	1
COV	[358-358]	358	2
COV	[360-360]	360	2
COV	[361-361]	361	2
COV	[363-363]	363	1
COV	[365-365]	365	1
COV	[368-368]	368	2
COV	[372-372]	372	1
COV	[373-373]	373	2
COV	[376-376]	376	2
COV	[377-377]	377	2
COV	[378-378]	378	1
COV	[379-379]	379	3
COV	[380-380]	380	1
COV	[382-382]	382	1
COV	[384-384]	384	1
COV	[385-385]	385	1
COV	[386-386]	386	4
COV	[389-389]	389	1
COV	[390-390]	390	4
COV	[391-391]	391	1
COV	[393-393]	393	1
COV	[399-399]	399	2
COV	[401-401]	401	1
COV	[405-405]	405	1
COV	[407-407]	407	1
COV	[415-415]	415	2
COV	[419-419]	419	1
COV	[425-425]	425	1
COV	[426-426]	426	1
COV	[427-427]	427	1
COV	[430-430]	430	1
COV	[435-435]	435	1
COV	[436-436]	436	1
COV	[439-439]	439	1
COV	[444-444]	444	2
COV	[445-445]	445	1
COV	[447-447]	447	1
COV	[448-448]	448	1
COV	[453-453]	453	1
COV	[458-458]	458	1
COV	[463-463]	463	1
COV	[466-466]	466	1
COV	[471-471]	471	1
COV	[473-473]	473	1
COV	[480-480]	480	2
COV	[493-493]	493	1
COV	[500-500]	500	1
COV	[501-501]	501	1
COV	[503-503]	503	1
COV	[504-504]	504	1
COV	[506-506]	506	1
COV	[518-518]	518	1
COV	[519-519]	519	1
COV	[529-529]	529	1
COV	[532-532]	532	1
COV	[533-533]	533	1
COV	[537-537]	537	1
COV	[541-541]	541	1
COV	[544-544]	544	1
COV	[545-545]	545	1
COV	[546-546]	546	2
COV	[547-547]	547	1
COV	[549-549]	549	1
COV	[550-550]	550	2
COV	[552-552]	552	2
COV	[553-553]	553	1
COV	[555-555]	555	1
COV	[556-556]	556	1
COV	[558-558]	558	1
COV	[559-559]	559	3
COV	[560-560]	560	2
COV	[564-564]	564	1
COV	[566-566]	566	1
COV	[569-569]	569	1
COV	[577-577]	577	2
COV	[578-578]	578	1
COV	[580-580]	580	1
COV	[582-582]	582	1
COV	[583-583]	583	1
COV	[584-584]	584	1
COV	[585-585]	585	2
COV	[586-586]	586	1
COV	[591-591]	591	1
COV	[593-593]	593	1
COV	[595-595]	595	1
COV	[596-596]	596	1
COV	[600-600]	600	1
COV	[604-604]	604	1
COV	[607-607]	607	1
COV	[608-608]	608	1
COV	[611-611]	611	1
COV	[619-619]	619	1
COV	[620-620]	620	2
COV	[621-621]	621	1
COV	[622-622]	622	1
COV	[623-623]	623	1
COV	[624-624]	624	2
COV	[625-625]	625	3
COV	[626-626]	626	1
COV	[627-627]	627	4
COV	[628-628]	628	2
COV	[629-629]	629	1
COV	[630-630]	630	2
COV	[631-631]	631	3
COV	[633-633]	633	1
# GC-depth. Use `grep ^GCD | cut -f 2-` to extract this part. The columns are: GC%, unique sequence percentiles, 10th, 25th, 50th, 75th and 90th depth percentile
GCD	0.0	0.359	0.004	0.004	0.004	0.004	0.004
GCD	2.3	0.361	0.015	0.015	0.015	0.015	0.015
GCD	5.0	0.362	0.008	0.008	0.008	0.008	0.008
GCD	7.0	0.364	0.004	0.004	0.004	0.004	0.004
GCD	8.0	0.366	0.004	0.004	0.004	0.004	0.004
GCD	9.0	0.368	0.004	0.004	0.004	0.004	0.004
GCD	12.0	0.369	0.008	0.008	0.008	0.008	0.008
GCD	13.0	0.371	0.004	0.004	0.004	0.004	0.004
GCD	14.0	0.380	0.004	0.006	0.008	0.008	0.008
GCD	15.0	0.385	0.008	0.008	0.008	0.011	0.011
GCD	16.0	0.399	0.004	0.004	0.008	0.010	0.015
GCD	17.0	0.406	0.004	0.004	0.004	0.007	0.008
GCD	18.0	0.424	0.004	0.004	0.008	0.008	0.008
GCD	19.0	0.436	0.008	0.008	0.008	0.008	0.011
GCD	20.0	0.466	0.004	0.006	0.008	0.008	0.008
GCD	21.0	0.488	0.004	0.004	0.004	0.008	0.059
GCD	22.0	0.551	0.004	0.004	0.004	0.008	0.008
GCD	23.0	0.574	0.008	0.008	0.008	0.019	0.034
GCD	24.0	0.653	0.004	0.004	0.008	0.008	0.008
GCD	25.0	0.744	0.004	0.004	0.008	0.008	0.015
GCD	26.0	0.922	0.004	0.004	0.008	0.008	0.015
GCD	27.0	1.026	0.008	0.008	0.008	0.015	0.023
GCD	28.0	1.262	0.004	0.004	0.008	0.008	0.015
GCD	29.0	1.532	0.004	0.004	0.008	0.015	0.053
GCD	30.0	1.966	0.004	0.004	0.008	0.023	0.080
GCD	31.0	2.318	0.008	0.011	0.030	0.084	0.167
GCD	32.0	3.125	0.004	0.008	0.011	0.066	0.155
GCD	33.0	4.257	0.004	0.008	0.053	0.140	0.232
GCD	34.0	5.945	0.004	0.008	0.053	0.159	0.296
GCD	35.0	7.802	0.008	0.038	0.121	0.228	0.364
GCD	36.0	10.555	0.008	0.013	0.084	0.215	0.368
GCD	37.0	13.626	0.008	0.030	0.118	0.262	0.406
GCD	38.0	17.228	0.008	0.015	0.114	0.263	0.421
GCD	39.0	21.454	0.008	0.023	0.114	0.270	0.435
GCD	40.0	25.200	0.015	0.057	0.167	0.304	0.497
GCD	41.0	29.651	0.008	0.023	0.121	0.281	0.477
GCD	42.0	33.793	0.008	0.038	0.137	0.296	0.497
GCD	43.0	38.069	0.008	0.015	0.114	0.281	0.494
GCD	44.0	42.027	0.015	0.049	0.144	0.319	0.531
GCD	45.0	46.151	0.008	0.023	0.114	0.289	0.516
GCD	46.0	50.007	0.008	0.030	0.121	0.304	0.539
GCD	47.0	53.758	0.008	0.015	0.099	0.270	0.486
GCD	48.0	56.899	0.008	0.030	0.121	0.311	0.562
GCD	49.0	60.328	0.008	0.015	0.099	0.281	0.539
GCD	50.0	63.487	0.008	0.023	0.129	0.319	0.567
GCD	51.0	66.831	0.008	0.015	0.099	0.292	0.535
GCD	52.0	69.570	0.008	0.034	0.125	0.311	0.577
GCD	53.0	72.716	0.008	0.015	0.099	0.292	0.554
GCD	54.0	75.411	0.008	0.023	0.129	0.345	0.588
GCD	55.0	78.329	0.008	0.015	0.110	0.330	0.642
GCD	56.0	80.741	0.008	0.046	0.159	0.376	0.661
GCD	57.0	83.458	0.008	0.015	0.127	0.380	0.744
GCD	58.0	85.947	0.008	0.030	0.159	0.437	0.789
GCD	59.0	88.410	0.008	0.023	0.144	0.410	0.718
GCD	60.0	90.432	0.015	0.061	0.209	0.456	0.806
GCD	61.0	92.569	0.008	0.030	0.152	0.425	0.744
GCD	62.0	94.395	0.008	0.023	0.152	0.387	0.691
GCD	63.0	95.766	0.008	0.030	0.137	0.334	0.604
GCD	64.0	97.000	0.008	0.015	0.084	0.266	0.554
GCD	65.0	97.766	0.008	0.023	0.097	0.258	0.520
GCD	66.0	98.439	0.008	0.015	0.046	0.152	0.334
GCD	67.0	98.804	0.008	0.015	0.038	0.084	0.190
GCD	68.0	99.142	0.008	0.008	0.023	0.046	0.091
GCD	69.0	99.326	0.008	0.008	0.015	0.044	0.084
GCD	70.0	99.517	0.008	0.008	0.011	0.023	0.046
GCD	71.0	99.636	0.008	0.008	0.011	0.023	0.031
GCD	72.0	99.732	0.008	0.008	0.008	0.015	0.028
GCD	73.0	99.795	0.008	0.008	0.015	0.015	0.025
GCD	74.0	99.872	0.008	0.008	0.008	0.013	0.015
GCD	75.0	99.916	0.008	0.008	0.008	0.015	0.023
GCD	76.0	99.960	0.008	0.008	0.008	0.008	0.011
GCD	77.0	99.972	0.008	0.008	0.008	0.015	0.023
GCD	78.0	99.981	0.008	0.008	0.008	0.015	0.023
GCD	79.0	99.986	0.008	0.008	0.008	0.008	0.008
GCD	80.0	99.996	0.004	0.007	0.008	0.008	0.008
GCD	82.0	100.000	0.008	0.008	0.008	0.008	0.008
