# This file was produced by samtools stats (1.23+htslib-1.23) and can be plotted using plot-bamstats
# This file contains statistics for all reads.
# The command line was:  stats data/AFR/GWD/HG02840/aligned/HG02840.bam
# CHK, Checksum	[2]Read Names	[3]Sequences	[4]Qualities
# CHK, CRC32 of reads which passed filtering followed by addition (32bit overflow)
CHK	d97438f5	2024d9df	303ff377
# Summary Numbers. Use `grep ^SN | cut -f 2-` to extract this part.
SN	raw total sequences:	451152	# excluding supplementary and secondary reads
SN	filtered sequences:	0
SN	sequences:	451152
SN	is sorted:	1	# sorted by coordinate
SN	1st fragments:	225576
SN	last fragments:	225576
SN	reads mapped:	451117
SN	reads mapped and paired:	451106	# paired-end technology bit set + both mates mapped
SN	reads unmapped:	35
SN	reads properly paired:	448198	# proper-pair bit set
SN	reads paired:	451152	# paired-end technology bit set
SN	reads duplicated:	0	# PCR or optical duplicate bit set
SN	reads MQ0:	37392	# mapped and MQ=0
SN	reads QC failed:	0
SN	non-primary alignments:	0
SN	supplementary alignments:	369
SN	total length:	45086672	# ignores clipping
SN	total first fragment length:	22543336	# ignores clipping
SN	total last fragment length:	22543336	# ignores clipping
SN	bases mapped:	45083566	# ignores clipping
SN	bases mapped (cigar):	45021507	# more accurate
SN	bases trimmed:	0
SN	bases duplicated:	0
SN	mismatches:	150727	# from NM fields
SN	error rate:	3.347889e-03	# mismatches / bases mapped (cigar)
SN	average length:	100
SN	average first fragment length:	100
SN	average last fragment length:	100
SN	maximum length:	100
SN	maximum first fragment length:	100
SN	maximum last fragment length:	100
SN	average quality:	34.9
SN	insert size average:	243.0
SN	insert size standard deviation:	84.2
SN	inward oriented pairs:	224369
SN	outward oriented pairs:	60
SN	pairs with other orientation:	57
SN	pairs on different chromosomes:	1067
SN	percentage of properly paired reads (%):	99.3
# First Fragment Qualities. Use `grep ^FFQ | cut -f 2-` to extract this part.
# Columns correspond to qualities and rows to cycles. First column is the cycle number.
FFQ	1	0	0	127	0	0	0	0	0	0	0	314	0	0	0	0	0	636	0	0	0	0	0	204	880	0	529	3111	5376	1683	0	14959	103059	0	10335	84363	0	0	0	0	0	0	0	0
FFQ	2	0	0	0	0	0	0	0	0	0	0	204	0	0	0	0	0	668	0	0	11	0	0	400	627	0	535	2322	5524	1542	0	12475	89969	0	5315	105984	0	0	0	0	0	0	0	0
FFQ	3	0	0	13	0	0	0	0	0	0	0	233	0	0	0	0	0	549	0	0	1	0	0	420	604	0	616	2196	5645	1613	0	11760	83611	0	4936	113379	0	0	0	0	0	0	0	0
FFQ	4	0	0	0	0	0	0	0	0	0	0	214	0	0	0	0	0	392	0	0	215	0	0	318	0	0	596	1207	92	1691	41	3332	127	4736	7396	0	58457	0	146762	0	0	0	0	0
FFQ	5	0	0	0	0	0	0	0	0	0	0	370	0	0	0	0	0	490	0	0	285	0	0	410	0	0	795	1475	113	1902	37	3798	118	5135	7995	0	58730	0	143923	0	0	0	0	0
FFQ	6	0	0	0	0	0	0	0	0	42	0	368	139	0	0	0	38	95	338	270	306	0	34	43	545	0	1076	1648	248	1186	1131	3942	413	6592	8032	1	55318	4534	139237	0	0	0	0	0
FFQ	7	0	0	0	0	0	0	1	0	48	0	307	114	0	0	1	42	98	404	230	269	0	35	39	458	0	1076	1526	243	1141	1038	3754	494	6268	8453	0	56700	4742	138095	0	0	0	0	0
FFQ	8	0	0	0	0	0	0	0	0	35	0	270	80	0	0	0	35	85	327	224	195	1	47	37	398	0	966	1360	300	989	913	3625	478	5855	7894	0	56133	5053	140276	0	0	0	0	0
FFQ	9	0	0	0	0	0	0	0	0	41	0	292	96	0	1	0	27	79	363	243	231	3	54	35	468	0	1060	506	1478	900	986	3896	304	5243	5999	3057	19032	11	32775	18282	130114	0	0	0
FFQ	10	0	0	0	0	0	0	0	0	31	0	296	106	2	0	1	41	85	363	258	226	3	48	30	452	6	1060	500	1573	748	947	3915	311	5308	5797	3204	18929	20	33041	18280	129995	0	0	0
FFQ	11	0	0	0	0	0	0	0	1	41	0	282	75	1	0	1	44	95	373	238	254	3	59	34	445	2	1041	468	1898	471	1015	3854	326	5417	5859	3235	18969	11	32748	18670	129646	0	0	0
FFQ	12	0	0	0	0	0	1	2	0	47	2	356	115	3	0	0	43	104	429	250	307	4	53	36	508	7	1189	532	2320	235	1138	4149	360	5500	6159	3139	19450	10	32956	18715	127457	0	0	0
FFQ	13	0	0	0	0	0	1	0	0	55	0	318	124	1	0	0	48	95	412	248	269	3	62	35	467	13	1103	539	2342	170	996	4028	329	5578	5871	3245	19112	17	33101	18355	128639	0	0	0
FFQ	14	0	0	0	0	0	1	1	3	48	2	349	115	1	0	0	10	119	406	266	258	2	59	37	106	399	1098	515	2343	171	1015	1674	2594	3798	5888	3821	3253	12240	9536	27562	16740	49145	82001	0
FFQ	15	0	0	0	0	0	1	2	0	74	7	399	135	4	0	2	12	141	445	300	287	6	71	51	133	490	1228	594	2361	154	1165	1793	2681	3726	6323	3896	3437	12091	9400	28087	16382	49109	80589	0
FFQ	16	0	0	0	0	0	0	0	2	62	3	388	126	1	0	1	19	151	473	278	309	6	58	44	125	426	1173	569	2394	180	1158	1761	2720	4035	6221	3887	3568	12111	9666	28372	16263	49455	79571	0
FFQ	17	0	0	0	0	0	1	6	1	66	6	397	111	2	2	1	13	135	482	301	293	4	88	42	152	473	1251	570	2542	202	1206	1802	2603	3902	6253	4040	3618	12225	9835	28610	16880	49079	78382	0
FFQ	18	0	0	0	0	0	1	4	3	85	12	531	150	2	0	3	28	162	528	341	355	8	92	65	167	564	1337	626	2647	194	1245	1988	2956	3943	6562	4127	3709	12403	9681	28670	16546	48713	77128	0
FFQ	19	0	0	0	0	0	3	1	2	67	8	329	107	1	3	2	26	145	32	713	275	6	70	57	160	437	1125	588	2433	199	1118	1775	2656	3913	3778	6685	3657	10611	9912	23058	21429	51222	78973	0
FFQ	20	0	0	0	0	0	1	1	6	94	14	335	127	4	4	4	32	125	50	697	315	11	69	54	182	515	1143	583	2376	214	1175	1886	2742	3939	3771	6852	3750	10993	9807	23962	21069	51229	77445	0
FFQ	21	0	0	0	0	0	2	4	3	120	30	500	162	5	5	6	36	183	68	807	383	12	98	72	237	678	1303	659	2648	246	1408	2153	3073	3990	3984	7030	4054	11148	9965	24578	21280	50350	74296	0
FFQ	22	0	0	0	0	0	1	4	11	90	24	300	106	2	2	3	30	161	83	653	301	9	73	46	203	619	1122	574	2403	205	1099	2083	2809	3912	3906	6975	3913	11063	10481	24335	23340	50526	74109	0
FFQ	23	0	0	0	0	0	2	4	5	89	34	364	86	3	3	7	38	175	73	621	306	15	82	71	228	671	1051	635	2353	203	1185	2252	2865	3790	3865	6849	4216	11204	10390	24849	22985	50820	73187	0
FFQ	24	0	0	0	0	0	3	6	6	88	37	313	91	3	4	5	43	192	121	523	278	13	97	68	236	717	927	588	2297	239	1172	2162	2663	3783	3816	6829	4238	10934	10375	24766	22746	48762	76435	0
FFQ	25	0	0	0	0	0	1	9	12	143	86	441	111	4	9	8	74	201	154	575	367	11	134	61	296	920	981	658	2394	254	1319	2348	2936	3592	4144	7015	4496	11265	10225	25286	21703	49163	74180	0
FFQ	26	0	0	0	0	0	3	7	24	183	131	548	110	5	14	9	93	274	181	565	363	18	132	77	313	959	929	669	2347	223	1328	2566	2905	3700	4241	6921	4693	11213	10423	26077	21695	49306	72331	0
FFQ	27	0	0	0	0	0	3	10	17	171	122	473	91	11	9	10	95	268	243	491	299	29	151	80	310	1016	874	617	2124	235	1191	2679	2761	3503	3983	6757	4637	11062	10472	25940	22178	50601	72063	0
FFQ	28	0	0	0	0	0	1	8	28	245	169	452	84	7	17	13	143	306	283	467	336	17	154	98	344	1195	819	669	2276	259	1343	2809	3008	3490	4480	7055	5176	11453	10514	26526	20944	51007	69381	0
FFQ	29	0	0	0	0	0	6	17	29	283	249	496	57	17	16	17	146	321	287	456	407	31	155	85	361	1310	846	677	2259	293	1346	3066	3052	3382	4383	7067	5398	11278	10514	26959	21207	51001	68102	0
FFQ	30	0	0	0	0	0	2	19	32	308	261	414	40	18	23	21	162	356	282	376	373	27	164	114	427	1505	856	727	2165	260	1357	3375	3041	3307	4572	7291	5893	11390	10785	27657	20535	51434	66007	0
FFQ	31	0	0	0	0	0	6	17	49	361	446	472	9	21	20	19	201	462	306	469	426	34	214	145	456	1679	976	791	2186	343	1524	3732	3326	3134	4808	7237	6240	11665	10991	28537	20144	51295	62835	0
FFQ	32	0	0	0	0	0	8	28	56	471	597	401	10	20	32	32	229	542	264	533	487	32	221	133	470	1814	1102	870	2306	396	1584	4345	3501	3130	5125	7442	6788	11585	11050	29062	19912	50292	60700	0
FFQ	33	0	0	0	0	0	9	30	57	491	593	313	11	23	32	34	261	613	210	448	414	52	203	145	475	1703	1310	862	2040	410	1566	4426	3346	2853	5242	7425	7220	11312	11524	29613	19637	50584	60070	0
FFQ	34	0	0	1	0	0	8	38	83	393	608	167	6	20	41	36	264	565	137	423	409	56	289	135	477	1618	1286	912	1899	411	1440	4531	3411	2652	5298	7367	7504	11198	11551	30648	19451	51310	58900	0
FFQ	35	0	0	1	0	0	8	31	82	408	642	98	9	29	37	44	292	543	106	443	431	62	245	162	441	1591	1301	864	1761	460	1520	4599	3479	2594	5540	7182	7997	11015	11660	30949	18663	51913	58336	0
FFQ	36	0	0	1	0	0	20	52	95	572	949	79	11	32	49	63	367	593	97	536	539	64	278	200	546	1986	1284	989	2069	522	1711	4794	3648	2579	5923	7306	8590	10660	11420	31557	17499	51254	56598	0
FFQ	37	0	0	2	0	0	8	62	127	586	1020	41	11	44	60	73	441	615	89	495	527	81	312	220	589	1944	1488	1074	1932	540	1687	5158	3717	2547	6176	7388	9162	10790	11946	31886	17606	50318	54769	0
FFQ	38	0	0	2	0	0	12	53	113	427	756	17	11	47	52	56	420	565	57	454	457	92	322	214	570	1872	1439	1049	1796	623	1577	5175	3628	2524	6395	7192	9824	10123	12191	31995	18219	50569	54637	0
FFQ	39	0	0	2	0	0	13	69	121	439	766	8	10	55	51	75	429	480	70	458	412	73	281	230	615	1813	1232	1068	1795	599	1648	4889	3800	2471	6601	7107	10097	9946	12278	31212	19513	51078	53712	0
FFQ	40	0	0	2	0	0	21	136	321	1086	1903	9	15	80	96	119	669	598	132	899	905	139	436	338	862	2909	1341	1453	2691	882	2237	5339	4684	3184	7551	7805	10527	10153	11632	31519	17843	47245	47749	0
FFQ	41	0	0	2	0	0	17	103	246	629	1196	10	32	89	138	121	747	598	94	579	545	146	393	360	908	2308	1655	1245	2044	941	1935	6178	4324	2750	7975	7265	11556	9328	13152	31348	19763	47893	46891	0
FFQ	42	0	0	4	0	0	19	115	272	638	1011	12	29	80	110	151	734	480	115	582	542	174	446	345	920	2269	1332	1414	2101	1001	1926	5858	4414	2807	8179	7227	11574	9455	12924	31681	19513	48037	47008	0
FFQ	43	0	0	2	0	0	23	135	303	630	998	16	31	105	153	186	723	375	140	635	598	150	446	375	968	2378	1213	1511	2120	1099	1990	5664	4592	3098	8334	7388	11536	9712	12994	32181	19150	47624	45914	0
FFQ	44	0	0	2	0	0	19	168	316	685	1159	17	28	117	172	153	747	317	157	676	664	214	535	390	1007	2500	1125	1641	2228	1218	2128	5490	4762	3059	8822	7358	11757	9749	12772	32084	18949	47537	44764	0
FFQ	45	0	0	2	0	0	29	154	361	679	1131	21	40	119	194	193	832	276	183	648	678	275	374	447	1116	2399	1087	1643	2076	1403	2106	5642	4952	3348	8939	7280	11807	9741	13267	32056	18546	47102	44334	0
FFQ	46	0	0	2	0	0	39	166	410	717	1077	16	45	146	238	236	869	232	163	598	613	363	402	481	1244	2478	1024	1726	2147	1473	1969	5585	4797	3283	9103	7054	11843	9366	13152	30625	19143	45925	46723	0
FFQ	47	0	0	2	0	0	30	139	329	534	795	19	48	128	246	225	838	198	145	533	519	390	368	547	1241	2191	854	1623	2025	1636	1943	5509	4623	3164	9216	7014	11948	9304	13566	30448	19408	46120	47605	0
FFQ	48	0	0	1	0	0	36	160	381	518	717	22	41	103	255	250	689	125	162	491	536	380	360	527	1335	2139	752	1802	1908	1708	2025	4968	4651	3420	8980	7026	11909	9446	13452	30365	19384	46233	48205	0
FFQ	49	0	0	1	0	0	44	249	579	819	1177	21	68	139	301	310	741	192	274	720	765	438	469	634	1408	2637	673	2095	2361	2020	2426	4981	5301	3750	9330	7718	11630	10473	13181	26892	21337	44548	44754	0
FFQ	50	0	0	1	0	0	31	163	406	600	703	31	61	161	328	285	696	98	212	536	569	449	393	688	1403	2310	609	1978	1982	2334	2190	5057	5091	3650	9400	7732	11897	10246	14133	26991	22651	44481	44905	0
FFQ	51	0	0	1	0	0	47	361	853	1189	1334	43	77	191	418	428	733	164	317	878	918	517	594	812	1756	2922	561	2461	2578	2455	2782	4916	5856	4099	9403	8676	11583	10886	13415	26566	20776	42387	41496	0
FFQ	52	0	0	2	0	0	45	269	646	920	911	40	83	217	452	376	684	139	283	730	724	680	504	917	1921	2830	521	2507	2268	2962	2586	5342	5912	4064	10065	8919	12133	10936	14597	26577	22266	41472	38947	0
FFQ	53	0	0	2	0	0	35	177	439	619	540	39	96	207	453	337	527	92	200	562	436	609	438	834	1740	2214	416	2220	1712	3020	2037	4893	5393	3787	9368	8858	12129	10324	15069	24726	24446	41688	44761	0
FFQ	54	0	0	2	0	0	25	143	392	503	407	23	81	149	383	268	378	79	176	481	427	543	389	748	1501	1851	342	2196	1680	2877	2065	4132	5317	3990	8744	8814	12403	10560	14835	24288	23669	42182	48398	0
FFQ	55	0	0	4	0	0	27	165	458	642	432	38	65	138	397	309	316	91	206	549	477	485	401	771	1594	1218	850	2378	1739	2773	2207	3759	5334	4020	8386	9823	12665	11096	13636	24453	22563	41524	49450	0
FFQ	56	0	0	4	0	0	37	164	497	718	396	34	83	123	402	301	292	97	232	590	499	570	463	913	1629	1207	830	2420	1765	2960	2414	3563	5435	4186	8289	10106	13352	11494	13676	23905	22417	40843	48529	0
FFQ	57	0	0	6	0	0	31	204	667	885	473	38	109	168	518	368	288	76	243	767	583	592	466	1026	1819	1125	966	2600	1801	3333	2664	3639	5856	4507	8233	10564	13485	12049	13879	23437	21893	39318	46757	0
FFQ	58	0	0	6	0	0	35	150	486	652	247	56	102	160	493	332	233	92	214	573	440	658	422	998	1741	963	799	2499	1561	3553	2455	3480	5844	4509	8111	11155	14048	12052	14387	22858	22726	38788	47552	0
FFQ	59	0	0	7	0	0	42	125	503	681	218	38	98	141	480	280	180	92	183	626	456	599	435	1090	1519	810	834	2826	1593	3556	2632	3256	6137	4746	8061	11584	14868	12681	14534	22552	22427	38153	46386	0
FFQ	60	0	0	6	0	0	33	167	512	751	195	54	95	136	488	242	145	119	235	699	432	630	436	1170	1501	761	883	2931	1620	3394	2721	3296	6275	4867	8072	12187	15193	13156	14890	22247	22626	36748	45514	0
FFQ	61	0	0	23	0	0	58	162	581	824	140	42	117	139	537	259	159	91	249	728	494	650	429	1208	1498	741	940	3268	1684	3708	2939	3261	6550	5141	8095	12918	15930	13669	14836	21591	22538	35053	44175	0
FFQ	62	0	0	68	0	0	45	161	513	706	96	43	122	139	482	256	136	94	220	717	398	684	446	1353	1480	719	867	3132	1482	3746	2949	3345	6739	5295	8088	13302	16711	14009	15339	20953	23316	34399	42873	0
FFQ	63	0	0	119	0	0	58	192	703	971	112	60	125	150	512	271	128	93	249	857	485	760	475	1487	1421	735	1026	3447	1549	3998	3274	3214	6917	5686	8158	14154	17710	14540	15309	20405	22980	33051	40041	0
FFQ	64	0	0	196	0	0	77	274	1002	1430	119	77	160	199	720	323	152	155	343	1125	600	906	609	1862	1691	799	1262	4134	1812	4366	3620	3650	7544	6043	8167	14962	18084	15145	15220	19823	22375	30208	36185	0
FFQ	65	0	0	268	0	0	61	210	739	987	48	90	172	176	734	243	150	117	276	803	510	968	607	1659	1624	685	1052	3939	1295	4431	3834	3799	7597	6091	8310	15717	19256	15496	16091	18934	23950	29289	35205	0
FFQ	66	0	0	346	0	0	73	202	853	1006	37	83	172	181	681	216	134	140	294	919	519	919	521	1695	1480	675	1152	4169	1351	4299	4046	3912	7928	6546	8241	16284	20462	16461	16148	18596	23463	28100	33101	0
FFQ	67	0	0	457	0	0	80	170	746	885	22	97	159	159	650	179	138	128	248	844	479	1004	512	1637	1371	712	1210	4062	1302	4035	4063	4112	7918	6619	8405	17267	21867	16916	16737	17647	24261	26691	31612	0
FFQ	68	0	0	599	0	0	76	140	653	764	9	90	155	150	580	163	142	116	264	851	507	949	503	1556	1258	661	1207	4001	1251	3861	4211	4207	7891	6595	8604	17427	23470	17777	17293	16784	24739	25389	30505	0
FFQ	69	0	0	725	0	0	90	184	869	923	3	90	180	174	584	157	134	125	335	1030	512	1034	556	1710	1254	748	1320	4394	1339	3800	4650	4352	8071	7117	8788	18445	24785	17916	17680	15842	24317	23390	27770	0
FFQ	70	0	0	877	0	0	123	192	1016	1058	6	126	209	173	649	154	179	149	372	1069	510	1086	658	1646	1097	1092	1489	4695	1399	3870	5053	4816	8360	7394	9085	18783	25920	18628	17891	14761	24259	21495	25053	0
FFQ	71	0	0	1032	0	0	106	158	858	861	3	126	223	158	601	144	179	140	337	1049	518	1084	594	1602	1096	1084	1479	4648	1334	3769	5059	4981	8379	7738	9482	20083	27636	19154	18451	14040	24584	19636	22985	0
FFQ	72	0	0	1194	0	0	96	162	927	777	1	134	214	177	593	130	177	123	347	1091	526	1149	600	1529	1005	1127	1483	4743	1397	3575	5086	5083	8447	7883	9583	20704	29769	20060	18820	12805	24705	18078	21088	0
FFQ	73	0	0	1368	0	0	107	175	1129	891	1	120	220	171	617	142	203	140	368	1173	530	1291	632	1625	1032	1298	1657	5007	1439	3436	5621	5418	8618	8167	9934	21569	30855	20313	19378	11984	24056	16080	18622	0
FFQ	74	0	0	1571	0	0	94	140	941	713	0	163	230	145	522	112	218	128	357	1012	454	1294	593	1515	974	1202	1700	4810	1391	3292	5606	5705	8771	8270	10565	22188	33169	21055	20011	10766	24395	14356	16958	0
FFQ	75	0	0	1797	0	0	120	153	1092	725	2	147	231	178	530	115	190	149	357	1282	470	1306	626	1484	1056	1258	1832	4656	1942	3018	5885	5821	8820	8495	10795	23325	34739	21497	20534	9786	23937	12371	14663	0
FFQ	76	0	0	2033	0	0	132	156	1189	826	0	224	374	223	824	97	297	126	474	1246	635	2103	886	2166	1482	1864	2386	6799	2862	5184	8269	9614	13359	13241	13160	31158	25241	21850	13010	8306	22554	7601	3426	0
FFQ	77	0	0	2162	0	0	115	134	1040	585	0	210	277	214	638	94	284	112	377	1064	467	1761	714	1584	1200	1593	2004	5412	2404	3578	7321	8031	11437	11658	13730	31272	30267	23178	15664	7314	24799	8941	3739	0
FFQ	78	0	0	2347	0	0	157	141	1210	656	0	195	256	207	521	118	285	150	441	1189	494	1647	682	1386	1068	1538	2076	5222	2354	2849	7144	6896	9790	10089	12861	28617	36947	22986	19543	6568	22536	8157	6048	0
FFQ	79	0	0	2530	0	0	138	132	1216	572	0	223	270	167	478	82	252	149	397	1212	497	1564	655	1235	1061	1502	2097	4783	2282	2468	6821	6593	9304	9596	12463	27508	42331	23265	21642	5580	21223	6337	6742	0
FFQ	80	0	0	2782	0	0	139	116	1100	486	0	215	275	187	443	74	284	108	399	1164	449	1614	625	1114	1029	1454	2166	4716	2300	2302	6848	6488	9266	9257	12434	27757	46121	23619	22343	4787	19781	5017	6107	0
FFQ	81	0	0	3013	0	0	169	88	1231	471	0	233	253	201	375	98	277	130	422	1302	526	1633	645	1018	1053	1558	2166	4555	2415	2010	7202	6495	9154	9603	12855	28555	48854	23485	22373	4075	18177	3859	4834	0
FFQ	82	0	0	3250	0	0	142	101	1092	360	0	224	228	187	346	58	283	126	420	1188	512	1643	561	902	1073	1499	2265	4501	2462	1848	7089	6375	9125	9376	13408	29546	51982	23845	22569	3411	16630	2854	3879	0
FFQ	83	0	0	3559	0	0	161	109	1230	367	1	266	265	233	376	76	297	161	428	1237	506	1758	588	836	1141	1600	2462	4390	2618	1704	7311	6420	9562	9565	13591	30881	53726	23900	21806	2732	14673	2027	2795	0
FFQ	84	0	0	3876	0	0	202	135	1643	431	0	299	322	263	326	72	361	167	519	1474	590	2018	629	881	1203	1752	2767	4708	2849	1683	7816	6610	9730	10126	13922	31990	54284	23244	20697	2188	12257	1471	1848	0
FFQ	85	0	0	4225	0	0	187	126	1738	413	0	309	317	256	329	84	351	165	500	1536	606	2054	664	765	1322	1839	2976	4692	2920	1536	8037	6777	10110	10263	13998	33201	55997	23038	19550	1759	10497	1005	1200	0
FFQ	86	0	0	4627	0	0	171	76	1282	290	0	363	334	246	302	59	387	151	514	1228	672	1998	626	606	1312	1858	2915	4371	2944	1414	7972	6700	10118	10335	14191	33960	59905	23156	18536	1309	8996	604	804	0
FFQ	87	0	0	5011	0	0	166	72	1248	234	0	290	264	210	220	37	348	167	485	1358	648	1960	528	482	1402	1822	3048	4082	3120	1262	8274	6581	10310	10607	14322	35051	62428	23002	17182	1047	7216	355	492	0
FFQ	88	0	0	5442	0	0	216	83	1338	239	0	330	272	226	203	61	382	159	468	1341	660	1976	460	441	1376	1800	3242	4022	3129	1156	8336	6406	10290	10806	14428	35650	65253	22619	15708	745	5553	206	300	0
FFQ	89	0	0	5936	0	0	188	79	1363	237	0	341	263	237	195	52	337	164	553	1406	730	2073	446	444	1366	1901	3320	3880	3171	1095	8495	6388	10281	10851	14362	36740	67273	22094	14019	558	4211	93	155	0
FFQ	90	0	0	6520	0	0	199	73	1538	208	0	335	288	252	171	44	385	172	542	1472	738	2134	422	349	1420	1920	3572	3871	3398	1060	8592	6656	10507	10898	14331	37645	68602	21318	12108	389	3017	54	69	0
FFQ	91	0	0	7106	0	0	178	65	1348	159	0	365	261	234	150	52	365	162	543	1460	814	2082	405	314	1386	2070	3625	3519	3384	965	8708	6605	10555	11121	14643	38521	70505	20520	10676	258	2058	24	37	0
FFQ	92	0	0	7794	0	0	185	51	1290	131	0	338	220	215	106	33	376	171	517	1390	819	2054	378	251	1385	2005	3775	3168	3533	841	8698	6375	10594	11166	14803	39094	73032	19814	9025	180	1365	17	24	0
FFQ	93	0	0	8573	0	0	173	55	1316	110	0	320	227	218	77	41	379	160	480	1416	803	2002	300	227	1450	1971	3770	3011	3500	748	8684	6503	10467	11501	14925	39657	74954	18731	7424	114	852	11	14	0
FFQ	94	0	0	9518	0	0	175	34	1230	104	0	365	224	224	71	30	360	165	521	1319	863	1946	268	183	1484	2120	3822	2759	3471	664	8576	6295	10619	11491	14977	40485	76238	17976	5986	61	494	5	9	0
FFQ	95	0	0	10875	0	0	209	50	1991	136	0	391	250	119	225	48	474	221	641	1756	1031	2195	283	201	1558	2243	4605	2848	3959	697	9295	6464	11194	11777	14859	40883	72999	15896	4399	37	262	3	8	0
FFQ	96	0	0	12137	0	0	146	28	1129	100	0	372	203	74	189	28	456	164	567	1422	1018	2082	246	165	1599	2176	4511	2649	3958	645	9363	6669	11349	11994	14853	41296	74811	14966	3499	17	134	3	3	0
FFQ	97	0	0	13672	0	0	121	18	1037	69	0	324	154	45	132	24	423	175	546	1467	992	1934	211	152	1587	2150	4670	2288	3980	567	9260	6747	11306	12165	14922	41964	75208	13933	2637	11	66	1	3	0
FFQ	98	0	0	15472	0	0	63	6	619	44	0	201	108	31	101	15	323	142	437	1231	828	1701	123	136	1451	2049	4198	1897	3844	490	8834	6584	11135	12109	15048	42097	78191	13362	1982	6	38	2	1	0
FFQ	99	0	0	18003	0	0	20	3	358	22	0	101	51	18	62	6	291	203	489	1568	1036	1727	120	154	1609	2117	4692	1809	4110	449	9219	6670	11507	12282	14676	42367	75831	11781	1446	2	26	0	3	0
FFQ	100	0	0	20254	0	0	0	0	0	0	0	0	0	0	6	0	312	139	396	1304	862	1423	97	112	1415	2095	4358	1507	3931	401	9161	6821	11585	12376	15136	42460	76518	10962	1111	1	15	0	3	0
# Last Fragment Qualities. Use `grep ^LFQ | cut -f 2-` to extract this part.
# Columns correspond to qualities and rows to cycles. First column is the cycle number.
LFQ	1	0	0	0	0	0	0	0	0	0	0	1916	0	0	0	0	0	1941	0	0	0	0	0	322	2191	0	1588	5130	6480	3585	0	17798	94450	0	26273	63902	0	0	0	0	0	0	0	0
LFQ	2	0	0	0	0	0	0	0	0	0	0	1144	0	0	0	0	0	1955	0	0	0	0	0	469	1562	0	1807	4205	6619	3535	0	14642	86574	0	17736	85328	0	0	0	0	0	0	0	0
LFQ	3	0	0	0	0	0	0	0	0	0	0	1324	0	0	0	0	0	1947	0	0	0	0	0	614	1667	0	1706	4203	7297	3313	0	13821	82303	0	15254	92127	0	0	0	0	0	0	0	0
LFQ	4	0	0	0	0	0	0	0	0	0	0	1775	0	0	0	0	0	1148	0	0	1036	0	0	665	0	0	1807	2392	143	3390	0	5363	143	7304	10681	0	59198	0	130531	0	0	0	0	0
LFQ	5	0	0	0	0	0	0	0	0	0	0	1703	0	0	0	0	0	1020	0	0	1156	0	0	589	0	0	1674	2252	115	3357	0	5180	130	7179	10813	0	60167	0	130241	0	0	0	0	0
LFQ	6	0	0	0	0	0	0	0	0	188	0	1277	471	0	0	1	116	234	1036	475	465	0	65	65	720	1	1788	2331	318	2039	1342	5209	578	8045	10170	0	54726	6095	127821	0	0	0	0	0
LFQ	7	0	0	0	0	0	0	1	0	132	0	874	335	0	0	0	121	174	1002	450	369	0	66	48	657	0	1688	2013	337	1959	1215	4692	589	7909	9906	0	54848	6471	129720	0	0	0	0	0
LFQ	8	0	0	0	0	0	0	2	0	183	0	1229	385	0	0	0	97	209	1041	447	496	0	94	78	674	0	1869	2182	462	1767	1353	5200	630	8039	10007	0	54879	6212	128041	0	0	0	0	0
LFQ	9	0	0	0	0	0	1	2	0	176	0	1152	399	0	0	2	93	190	1086	443	463	5	75	55	718	1	1787	767	2165	1744	1303	5004	465	7221	6737	4508	20131	0	34497	17235	117151	0	0	0
LFQ	10	0	0	0	0	0	3	6	2	148	0	964	344	1	0	1	114	156	1010	380	406	0	59	47	616	3	1634	668	2357	1216	1221	4641	479	6838	6533	4524	19880	0	34349	17648	119328	0	0	0
LFQ	11	0	0	0	0	0	1	1	0	143	0	1087	356	0	0	0	109	177	984	435	404	4	71	65	691	3	1692	722	2776	696	1366	4916	448	6751	6719	4193	19934	1	33969	17844	119018	0	0	0
LFQ	12	0	0	0	0	0	4	2	0	126	2	1003	327	3	1	4	96	179	934	415	416	1	84	56	601	9	1624	698	3176	263	1278	4770	436	6892	6713	4131	19985	2	34266	18765	118314	0	0	0
LFQ	13	0	0	0	0	0	2	0	3	144	5	1053	367	6	0	0	113	184	1028	484	443	4	66	59	695	10	1749	719	3468	219	1311	5053	425	6873	6990	4111	20289	6	34343	19066	116288	0	0	0
LFQ	14	0	0	0	0	0	1	1	10	188	4	1379	456	4	0	2	26	314	1074	573	577	4	122	92	217	737	1971	778	3620	231	1487	2358	3478	5096	7397	5222	3879	12936	9987	30041	18069	44351	68894	0
LFQ	15	0	0	0	0	0	4	5	8	201	14	1340	502	5	0	0	28	296	1195	540	571	3	127	74	209	689	1930	777	3791	235	1477	2362	3293	5261	7405	5333	3900	13019	10523	30493	18098	44698	67170	0
LFQ	16	0	0	0	0	0	5	4	4	195	10	1158	416	0	0	0	30	273	1217	444	476	10	89	72	212	584	1793	755	3766	216	1322	2268	3357	5390	7200	5295	3901	12894	10657	30986	18576	45171	66830	0
LFQ	17	0	0	0	0	0	4	2	6	202	20	1005	344	4	1	3	27	253	1106	461	445	5	112	76	234	624	1734	694	3580	248	1373	2297	3282	5162	7083	5308	3949	12920	10755	31258	18836	45725	66438	0
LFQ	18	0	0	0	0	0	6	3	7	209	20	983	374	4	3	5	37	252	1023	441	488	3	101	57	239	714	1656	712	3373	229	1373	2352	3260	5124	7133	5144	4021	12769	10680	30970	19045	46192	66574	0
LFQ	19	0	0	0	0	0	6	6	14	253	37	1325	436	6	3	3	44	288	94	1583	548	9	111	74	287	792	1916	849	3624	255	1554	2466	3556	5194	4628	8217	4138	11736	10063	26121	22093	47034	66213	0
LFQ	20	0	0	0	0	0	5	7	8	198	54	916	309	7	7	6	49	206	102	1278	411	9	107	69	258	633	1599	736	3414	210	1382	2312	3103	5050	4363	7975	4166	11290	10428	25811	23837	47925	67336	0
LFQ	21	0	0	0	0	0	4	4	11	214	56	1133	361	4	4	4	59	264	116	1366	534	13	133	71	302	851	1730	790	3396	257	1447	2503	3269	4939	4367	7888	4277	11484	10081	26067	23600	47459	66518	0
LFQ	22	0	0	0	0	0	7	8	17	217	69	969	302	3	3	8	64	305	163	1261	458	14	140	79	320	829	1544	756	3437	236	1496	2568	3179	4979	4508	8037	4307	11504	10405	26309	23798	47757	65520	0
LFQ	23	0	0	0	0	0	3	9	20	248	122	916	277	11	9	9	94	295	195	1106	441	18	110	93	318	919	1397	729	3239	283	1454	2682	3312	4786	4489	8043	4490	11541	10401	26898	24357	47546	64716	0
LFQ	24	0	0	0	0	0	4	8	14	245	143	943	269	9	12	16	100	325	243	1039	483	19	128	93	395	1137	1464	752	3198	297	1562	2882	3363	4691	4672	8023	4654	11705	10508	27526	23051	44389	67214	0
LFQ	25	0	0	0	0	0	7	15	29	296	193	903	265	13	15	15	126	375	325	1010	520	21	175	106	410	1253	1338	846	3212	292	1589	2914	3417	4739	4708	8055	4754	11801	10808	27860	23261	44635	65275	0
LFQ	26	0	0	0	0	0	5	12	33	408	254	1000	218	19	14	18	163	435	424	970	564	13	163	140	463	1455	1300	907	3325	293	1642	3216	3564	4794	5115	8455	5091	12255	10860	28455	22592	44927	62014	0
LFQ	27	0	0	0	0	0	11	22	39	517	394	1242	228	14	21	16	187	511	486	1015	690	17	217	123	570	1803	1467	991	3481	373	1836	3744	3851	4666	5221	8606	5562	12121	10980	28640	22808	44677	58429	0
LFQ	28	0	0	0	0	0	8	24	45	628	557	1230	181	13	14	22	234	636	654	979	704	26	243	145	627	2100	1428	1042	3643	386	1863	4224	4024	4539	5367	8893	5675	12454	11330	29021	23149	44692	54776	0
LFQ	29	0	0	0	0	0	8	32	62	630	605	1007	102	14	26	32	263	733	605	828	650	36	250	167	629	2124	1495	1005	3338	359	1839	4673	3884	4603	5444	9203	6109	12245	11489	29796	22594	45431	53266	0
LFQ	30	0	0	0	0	0	12	27	60	576	657	692	44	32	26	32	242	721	497	684	568	36	231	148	630	2093	1400	986	3059	390	1737	4842	3878	4050	5555	8764	6412	12069	11949	30602	23059	46509	52307	0
LFQ	31	0	0	0	0	0	1	43	98	643	710	672	26	31	33	36	329	735	416	682	574	45	264	147	648	2259	1537	1015	2892	423	1794	4891	3950	3767	5870	8819	6628	12111	11806	31326	22147	46730	51478	0
LFQ	32	0	0	0	0	0	9	35	83	625	843	531	19	33	38	33	368	787	339	668	604	60	275	189	617	2180	1596	976	2661	444	1897	5172	3898	3427	5884	8609	7059	11786	11748	31964	22020	47535	50558	0
LFQ	33	0	0	0	0	0	18	55	106	764	1028	408	9	27	49	45	410	861	290	723	633	56	332	188	689	2393	1701	1119	2740	461	1830	5564	4169	3356	6227	8637	7565	11917	11706	32707	20343	47565	48866	0
LFQ	34	0	0	0	0	0	17	61	103	735	1003	236	6	50	48	49	437	781	234	641	617	68	341	203	652	2276	1813	1069	2455	540	1862	5884	4133	3073	6225	8480	8095	11537	11724	32955	20593	47578	48969	0
LFQ	35	0	0	0	0	0	16	65	137	779	1139	148	14	60	62	66	536	819	141	750	679	68	355	230	691	2430	1841	1200	2475	584	1998	6151	4319	3080	6825	8437	8468	11420	11993	33704	19590	46513	47755	0
LFQ	36	0	0	1	0	0	18	81	166	796	1347	93	11	59	73	88	531	832	120	747	748	92	389	246	760	2554	1792	1293	2599	665	2084	6165	4422	2936	6935	8665	9123	11275	12326	34488	18963	46558	45491	0
LFQ	37	0	0	4	0	0	17	105	204	945	1685	53	17	66	75	85	666	901	129	824	803	101	486	309	775	2751	1934	1417	2533	734	2207	6387	4754	2984	7554	8568	9570	11128	12244	34735	18659	45602	43520	0
LFQ	38	0	0	3	0	0	19	116	226	976	1759	35	16	69	109	116	761	912	144	872	841	107	473	376	857	2918	2054	1480	2653	817	2238	6828	4866	3072	7863	8474	10196	10969	12711	34864	18330	44756	41649	0
LFQ	39	0	0	6	0	0	33	153	265	1158	1953	13	23	93	131	130	853	883	142	897	963	166	506	349	1090	3122	2047	1549	2747	910	2385	7129	5052	3150	8458	8665	10879	10596	12721	33661	19571	43593	39474	0
LFQ	40	0	0	6	0	0	26	256	517	1762	2996	20	26	103	176	202	1109	943	200	1180	1266	161	658	439	1260	3690	2054	1878	3125	1075	2699	7393	5455	3341	9021	8571	10990	10458	12496	33229	18887	41394	36448	0
LFQ	41	0	0	6	0	0	30	143	359	972	1655	21	33	167	223	219	1217	888	157	772	720	215	630	504	1251	2946	2389	1716	2478	1235	2003	8382	4952	3027	9320	7803	11964	9284	13798	32404	21043	41727	38851	0
LFQ	42	0	0	6	0	0	25	177	395	1097	1708	26	40	143	244	251	1159	706	186	813	834	247	632	504	1319	3161	1876	1775	2623	1350	2266	7537	5140	3333	9507	8004	11969	9491	13655	32826	20640	41543	38291	0
LFQ	43	0	0	4	0	0	31	249	527	1172	2053	18	58	169	256	278	1251	571	219	896	925	257	614	567	1365	3251	1744	1974	2723	1496	2425	7283	5309	3406	9891	7909	11832	9515	13225	32988	20153	41560	37326	0
LFQ	44	0	0	4	0	0	42	231	523	1130	1950	25	57	193	258	291	1298	502	194	920	866	308	638	637	1473	3297	1650	1949	2604	1613	2344	7278	5417	3345	10139	7554	11946	9519	13549	32988	20142	41475	37137	0
LFQ	45	0	0	4	0	0	38	245	545	947	1519	28	49	169	286	297	1196	378	227	769	794	417	519	624	1566	3172	1472	1990	2455	1775	2393	7063	5423	3537	10518	7717	12068	9513	13613	33254	19776	42215	36909	0
LFQ	46	0	0	3	0	0	48	308	754	1227	1898	31	59	195	330	372	1195	356	271	909	998	490	649	715	1772	3396	1314	2228	2772	2005	2638	6836	5733	3751	10344	7883	12038	9980	13395	33382	18753	40872	35573	0
LFQ	47	0	0	3	0	0	47	303	746	1179	1805	36	72	257	392	380	1279	301	286	948	976	487	655	769	1910	3384	1226	2469	2814	2249	2665	6796	5885	3859	10638	8209	11891	10220	13754	32750	19165	40193	34473	0
LFQ	48	0	0	3	0	0	25	213	532	846	1139	37	87	219	417	361	1118	189	256	695	677	526	515	776	1857	2992	1008	2240	2139	2399	2154	6688	5387	3646	10553	7534	11870	8951	14242	31063	21826	41169	39113	0
LFQ	49	0	0	4	0	0	41	224	533	884	1109	27	60	173	410	351	913	160	271	720	729	484	526	757	1730	2840	812	2246	2304	2417	2347	5837	5482	3752	10120	7977	11110	9957	13798	27562	23877	41422	41490	0
LFQ	50	0	0	3	0	0	42	247	585	915	1062	35	77	179	416	409	812	149	235	729	717	495	509	801	1630	2726	620	2386	2370	2557	2360	5281	5612	3860	9844	7985	10929	10368	13405	27344	22628	41891	43238	0
LFQ	51	0	0	3	0	0	57	305	764	1196	1409	43	92	219	560	490	881	161	274	817	803	686	591	1034	2119	3323	734	2740	2484	3591	2524	6687	6640	4190	12495	9197	12234	10517	18236	30146	30482	36262	20463	0
LFQ	52	0	0	44	0	0	50	301	760	1071	1085	53	101	243	657	510	888	141	273	788	712	688	547	1095	2137	2826	576	2755	2251	3439	2439	5824	6241	4429	10984	9349	11681	10483	16113	28988	30014	40881	24030	0
LFQ	53	0	0	3	0	0	50	288	633	953	743	44	105	227	584	449	729	141	247	708	640	670	507	1020	1956	2540	463	2571	2071	3514	2455	5135	5983	4244	9638	9428	11220	10919	14795	27756	26314	41946	33754	0
LFQ	54	0	0	4	0	0	42	237	604	887	549	43	102	191	523	419	521	114	249	677	606	679	538	1038	1834	2218	397	2644	2049	3306	2420	4506	5855	4158	9172	9459	11366	10763	14144	26300	24818	40836	41173	0
LFQ	55	0	0	15	0	0	59	308	849	1148	704	45	106	212	588	441	464	117	310	901	704	704	588	1185	1968	1526	1139	2842	2130	3574	2710	4357	6222	4427	8759	10158	11471	11169	12847	25801	22244	39191	43456	0
LFQ	56	0	0	5	0	0	56	255	776	1079	549	48	103	216	672	440	396	138	306	870	618	740	545	1210	1943	1415	1020	3058	2017	3845	2757	4118	6353	4456	8617	10517	11751	11347	13138	24846	22365	38104	44746	0
LFQ	57	0	0	4	0	0	57	272	760	1098	481	47	112	230	651	459	333	122	296	837	656	767	630	1268	2035	1350	1056	3119	2034	3917	2856	3882	6369	4722	8415	11042	12113	11936	13141	24368	21963	37285	44750	0
LFQ	58	0	0	4	0	0	60	294	911	1308	428	49	130	206	745	432	297	164	295	976	695	864	638	1291	2135	1214	1161	3376	1951	4079	3112	3859	6894	4954	8579	11505	12376	12220	13151	24210	21739	36276	42852	0
LFQ	59	0	0	4	0	0	71	286	946	1348	374	76	162	224	756	418	282	127	334	1033	619	843	641	1527	2102	1108	1197	3656	2049	4593	3195	3812	7110	5199	8559	12308	12766	12723	13151	23765	21517	34822	41726	0
LFQ	60	0	0	5	0	0	62	323	903	1398	286	75	167	198	846	439	223	144	328	1087	633	957	653	1738	2021	1045	1215	4160	1945	4721	3391	3896	7356	5382	8287	12598	13161	13144	13459	23252	21702	33961	40266	0
LFQ	61	0	0	74	0	0	85	312	892	1269	226	88	177	230	855	375	231	125	314	1065	558	918	626	1761	1990	926	1168	4135	1881	4904	3339	3899	7570	5586	8189	13539	13633	13169	13641	22636	22154	33033	39852	0
LFQ	62	0	0	168	0	0	100	372	1070	1675	207	88	208	278	902	373	243	166	359	1263	652	1023	685	1921	2081	994	1339	4510	1911	4937	3794	3916	7846	5785	8165	13926	14158	13954	13661	22529	21327	31752	37085	0
LFQ	63	0	0	321	0	0	94	317	1041	1472	130	101	237	246	885	381	206	132	391	1205	554	1090	722	2050	2048	923	1299	4670	1909	5055	3823	4160	8207	6159	8226	14680	14641	14486	13798	21570	22097	30409	35687	0
LFQ	64	0	0	507	0	0	122	392	1325	1950	124	107	254	255	935	377	233	208	451	1508	687	1151	811	2352	1921	1021	1507	5062	2005	5237	4234	4283	8360	6541	8224	15220	15190	14745	13795	21175	21438	28689	33023	0
LFQ	65	0	0	761	0	0	151	444	1600	2130	106	147	271	287	1160	425	225	237	460	1441	915	1401	883	2358	2142	995	1661	5420	1823	5690	4772	4475	8903	6817	8226	16053	15692	15041	14020	20248	20950	26882	30201	0
LFQ	66	0	0	1037	0	0	144	354	1260	1524	34	157	287	289	1124	363	213	175	461	1269	735	1494	907	2478	2068	980	1504	5528	1649	5643	4919	4700	9038	7042	8138	16587	16562	15441	14529	19373	22645	25587	29167	0
LFQ	67	0	0	1315	0	0	138	289	1212	1420	25	118	290	257	945	292	233	190	441	1319	714	1399	849	2350	1817	948	1589	5432	1610	5320	5059	4951	9222	7441	8412	17349	17467	16174	14710	18540	22813	24726	28025	0
LFQ	68	0	0	1677	0	0	150	340	1525	1707	22	138	314	244	1009	293	224	189	531	1499	794	1457	849	2351	1840	933	1847	5819	1681	5089	5562	5238	9206	7682	8492	17798	18710	16522	14905	17695	21983	23127	25956	0
LFQ	69	0	0	2070	0	0	156	333	1467	1576	7	183	331	295	1080	272	271	188	463	1437	690	1586	936	2447	1799	1050	1876	6032	1666	5071	5513	5398	9530	7892	8610	18560	19323	16957	15130	16649	22704	21595	24250	0
LFQ	70	0	0	2474	0	0	202	360	1742	1791	2	193	348	298	1117	291	248	227	515	1736	785	1651	975	2264	1493	1447	2029	6250	1681	5071	6074	5749	9730	8253	8621	19363	20445	17376	15401	15901	21589	19757	21943	0
LFQ	71	0	0	2890	0	0	160	322	1641	1539	2	216	372	304	1023	249	287	204	501	1633	728	1741	953	2377	1472	1561	2030	6327	1675	4953	6239	6005	9854	8478	9058	19878	21570	18336	15858	14437	22214	18179	20125	0
LFQ	72	0	0	3334	0	0	200	319	1728	1388	1	226	369	268	909	213	300	192	487	1679	701	1819	907	2348	1460	1570	2263	6550	1751	4627	6570	6169	9723	8684	9205	20764	22718	18782	16225	13559	22219	16786	18375	0
LFQ	73	0	0	3812	0	0	175	304	1774	1288	1	234	380	274	895	226	303	225	503	1715	666	1827	976	2183	1383	1676	2271	6481	1813	4179	6866	6500	10060	9019	9515	21239	24055	19056	16931	12515	22189	15162	16716	0
LFQ	74	0	0	4324	0	0	213	318	1914	1348	0	244	358	289	870	194	330	226	531	1823	688	2029	971	2180	1414	1821	2496	6863	1892	4068	7241	6554	10124	9227	9942	22231	25268	19152	17076	11576	21479	13377	14735	0
LFQ	75	0	0	4869	0	0	227	251	1821	1187	1	259	366	277	846	173	344	219	566	1838	683	2020	896	2053	1403	1812	2508	6313	2508	3923	7315	6929	10291	9424	10171	23059	26747	19515	17486	10191	21915	11988	12990	0
LFQ	76	0	0	5468	0	0	247	263	1840	1031	0	261	383	262	748	161	334	231	542	1787	640	2082	939	1872	1380	1913	2594	6248	2580	3660	7323	7199	10339	9623	10395	24156	28343	19920	18128	9339	21305	10281	11560	0
LFQ	77	0	0	6111	0	0	226	271	1972	960	2	273	377	275	650	175	354	208	578	1946	710	2120	918	1864	1387	1897	2773	6129	2590	3311	7685	7364	10346	9731	10568	25053	30013	20242	18706	8462	20529	8761	9837	0
LFQ	78	0	0	6742	0	0	252	247	2072	936	0	288	421	279	649	162	389	222	621	1969	691	2248	860	1715	1424	2006	2943	6352	2869	3188	8177	7450	10632	9860	11040	26114	31211	20070	18867	7234	19527	7453	8191	0
LFQ	79	0	0	7461	0	0	275	256	2106	919	0	305	420	311	618	145	376	203	636	2017	714	2316	870	1583	1416	2041	3012	6148	2848	2942	8397	7479	10792	10265	11121	27134	33048	20375	18953	6392	18775	5879	6819	0
LFQ	80	0	0	8225	0	0	319	251	2158	872	0	313	443	349	660	150	405	264	645	2088	713	2464	928	1527	1502	2055	3152	6242	2966	2792	8712	7656	10724	10467	11431	27880	34242	20459	19289	5419	17490	4695	5419	0
LFQ	81	0	0	9021	0	0	277	232	2266	857	1	344	435	334	563	144	409	226	670	2181	732	2534	947	1439	1583	2160	3411	6238	3262	2636	9068	7624	11139	10708	11583	29064	35442	20263	19201	4547	15970	3731	4121	0
LFQ	82	0	0	9929	0	0	372	273	2972	897	1	400	452	378	594	156	471	287	764	2473	838	2659	1001	1441	1584	2294	3821	6553	3338	2464	9502	7797	11497	10727	11668	29892	36020	19839	18458	3665	14132	2764	2987	0
LFQ	83	0	0	10814	0	0	345	228	2659	791	0	513	538	375	616	130	543	271	742	2381	883	2801	977	1274	1610	2359	3891	6491	3461	2339	9820	7871	11716	11099	11930	31111	37352	19381	18082	3195	12633	1886	2250	0
LFQ	84	0	0	11737	0	0	315	186	2532	662	1	473	492	357	526	124	553	263	734	2384	943	2932	940	1136	1705	2443	4070	6311	3593	2084	10023	7884	11958	11412	12142	32201	38767	19571	17460	2515	10989	1421	1514	0
LFQ	85	0	0	12689	0	0	362	197	2737	603	2	499	526	376	442	100	508	264	718	2296	932	2829	888	989	1820	2460	4263	6341	3661	1943	10244	7990	12080	11361	11996	33522	40349	19221	16876	1932	9317	953	1056	0
LFQ	86	0	0	13742	0	0	359	179	2667	496	0	478	489	369	387	112	558	236	737	2446	1052	3076	822	907	1842	2531	4400	6007	3787	1746	10329	7856	12452	11952	12046	34437	41781	18887	15785	1482	7620	622	658	0
LFQ	87	0	0	14835	0	0	375	174	2816	508	2	526	464	440	381	99	565	254	789	2381	1112	2974	826	830	1841	2562	4711	5965	4008	1639	10623	7821	12469	11858	12274	35435	42939	18129	14589	1166	6194	364	393	0
LFQ	88	0	0	15970	0	0	398	173	2874	421	1	537	501	398	308	98	616	300	830	2495	1100	3114	839	701	1983	2724	4999	5919	4078	1528	10862	7857	12883	12235	12044	36014	43750	17595	12996	876	4866	231	208	0
LFQ	89	0	0	17190	0	0	351	154	2729	358	1	496	464	391	270	85	637	309	792	2407	1087	3091	696	594	1980	2610	5044	5430	4214	1379	10674	7996	12917	12550	12393	37306	45256	17025	11971	587	3599	143	121	0
LFQ	90	0	0	18552	0	0	340	136	2617	324	0	556	436	376	227	90	588	289	753	2467	1182	3003	613	503	2000	2680	5251	5242	4394	1213	11018	7807	12972	12572	12158	38078	46777	16411	10482	440	2586	57	79	0
LFQ	91	0	0	19971	0	0	330	123	2690	246	1	561	401	393	191	72	605	273	797	2457	1208	3058	628	427	2095	2822	5396	4869	4477	1148	11141	7668	12931	12757	12092	38344	47862	15873	9114	262	1896	36	28	0
LFQ	92	0	0	21625	0	0	350	109	2549	238	1	547	380	351	169	59	608	250	751	2405	1269	3023	572	348	2011	2825	5548	4641	4353	1098	11136	7716	13154	12851	12120	39463	48617	15049	7604	216	1183	14	10	0
LFQ	93	0	0	23471	0	0	325	102	2525	194	0	580	371	363	133	61	605	280	836	2416	1284	2977	461	313	2182	2801	5784	4332	4480	985	11054	7697	12922	12925	12038	39783	49636	14148	6216	114	757	10	3	0
LFQ	94	0	0	25577	0	0	288	86	2506	158	2	527	369	333	105	66	597	297	781	2481	1400	2977	430	309	2099	2837	5945	4026	4664	876	11405	7622	13367	13033	11801	40112	49550	13000	5006	52	441	5	2	0
LFQ	95	0	0	27968	0	0	302	63	2237	136	0	557	333	121	285	58	546	274	764	2350	1369	2850	413	248	2049	2774	6134	3717	4684	781	11280	7610	13242	13297	11816	40850	49715	12041	3912	40	261	3	2	0
LFQ	96	0	0	30810	0	0	252	56	1998	120	1	505	288	89	235	53	546	273	785	2290	1385	2677	317	200	2107	2730	6170	3335	4576	799	11177	7566	13459	13269	11752	40783	50157	11168	2917	31	143	1	1	0
LFQ	97	0	0	34121	0	0	203	40	1625	84	0	407	251	59	186	29	525	252	706	2233	1408	2537	251	189	2106	2746	6177	2987	4614	702	11111	7567	13339	13591	11480	40576	50277	10272	2223	14	73	0	0	0
LFQ	98	0	0	37814	0	0	98	25	1109	51	0	295	181	47	136	19	425	242	633	2034	1339	2271	175	182	1910	2652	6145	2639	4539	611	10945	7654	13192	13473	11537	41265	50301	9349	1564	3	43	1	0	0
LFQ	99	0	0	42238	0	0	34	7	485	18	0	144	74	27	58	13	420	298	604	2179	1222	2035	162	201	1858	2694	6195	2447	4650	550	10892	7512	13454	13412	11239	40902	49413	8221	1151	2	16	1	0	0
LFQ	100	0	0	46394	0	0	0	0	0	0	0	0	0	0	4	2	393	268	626	2358	1156	1847	95	156	1886	2516	6110	2071	4592	493	10768	7712	13282	13547	11050	40981	48284	7298	862	2	7	0	1	0
# GC Content of first fragments. Use `grep ^GCF | cut -f 2-` to extract this part.
GCF	2.26	0
GCF	5.03	2
GCF	7.54	0
GCF	10.55	1
GCF	12.06	2
GCF	13.57	1
GCF	15.08	4
GCF	16.08	16
GCF	17.09	20
GCF	18.09	64
GCF	19.10	75
GCF	19.85	143
GCF	20.35	144
GCF	20.85	259
GCF	21.36	258
GCF	22.11	392
GCF	23.12	624
GCF	23.87	896
GCF	24.37	897
GCF	24.87	1256
GCF	25.38	1257
GCF	25.88	1774
GCF	26.38	1776
GCF	26.88	2289
GCF	27.39	2288
GCF	27.89	2924
GCF	28.39	2930
GCF	28.89	3604
GCF	29.40	3605
GCF	29.90	4050
GCF	30.40	4049
GCF	30.90	4789
GCF	31.41	4794
GCF	31.91	5205
GCF	32.41	5209
GCF	32.91	6085
GCF	33.42	6096
GCF	33.92	6396
GCF	34.42	6395
GCF	34.92	6848
GCF	35.43	6839
GCF	35.93	7266
GCF	36.43	7280
GCF	36.93	7671
GCF	37.44	7673
GCF	37.94	7738
GCF	38.44	7741
GCF	38.94	7880
GCF	39.45	7881
GCF	39.95	7761
GCF	40.45	7758
GCF	41.21	7896
GCF	42.21	7635
GCF	42.96	7566
GCF	43.47	7569
GCF	44.22	7412
GCF	44.97	7032
GCF	45.48	7031
GCF	45.98	6898
GCF	46.48	6897
GCF	46.98	6473
GCF	47.49	6477
GCF	47.99	6377
GCF	48.49	6378
GCF	48.99	6081
GCF	49.50	6078
GCF	50.00	5920
GCF	50.50	5925
GCF	51.01	5734
GCF	51.51	5741
GCF	52.01	5546
GCF	52.51	5539
GCF	53.02	5344
GCF	53.52	5350
GCF	54.02	5202
GCF	54.52	5190
GCF	55.03	5072
GCF	55.53	5077
GCF	56.03	4903
GCF	56.53	4898
GCF	57.04	4662
GCF	57.54	4663
GCF	58.04	4410
GCF	58.54	4402
GCF	59.05	4073
GCF	59.55	4071
GCF	60.05	3823
GCF	60.55	3822
GCF	61.31	3522
GCF	62.06	3173
GCF	62.56	3168
GCF	63.07	2815
GCF	63.57	2816
GCF	64.07	2529
GCF	64.57	2528
GCF	65.08	2151
GCF	65.58	2149
GCF	66.08	1769
GCF	66.58	1771
GCF	67.09	1412
GCF	67.59	1413
GCF	68.09	1114
GCF	68.59	1110
GCF	69.10	854
GCF	69.60	850
GCF	70.10	684
GCF	70.60	682
GCF	71.11	501
GCF	71.61	500
GCF	72.36	352
GCF	73.37	246
GCF	74.37	178
GCF	75.13	125
GCF	75.63	124
GCF	76.38	98
GCF	77.39	71
GCF	78.39	53
GCF	79.40	42
GCF	80.40	36
GCF	81.41	18
GCF	82.41	12
GCF	83.42	5
GCF	84.42	3
GCF	85.43	0
GCF	86.43	1
# GC Content of last fragments. Use `grep ^GCL | cut -f 2-` to extract this part.
GCL	1.76	0
GCL	4.02	1
GCL	5.03	0
GCL	6.03	1
GCL	8.04	0
GCL	10.05	2
GCL	11.06	1
GCL	12.06	0
GCL	13.07	1
GCL	14.07	5
GCL	15.08	6
GCL	16.08	10
GCL	17.09	27
GCL	18.09	51
GCL	19.10	78
GCL	19.85	147
GCL	20.35	148
GCL	20.85	237
GCL	21.36	236
GCL	22.11	385
GCL	23.12	687
GCL	23.87	912
GCL	24.37	913
GCL	24.87	1403
GCL	25.38	1404
GCL	25.88	1850
GCL	26.38	1851
GCL	26.88	2395
GCL	27.39	2394
GCL	27.89	2933
GCL	28.39	2938
GCL	28.89	3604
GCL	29.40	3606
GCL	29.90	4185
GCL	30.40	4184
GCL	30.90	4779
GCL	31.41	4786
GCL	31.91	5366
GCL	32.41	5367
GCL	32.91	5852
GCL	33.42	5860
GCL	33.92	6435
GCL	34.42	6434
GCL	34.92	6800
GCL	35.43	6794
GCL	35.93	7170
GCL	36.43	7181
GCL	36.93	7490
GCL	37.44	7494
GCL	37.94	7763
GCL	38.44	7762
GCL	39.20	7870
GCL	39.95	7890
GCL	40.45	7882
GCL	40.95	7901
GCL	41.46	7907
GCL	41.96	7722
GCL	42.46	7721
GCL	42.96	7446
GCL	43.47	7450
GCL	43.97	7299
GCL	44.47	7298
GCL	44.97	7045
GCL	45.48	7040
GCL	45.98	6849
GCL	46.48	6854
GCL	46.98	6441
GCL	47.49	6444
GCL	47.99	6362
GCL	48.49	6363
GCL	48.99	6206
GCL	49.50	6201
GCL	50.00	5777
GCL	50.50	5787
GCL	51.01	5723
GCL	51.51	5722
GCL	52.01	5351
GCL	52.51	5352
GCL	53.02	5392
GCL	53.52	5399
GCL	54.27	5333
GCL	55.03	5029
GCL	55.53	5026
GCL	56.03	4940
GCL	56.53	4943
GCL	57.04	4470
GCL	57.54	4469
GCL	58.04	4425
GCL	58.54	4418
GCL	59.05	4064
GCL	59.55	4067
GCL	60.05	3905
GCL	60.55	3902
GCL	61.31	3442
GCL	62.06	3197
GCL	62.56	3196
GCL	63.07	2792
GCL	63.57	2791
GCL	64.07	2446
GCL	64.57	2448
GCL	65.08	2128
GCL	65.58	2124
GCL	66.33	1805
GCL	67.09	1438
GCL	67.59	1434
GCL	68.09	1081
GCL	68.59	1078
GCL	69.10	894
GCL	69.60	892
GCL	70.10	676
GCL	70.60	677
GCL	71.11	519
GCL	71.61	515
GCL	72.36	389
GCL	73.12	279
GCL	73.62	281
GCL	74.37	222
GCL	75.13	158
GCL	75.63	157
GCL	76.13	96
GCL	76.63	97
GCL	77.14	82
GCL	77.64	83
GCL	78.14	67
GCL	78.64	66
GCL	79.15	41
GCL	79.65	40
GCL	80.40	28
GCL	81.41	21
GCL	82.91	11
GCL	84.92	3
GCL	86.43	4
GCL	87.94	2
GCL	89.45	0
GCL	90.45	1
# ACGT content per cycle. Use `grep ^GCC | cut -f 2-` to extract this part. The columns are: cycle; A,C,G,T base counts as a percentage of all A/C/G/T bases [%]; and N and O counts as a percentage of all A/C/G/T bases [%]
GCC	1	28.08	21.56	21.59	28.77	0.03	0.00
GCC	2	28.75	21.01	20.94	29.30	0.00	0.00
GCC	3	27.86	21.70	21.82	28.62	0.00	0.00
GCC	4	27.66	21.84	21.78	28.72	0.00	0.00
GCC	5	27.98	21.51	21.75	28.76	0.00	0.00
GCC	6	27.38	22.15	22.27	28.21	0.00	0.00
GCC	7	27.57	22.01	22.06	28.36	0.00	0.00
GCC	8	27.92	21.63	21.85	28.60	0.00	0.00
GCC	9	27.65	21.80	21.91	28.64	0.00	0.00
GCC	10	27.64	21.81	21.95	28.59	0.00	0.00
GCC	11	27.60	21.81	22.07	28.52	0.00	0.00
GCC	12	27.56	21.97	21.99	28.48	0.00	0.00
GCC	13	27.52	21.88	21.98	28.62	0.00	0.00
GCC	14	27.58	21.82	22.01	28.59	0.00	0.00
GCC	15	27.42	21.98	22.06	28.54	0.00	0.00
GCC	16	27.45	21.79	22.24	28.52	0.00	0.00
GCC	17	27.47	21.94	22.15	28.44	0.00	0.00
GCC	18	27.41	22.04	22.18	28.37	0.00	0.00
GCC	19	27.37	22.05	22.31	28.28	0.00	0.00
GCC	20	27.43	22.06	22.17	28.33	0.00	0.00
GCC	21	27.42	22.04	22.23	28.30	0.00	0.00
GCC	22	27.23	22.04	22.43	28.29	0.00	0.00
GCC	23	27.27	22.07	22.37	28.29	0.00	0.00
GCC	24	27.17	22.17	22.50	28.17	0.00	0.00
GCC	25	27.12	22.26	22.31	28.31	0.00	0.00
GCC	26	27.09	22.15	22.40	28.36	0.00	0.00
GCC	27	27.04	22.19	22.62	28.15	0.00	0.00
GCC	28	27.15	22.25	22.41	28.18	0.00	0.00
GCC	29	27.09	22.34	22.35	28.22	0.00	0.00
GCC	30	26.95	22.31	22.55	28.18	0.00	0.00
GCC	31	26.99	22.20	22.53	28.28	0.00	0.00
GCC	32	26.95	22.30	22.52	28.24	0.00	0.00
GCC	33	26.97	22.27	22.56	28.20	0.00	0.00
GCC	34	26.95	22.27	22.55	28.22	0.00	0.00
GCC	35	26.93	22.36	22.52	28.19	0.00	0.00
GCC	36	26.87	22.39	22.59	28.15	0.00	0.00
GCC	37	26.83	22.45	22.61	28.11	0.00	0.00
GCC	38	26.83	22.35	22.66	28.17	0.00	0.00
GCC	39	26.87	22.36	22.62	28.15	0.00	0.00
GCC	40	26.85	22.51	22.68	27.95	0.00	0.00
GCC	41	26.82	22.36	22.66	28.16	0.00	0.00
GCC	42	26.76	22.46	22.64	28.14	0.00	0.00
GCC	43	26.78	22.45	22.74	28.03	0.00	0.00
GCC	44	26.86	22.39	22.66	28.08	0.00	0.00
GCC	45	26.70	22.45	22.69	28.17	0.00	0.00
GCC	46	26.77	22.53	22.60	28.10	0.00	0.00
GCC	47	26.77	22.51	22.64	28.09	0.00	0.00
GCC	48	26.84	22.48	22.76	27.92	0.00	0.00
GCC	49	26.80	22.48	22.69	28.04	0.00	0.00
GCC	50	26.63	22.51	22.72	28.15	0.00	0.00
GCC	51	26.72	22.51	22.74	28.04	0.00	0.00
GCC	52	26.70	22.54	22.72	28.04	0.01	0.00
GCC	53	26.76	22.43	22.72	28.09	0.00	0.00
GCC	54	26.69	22.52	22.91	27.88	0.00	0.00
GCC	55	26.61	22.63	22.76	28.00	0.00	0.00
GCC	56	26.81	22.52	22.75	27.92	0.00	0.00
GCC	57	26.63	22.52	22.80	28.05	0.00	0.00
GCC	58	26.64	22.49	22.88	28.00	0.00	0.00
GCC	59	26.71	22.53	22.81	27.95	0.00	0.00
GCC	60	26.51	22.63	22.86	27.99	0.00	0.00
GCC	61	26.69	22.53	22.72	28.06	0.00	0.00
GCC	62	26.70	22.43	22.81	28.06	0.00	0.00
GCC	63	26.59	22.60	22.92	27.89	0.00	0.00
GCC	64	26.54	22.63	22.93	27.90	0.00	0.00
GCC	65	26.63	22.43	22.93	28.00	0.00	0.00
GCC	66	26.50	22.64	22.87	27.98	0.00	0.00
GCC	67	26.46	22.59	22.91	28.04	0.00	0.00
GCC	68	26.63	22.54	22.81	28.02	0.00	0.00
GCC	69	26.51	22.63	22.83	28.04	0.00	0.00
GCC	70	26.55	22.67	22.84	27.94	0.00	0.00
GCC	71	26.58	22.52	22.85	28.05	0.00	0.00
GCC	72	26.41	22.56	23.01	28.02	0.00	0.00
GCC	73	26.48	22.77	22.92	27.82	0.00	0.00
GCC	74	26.58	22.58	22.84	28.00	0.00	0.00
GCC	75	26.38	22.72	22.94	27.97	0.00	0.00
GCC	76	26.54	22.69	22.86	27.92	0.00	0.00
GCC	77	26.36	22.60	22.94	28.11	0.00	0.00
GCC	78	26.47	22.65	22.99	27.88	0.00	0.00
GCC	79	26.53	22.65	22.94	27.89	0.00	0.00
GCC	80	26.58	22.68	22.75	27.99	0.00	0.00
GCC	81	26.54	22.69	23.02	27.76	0.00	0.00
GCC	82	26.38	22.69	23.06	27.87	0.00	0.00
GCC	83	26.52	22.62	22.95	27.92	0.00	0.00
GCC	84	26.39	22.83	23.07	27.70	0.00	0.00
GCC	85	26.46	22.76	22.89	27.89	0.00	0.00
GCC	86	26.51	22.68	22.92	27.89	0.00	0.00
GCC	87	26.48	22.71	22.88	27.93	0.00	0.00
GCC	88	26.38	22.72	23.05	27.85	0.00	0.00
GCC	89	26.55	22.62	23.00	27.83	0.00	0.00
GCC	90	26.40	22.73	23.04	27.83	0.00	0.00
GCC	91	26.51	22.70	22.97	27.82	0.00	0.00
GCC	92	26.39	22.80	22.95	27.86	0.00	0.00
GCC	93	26.35	22.91	22.98	27.76	0.00	0.00
GCC	94	26.38	22.79	23.05	27.79	0.00	0.00
GCC	95	26.43	22.65	23.07	27.86	0.00	0.00
GCC	96	26.32	22.87	23.11	27.70	0.00	0.00
GCC	97	26.37	22.85	23.03	27.76	0.00	0.00
GCC	98	26.32	22.78	23.10	27.80	0.00	0.00
GCC	99	26.38	22.84	22.95	27.83	0.00	0.00
GCC	100	26.46	22.73	23.10	27.72	0.00	0.00
# ACGT content per cycle, read oriented. Use `grep ^GCT | cut -f 2-` to extract this part. The columns are: cycle; A,C,G,T base counts as a percentage of all A/C/G/T bases [%]
GCT	1	30.44	22.68	20.48	26.41
GCT	2	30.00	19.28	22.67	28.06
GCT	3	27.74	21.92	21.60	28.74
GCT	4	28.03	22.09	21.53	28.35
GCT	5	28.17	21.57	21.69	28.57
GCT	6	27.69	22.35	22.07	27.90
GCT	7	27.87	21.90	22.16	28.07
GCT	8	27.73	22.30	21.17	28.79
GCT	9	27.46	22.31	21.40	28.83
GCT	10	27.82	22.07	21.70	28.42
GCT	11	27.67	22.20	21.68	28.45
GCT	12	27.64	22.35	21.61	28.40
GCT	13	27.82	22.24	21.63	28.31
GCT	14	27.76	22.09	21.73	28.41
GCT	15	27.64	22.31	21.72	28.33
GCT	16	27.66	22.28	21.76	28.31
GCT	17	27.60	22.39	21.70	28.31
GCT	18	27.57	22.48	21.74	28.21
GCT	19	27.45	22.43	21.92	28.20
GCT	20	27.57	22.42	21.82	28.20
GCT	21	27.51	22.55	21.72	28.22
GCT	22	27.54	22.51	21.97	27.99
GCT	23	27.51	22.48	21.96	28.05
GCT	24	27.41	22.66	22.01	27.93
GCT	25	27.50	22.52	22.05	27.93
GCT	26	27.50	22.51	22.04	27.95
GCT	27	27.41	22.75	22.06	27.78
GCT	28	27.43	22.64	22.03	27.91
GCT	29	27.41	22.62	22.06	27.90
GCT	30	27.36	22.78	22.09	27.77
GCT	31	27.37	22.53	22.20	27.91
GCT	32	27.28	22.63	22.19	27.91
GCT	33	27.41	22.65	22.18	27.76
GCT	34	27.37	22.52	22.30	27.81
GCT	35	27.44	22.65	22.23	27.68
GCT	36	27.41	22.73	22.26	27.61
GCT	37	27.30	22.73	22.33	27.65
GCT	38	27.33	22.67	22.34	27.66
GCT	39	27.35	22.79	22.19	27.68
GCT	40	27.22	22.79	22.41	27.58
GCT	41	27.29	22.68	22.34	27.70
GCT	42	27.20	22.79	22.31	27.70
GCT	43	27.21	22.77	22.41	27.60
GCT	44	27.20	22.75	22.31	27.74
GCT	45	27.18	22.77	22.37	27.69
GCT	46	27.35	22.81	22.32	27.51
GCT	47	27.16	22.69	22.46	27.70
GCT	48	27.17	22.80	22.44	27.59
GCT	49	27.27	22.82	22.34	27.57
GCT	50	27.15	22.77	22.46	27.63
GCT	51	27.10	22.83	22.42	27.65
GCT	52	27.27	22.89	22.38	27.47
GCT	53	27.26	22.66	22.50	27.59
GCT	54	27.05	22.81	22.62	27.52
GCT	55	27.12	22.89	22.49	27.49
GCT	56	27.17	22.87	22.40	27.56
GCT	57	27.17	22.87	22.45	27.51
GCT	58	27.15	22.89	22.47	27.48
GCT	59	27.17	22.78	22.56	27.49
GCT	60	27.12	22.94	22.55	27.38
GCT	61	27.29	22.88	22.38	27.46
GCT	62	27.32	22.72	22.52	27.44
GCT	63	27.01	22.94	22.58	27.47
GCT	64	27.21	22.87	22.69	27.23
GCT	65	27.30	22.90	22.46	27.33
GCT	66	27.20	22.88	22.64	27.29
GCT	67	27.17	22.84	22.65	27.34
GCT	68	27.23	22.86	22.49	27.42
GCT	69	27.11	22.94	22.52	27.43
GCT	70	27.22	22.89	22.62	27.27
GCT	71	27.31	22.79	22.58	27.32
GCT	72	27.10	22.92	22.66	27.33
GCT	73	26.97	22.93	22.77	27.33
GCT	74	27.21	22.80	22.62	27.37
GCT	75	27.02	22.98	22.68	27.33
GCT	76	27.14	22.79	22.76	27.31
GCT	77	27.15	22.80	22.73	27.32
GCT	78	27.11	23.08	22.56	27.24
GCT	79	27.27	22.78	22.80	27.15
GCT	80	27.22	22.80	22.62	27.36
GCT	81	27.20	22.91	22.80	27.09
GCT	82	27.09	22.92	22.82	27.17
GCT	83	27.24	22.81	22.75	27.19
GCT	84	27.05	22.99	22.91	27.04
GCT	85	27.26	22.87	22.78	27.09
GCT	86	27.20	22.88	22.72	27.20
GCT	87	27.20	22.84	22.75	27.21
GCT	88	27.17	22.84	22.93	27.06
GCT	89	27.30	22.78	22.84	27.08
GCT	90	27.21	22.96	22.81	27.02
GCT	91	27.20	22.91	22.76	27.13
GCT	92	27.19	22.80	22.95	27.06
GCT	93	27.05	23.05	22.84	27.06
GCT	94	27.19	22.94	22.89	26.97
GCT	95	27.23	22.84	22.88	27.05
GCT	96	27.04	23.00	22.98	26.98
GCT	97	27.04	22.97	22.91	27.08
GCT	98	27.20	22.98	22.90	26.92
GCT	99	27.24	22.92	22.86	26.98
GCT	100	27.22	22.90	22.93	26.95
# ACGT content per cycle for first fragments. Use `grep ^FBC | cut -f 2-` to extract this part. The columns are: cycle; A,C,G,T base counts as a percentage of all A/C/G/T bases [%]; and N and O counts as a percentage of all A/C/G/T bases [%]
FBC	1	27.96	21.66	21.73	28.66	0.06	0.00
FBC	2	28.72	21.16	20.78	29.33	0.00	0.00
FBC	3	27.98	21.59	21.78	28.65	0.01	0.00
FBC	4	27.94	21.66	21.66	28.74	0.00	0.00
FBC	5	28.02	21.54	21.68	28.75	0.00	0.00
FBC	6	27.44	22.17	22.24	28.15	0.00	0.00
FBC	7	27.61	21.96	22.01	28.43	0.00	0.00
FBC	8	27.82	21.73	21.79	28.65	0.00	0.00
FBC	9	27.59	21.80	22.02	28.59	0.00	0.00
FBC	10	27.61	21.89	21.94	28.56	0.00	0.00
FBC	11	27.53	21.79	22.20	28.48	0.00	0.00
FBC	12	27.62	21.91	22.09	28.39	0.00	0.00
FBC	13	27.52	21.82	22.05	28.61	0.00	0.00
FBC	14	27.51	21.84	22.14	28.52	0.00	0.00
FBC	15	27.43	21.98	22.17	28.42	0.00	0.00
FBC	16	27.41	21.85	22.27	28.47	0.00	0.00
FBC	17	27.44	21.89	22.30	28.36	0.00	0.00
FBC	18	27.31	22.11	22.13	28.44	0.00	0.00
FBC	19	27.29	22.09	22.38	28.24	0.00	0.00
FBC	20	27.35	22.08	22.28	28.29	0.00	0.00
FBC	21	27.31	22.04	22.35	28.30	0.00	0.00
FBC	22	27.14	22.09	22.51	28.26	0.00	0.00
FBC	23	27.16	22.19	22.43	28.22	0.00	0.00
FBC	24	27.21	22.14	22.48	28.17	0.00	0.00
FBC	25	27.06	22.34	22.31	28.28	0.00	0.00
FBC	26	27.04	22.16	22.36	28.44	0.00	0.00
FBC	27	26.90	22.34	22.66	28.10	0.00	0.00
FBC	28	27.09	22.27	22.54	28.10	0.00	0.00
FBC	29	27.00	22.50	22.35	28.16	0.00	0.00
FBC	30	26.89	22.52	22.53	28.05	0.00	0.00
FBC	31	26.88	22.25	22.59	28.28	0.00	0.00
FBC	32	26.91	22.31	22.51	28.28	0.00	0.00
FBC	33	26.84	22.33	22.62	28.21	0.00	0.00
FBC	34	26.85	22.24	22.56	28.36	0.00	0.00
FBC	35	26.91	22.31	22.67	28.10	0.00	0.00
FBC	36	26.85	22.36	22.60	28.19	0.00	0.00
FBC	37	26.74	22.50	22.67	28.09	0.00	0.00
FBC	38	26.79	22.40	22.64	28.16	0.00	0.00
FBC	39	26.86	22.49	22.60	28.05	0.00	0.00
FBC	40	26.84	22.65	22.63	27.88	0.00	0.00
FBC	41	26.70	22.42	22.71	28.17	0.00	0.00
FBC	42	26.76	22.43	22.66	28.15	0.00	0.00
FBC	43	26.81	22.53	22.73	27.92	0.00	0.00
FBC	44	26.81	22.38	22.69	28.12	0.00	0.00
FBC	45	26.59	22.51	22.75	28.14	0.00	0.00
FBC	46	26.80	22.45	22.60	28.14	0.00	0.00
FBC	47	26.78	22.44	22.75	28.02	0.00	0.00
FBC	48	26.71	22.59	22.82	27.88	0.00	0.00
FBC	49	26.75	22.59	22.67	27.99	0.00	0.00
FBC	50	26.66	22.49	22.84	28.02	0.00	0.00
FBC	51	26.63	22.55	22.78	28.05	0.00	0.00
FBC	52	26.71	22.44	22.81	28.04	0.00	0.00
FBC	53	26.73	22.46	22.73	28.08	0.00	0.00
FBC	54	26.62	22.61	22.83	27.93	0.00	0.00
FBC	55	26.62	22.66	22.80	27.91	0.00	0.00
FBC	56	26.74	22.51	22.80	27.95	0.00	0.00
FBC	57	26.63	22.51	22.80	28.07	0.00	0.00
FBC	58	26.67	22.50	22.93	27.90	0.00	0.00
FBC	59	26.67	22.63	22.74	27.96	0.00	0.00
FBC	60	26.42	22.69	22.91	27.98	0.00	0.00
FBC	61	26.77	22.49	22.68	28.05	0.00	0.00
FBC	62	26.72	22.48	22.83	27.98	0.00	0.00
FBC	63	26.70	22.54	22.85	27.91	0.00	0.00
FBC	64	26.54	22.65	22.97	27.84	0.00	0.00
FBC	65	26.58	22.48	22.87	28.07	0.00	0.00
FBC	66	26.49	22.80	22.75	27.96	0.00	0.00
FBC	67	26.49	22.57	22.95	28.00	0.00	0.00
FBC	68	26.60	22.59	22.83	27.98	0.00	0.00
FBC	69	26.53	22.60	22.77	28.09	0.00	0.00
FBC	70	26.55	22.66	22.85	27.93	0.00	0.00
FBC	71	26.70	22.52	22.75	28.04	0.00	0.00
FBC	72	26.42	22.72	22.87	27.99	0.00	0.00
FBC	73	26.58	22.81	22.73	27.87	0.00	0.00
FBC	74	26.58	22.52	22.82	28.09	0.00	0.00
FBC	75	26.43	22.61	22.91	28.05	0.00	0.00
FBC	76	26.60	22.61	22.79	28.00	0.00	0.00
FBC	77	26.40	22.57	22.97	28.06	0.00	0.00
FBC	78	26.61	22.59	22.95	27.85	0.00	0.00
FBC	79	26.58	22.65	22.95	27.82	0.00	0.00
FBC	80	26.58	22.64	22.82	27.96	0.00	0.00
FBC	81	26.51	22.70	23.03	27.76	0.00	0.00
FBC	82	26.43	22.71	23.08	27.79	0.00	0.00
FBC	83	26.45	22.62	23.02	27.92	0.00	0.00
FBC	84	26.36	22.83	22.92	27.89	0.00	0.00
FBC	85	26.50	22.73	22.84	27.93	0.00	0.00
FBC	86	26.46	22.69	23.01	27.83	0.00	0.00
FBC	87	26.57	22.57	22.80	28.06	0.00	0.00
FBC	88	26.50	22.67	22.96	27.87	0.00	0.00
FBC	89	26.53	22.66	22.94	27.87	0.00	0.00
FBC	90	26.43	22.76	22.95	27.86	0.00	0.00
FBC	91	26.65	22.60	22.89	27.87	0.00	0.00
FBC	92	26.37	22.63	22.95	28.05	0.00	0.00
FBC	93	26.45	22.83	22.89	27.82	0.00	0.00
FBC	94	26.41	22.67	22.99	27.93	0.00	0.00
FBC	95	26.48	22.53	23.05	27.93	0.00	0.00
FBC	96	26.45	22.76	23.00	27.79	0.00	0.00
FBC	97	26.36	22.75	23.01	27.88	0.00	0.00
FBC	98	26.44	22.76	23.06	27.73	0.00	0.00
FBC	99	26.43	22.74	22.87	27.96	0.00	0.00
FBC	100	26.47	22.66	23.12	27.75	0.00	0.00
# ACGT raw counters for first fragments. Use `grep ^FTC | cut -f 2-` to extract this part. The columns are: A,C,G,T,N base counters
FTC	6057199	5048060	5099082	6338855	140
# ACGT content per cycle for last fragments. Use `grep ^LBC | cut -f 2-` to extract this part. The columns are: cycle; A,C,G,T base counts as a percentage of all A/C/G/T bases [%]; and N and O counts as a percentage of all A/C/G/T bases [%]
LBC	1	28.20	21.47	21.45	28.89	0.00	0.00
LBC	2	28.78	20.86	21.10	29.27	0.00	0.00
LBC	3	27.73	21.80	21.86	28.60	0.00	0.00
LBC	4	27.38	22.02	21.90	28.70	0.00	0.00
LBC	5	27.94	21.47	21.82	28.78	0.00	0.00
LBC	6	27.31	22.14	22.29	28.26	0.00	0.00
LBC	7	27.54	22.06	22.11	28.30	0.00	0.00
LBC	8	28.03	21.52	21.91	28.55	0.00	0.00
LBC	9	27.70	21.81	21.79	28.70	0.00	0.00
LBC	10	27.68	21.74	21.97	28.62	0.00	0.00
LBC	11	27.66	21.83	21.93	28.57	0.00	0.00
LBC	12	27.51	22.04	21.89	28.56	0.00	0.00
LBC	13	27.51	21.95	21.92	28.63	0.00	0.00
LBC	14	27.65	21.81	21.88	28.66	0.00	0.00
LBC	15	27.41	21.98	21.94	28.67	0.00	0.00
LBC	16	27.48	21.73	22.22	28.56	0.00	0.00
LBC	17	27.50	21.99	21.99	28.52	0.00	0.00
LBC	18	27.50	21.98	22.22	28.30	0.00	0.00
LBC	19	27.44	22.00	22.24	28.32	0.00	0.00
LBC	20	27.52	22.05	22.06	28.37	0.00	0.00
LBC	21	27.54	22.04	22.11	28.31	0.00	0.00
LBC	22	27.32	22.00	22.35	28.32	0.00	0.00
LBC	23	27.38	21.96	22.30	28.36	0.00	0.00
LBC	24	27.12	22.19	22.52	28.16	0.00	0.00
LBC	25	27.18	22.19	22.30	28.34	0.00	0.00
LBC	26	27.14	22.13	22.44	28.28	0.00	0.00
LBC	27	27.17	22.05	22.58	28.20	0.00	0.00
LBC	28	27.21	22.24	22.29	28.26	0.00	0.00
LBC	29	27.19	22.18	22.34	28.29	0.00	0.00
LBC	30	27.01	22.10	22.57	28.32	0.00	0.00
LBC	31	27.10	22.15	22.46	28.29	0.00	0.00
LBC	32	27.00	22.28	22.53	28.20	0.00	0.00
LBC	33	27.10	22.21	22.51	28.19	0.00	0.00
LBC	34	27.06	22.31	22.54	28.09	0.00	0.00
LBC	35	26.96	22.42	22.36	28.27	0.00	0.00
LBC	36	26.88	22.42	22.59	28.11	0.00	0.00
LBC	37	26.93	22.40	22.55	28.13	0.00	0.00
LBC	38	26.86	22.30	22.67	28.17	0.00	0.00
LBC	39	26.89	22.22	22.64	28.25	0.00	0.00
LBC	40	26.87	22.37	22.73	28.03	0.00	0.00
LBC	41	26.94	22.29	22.60	28.16	0.00	0.00
LBC	42	26.75	22.49	22.62	28.14	0.00	0.00
LBC	43	26.75	22.37	22.74	28.14	0.00	0.00
LBC	44	26.92	22.41	22.64	28.04	0.00	0.00
LBC	45	26.80	22.38	22.63	28.19	0.00	0.00
LBC	46	26.73	22.61	22.61	28.05	0.00	0.00
LBC	47	26.75	22.57	22.53	28.15	0.00	0.00
LBC	48	26.97	22.37	22.70	27.96	0.00	0.00
LBC	49	26.84	22.36	22.70	28.10	0.00	0.00
LBC	50	26.60	22.52	22.59	28.28	0.00	0.00
LBC	51	26.81	22.46	22.70	28.03	0.00	0.00
LBC	52	26.68	22.64	22.64	28.05	0.02	0.00
LBC	53	26.78	22.40	22.71	28.11	0.00	0.00
LBC	54	26.76	22.43	22.98	27.82	0.00	0.00
LBC	55	26.60	22.59	22.72	28.09	0.00	0.00
LBC	56	26.87	22.54	22.69	27.89	0.00	0.00
LBC	57	26.64	22.53	22.80	28.03	0.00	0.00
LBC	58	26.61	22.48	22.82	28.10	0.00	0.00
LBC	59	26.76	22.43	22.88	27.94	0.00	0.00
LBC	60	26.61	22.57	22.81	28.00	0.00	0.00
LBC	61	26.61	22.57	22.76	28.06	0.00	0.00
LBC	62	26.69	22.37	22.80	28.14	0.00	0.00
LBC	63	26.48	22.65	23.00	27.87	0.00	0.00
LBC	64	26.54	22.60	22.90	27.96	0.00	0.00
LBC	65	26.68	22.39	23.00	27.93	0.00	0.00
LBC	66	26.51	22.49	23.00	28.01	0.00	0.00
LBC	67	26.43	22.62	22.86	28.09	0.00	0.00
LBC	68	26.65	22.50	22.78	28.07	0.00	0.00
LBC	69	26.48	22.65	22.89	27.98	0.00	0.00
LBC	70	26.55	22.68	22.83	27.95	0.00	0.00
LBC	71	26.47	22.51	22.96	28.06	0.00	0.00
LBC	72	26.39	22.41	23.16	28.04	0.00	0.00
LBC	73	26.38	22.73	23.11	27.77	0.00	0.00
LBC	74	26.58	22.65	22.85	27.91	0.00	0.00
LBC	75	26.33	22.82	22.96	27.88	0.00	0.00
LBC	76	26.48	22.77	22.92	27.84	0.00	0.00
LBC	77	26.32	22.62	22.90	28.16	0.00	0.00
LBC	78	26.34	22.71	23.04	27.92	0.00	0.00
LBC	79	26.47	22.65	22.92	27.96	0.00	0.00
LBC	80	26.59	22.72	22.67	28.03	0.00	0.00
LBC	81	26.56	22.68	23.00	27.76	0.00	0.00
LBC	82	26.34	22.67	23.04	27.96	0.00	0.00
LBC	83	26.59	22.61	22.88	27.92	0.00	0.00
LBC	84	26.42	22.83	23.23	27.52	0.00	0.00
LBC	85	26.41	22.79	22.94	27.85	0.00	0.00
LBC	86	26.55	22.67	22.83	27.95	0.00	0.00
LBC	87	26.39	22.86	22.95	27.80	0.00	0.00
LBC	88	26.25	22.78	23.13	27.84	0.00	0.00
LBC	89	26.57	22.59	23.05	27.79	0.00	0.00
LBC	90	26.36	22.70	23.14	27.80	0.00	0.00
LBC	91	26.36	22.81	23.06	27.77	0.00	0.00
LBC	92	26.41	22.96	22.96	27.67	0.00	0.00
LBC	93	26.24	22.99	23.07	27.70	0.00	0.00
LBC	94	26.34	22.90	23.10	27.65	0.00	0.00
LBC	95	26.37	22.76	23.09	27.78	0.00	0.00
LBC	96	26.19	22.99	23.22	27.61	0.00	0.00
LBC	97	26.38	22.94	23.05	27.64	0.00	0.00
LBC	98	26.19	22.80	23.13	27.87	0.00	0.00
LBC	99	26.33	22.93	23.03	27.70	0.00	0.00
LBC	100	26.44	22.79	23.09	27.68	0.00	0.00
# ACGT raw counters for last fragments. Use `grep ^LTC | cut -f 2-` to extract this part. The columns are: A,C,G,T,N base counters
LTC	6060239	5045150	5097602	6340294	51
# Insert sizes. Use `grep ^IS | cut -f 2-` to extract this part. The columns are: insert size, pairs total, inward oriented pairs, outward oriented pairs, other pairs
IS	0	0	0	0	0
IS	1	0	0	0	0
IS	2	0	0	0	0
IS	3	0	0	0	0
IS	4	1	0	1	0
IS	5	0	0	0	0
IS	6	0	0	0	0
IS	7	1	0	1	0
IS	8	0	0	0	0
IS	9	0	0	0	0
IS	10	0	0	0	0
IS	11	0	0	0	0
IS	12	0	0	0	0
IS	13	0	0	0	0
IS	14	0	0	0	0
IS	15	0	0	0	0
IS	16	0	0	0	0
IS	17	0	0	0	0
IS	18	0	0	0	0
IS	19	1	1	0	0
IS	20	0	0	0	0
IS	21	1	0	1	0
IS	22	0	0	0	0
IS	23	0	0	0	0
IS	24	0	0	0	0
IS	25	2	1	1	0
IS	26	1	1	0	0
IS	27	0	0	0	0
IS	28	0	0	0	0
IS	29	0	0	0	0
IS	30	0	0	0	0
IS	31	1	0	1	0
IS	32	0	0	0	0
IS	33	4	2	2	0
IS	34	1	1	0	0
IS	35	1	1	0	0
IS	36	0	0	0	0
IS	37	1	0	1	0
IS	38	0	0	0	0
IS	39	1	0	1	0
IS	40	0	0	0	0
IS	41	1	0	1	0
IS	42	1	1	0	0
IS	43	0	0	0	0
IS	44	0	0	0	0
IS	45	3	1	2	0
IS	46	1	0	1	0
IS	47	0	0	0	0
IS	48	1	1	0	0
IS	49	2	2	0	0
IS	50	1	0	1	0
IS	51	0	0	0	0
IS	52	0	0	0	0
IS	53	0	0	0	0
IS	54	0	0	0	0
IS	55	1	1	0	0
IS	56	0	0	0	0
IS	57	3	3	0	0
IS	58	1	0	1	0
IS	59	1	1	0	0
IS	60	0	0	0	0
IS	61	0	0	0	0
IS	62	0	0	0	0
IS	63	1	1	0	0
IS	64	0	0	0	0
IS	65	0	0	0	0
IS	66	2	2	0	0
IS	67	1	0	1	0
IS	68	0	0	0	0
IS	69	1	1	0	0
IS	70	1	1	0	0
IS	71	0	0	0	0
IS	72	2	2	0	0
IS	73	0	0	0	0
IS	74	1	0	0	1
IS	75	0	0	0	0
IS	76	0	0	0	0
IS	77	2	2	0	0
IS	78	0	0	0	0
IS	79	3	3	0	0
IS	80	0	0	0	0
IS	81	2	2	0	0
IS	82	1	1	0	0
IS	83	3	3	0	0
IS	84	10	10	0	0
IS	85	5	5	0	0
IS	86	3	3	0	0
IS	87	5	5	0	0
IS	88	22	22	0	0
IS	89	25	25	0	0
IS	90	24	24	0	0
IS	91	29	29	0	0
IS	92	45	45	0	0
IS	93	30	30	0	0
IS	94	47	47	0	0
IS	95	57	57	0	0
IS	96	57	57	0	0
IS	97	64	64	0	0
IS	98	69	67	2	0
IS	99	68	65	3	0
IS	100	74	74	0	0
IS	101	97	97	0	0
IS	102	113	113	0	0
IS	103	126	126	0	0
IS	104	115	115	0	0
IS	105	129	129	0	0
IS	106	148	148	0	0
IS	107	154	154	0	0
IS	108	178	178	0	0
IS	109	213	213	0	0
IS	110	219	219	0	0
IS	111	239	238	0	1
IS	112	235	235	0	0
IS	113	253	253	0	0
IS	114	249	248	1	0
IS	115	283	283	0	0
IS	116	316	316	0	0
IS	117	321	321	0	0
IS	118	358	358	0	0
IS	119	389	389	0	0
IS	120	392	392	0	0
IS	121	375	375	0	0
IS	122	440	440	0	0
IS	123	473	473	0	0
IS	124	472	471	0	1
IS	125	472	472	0	0
IS	126	527	527	0	0
IS	127	519	519	0	0
IS	128	496	496	0	0
IS	129	601	601	0	0
IS	130	575	575	0	0
IS	131	611	611	0	0
IS	132	597	597	0	0
IS	133	681	681	0	0
IS	134	658	658	0	0
IS	135	670	670	0	0
IS	136	751	751	0	0
IS	137	733	732	0	1
IS	138	749	749	0	0
IS	139	790	790	0	0
IS	140	774	774	0	0
IS	141	771	771	0	0
IS	142	769	769	0	0
IS	143	854	854	0	0
IS	144	799	799	0	0
IS	145	864	864	0	0
IS	146	878	878	0	0
IS	147	887	887	0	0
IS	148	887	887	0	0
IS	149	891	891	0	0
IS	150	949	949	0	0
IS	151	918	918	0	0
IS	152	994	994	0	0
IS	153	970	970	0	0
IS	154	989	989	0	0
IS	155	983	983	0	0
IS	156	1005	1005	0	0
IS	157	991	991	0	0
IS	158	1032	1032	0	0
IS	159	1079	1079	0	0
IS	160	1019	1019	0	0
IS	161	1075	1075	0	0
IS	162	1161	1161	0	0
IS	163	1024	1024	0	0
IS	164	1057	1057	0	0
IS	165	1079	1079	0	0
IS	166	1112	1112	0	0
IS	167	1095	1095	0	0
IS	168	1092	1092	0	0
IS	169	1137	1137	0	0
IS	170	1096	1096	0	0
IS	171	1087	1087	0	0
IS	172	1119	1119	0	0
IS	173	1153	1153	0	0
IS	174	1106	1106	0	0
IS	175	1129	1129	0	0
IS	176	1173	1173	0	0
IS	177	1142	1142	0	0
IS	178	1156	1156	0	0
IS	179	1149	1149	0	0
IS	180	1169	1169	0	0
IS	181	1188	1188	0	0
IS	182	1123	1123	0	0
IS	183	1135	1135	0	0
IS	184	1132	1131	0	1
IS	185	1112	1112	0	0
IS	186	1109	1109	0	0
IS	187	1213	1213	0	0
IS	188	1131	1131	0	0
IS	189	1182	1182	0	0
IS	190	1138	1138	0	0
IS	191	1141	1140	0	1
IS	192	1112	1112	0	0
IS	193	1134	1134	0	0
IS	194	1102	1102	0	0
IS	195	1131	1131	0	0
IS	196	1117	1117	0	0
IS	197	1180	1180	0	0
IS	198	1156	1156	0	0
IS	199	1126	1126	0	0
IS	200	1052	1052	0	0
IS	201	1084	1084	0	0
IS	202	1114	1114	0	0
IS	203	1090	1090	0	0
IS	204	1187	1187	0	0
IS	205	1132	1132	0	0
IS	206	1095	1095	0	0
IS	207	1134	1134	0	0
IS	208	1131	1131	0	0
IS	209	1143	1143	0	0
IS	210	1127	1127	0	0
IS	211	1101	1101	0	0
IS	212	1089	1089	0	0
IS	213	1138	1138	0	0
IS	214	1062	1062	0	0
IS	215	1115	1115	0	0
IS	216	1115	1115	0	0
IS	217	1035	1035	0	0
IS	218	1088	1088	0	0
IS	219	1112	1112	0	0
IS	220	1104	1104	0	0
IS	221	1054	1054	0	0
IS	222	1037	1037	0	0
IS	223	1094	1094	0	0
IS	224	1020	1020	0	0
IS	225	1004	1004	0	0
IS	226	1028	1028	0	0
IS	227	1010	1010	0	0
IS	228	1015	1015	0	0
IS	229	1083	1083	0	0
IS	230	1048	1047	0	1
IS	231	1047	1047	0	0
IS	232	992	992	0	0
IS	233	1076	1076	0	0
IS	234	1023	1023	0	0
IS	235	1005	1005	0	0
IS	236	1000	1000	0	0
IS	237	1031	1031	0	0
IS	238	1037	1037	0	0
IS	239	973	973	0	0
IS	240	1018	1018	0	0
IS	241	938	938	0	0
IS	242	1047	1047	0	0
IS	243	923	923	0	0
IS	244	933	933	0	0
IS	245	934	934	0	0
IS	246	958	958	0	0
IS	247	965	965	0	0
IS	248	922	922	0	0
IS	249	866	866	0	0
IS	250	935	935	0	0
IS	251	900	900	0	0
IS	252	904	904	0	0
IS	253	893	893	0	0
IS	254	890	890	0	0
IS	255	889	889	0	0
IS	256	887	887	0	0
IS	257	814	814	0	0
IS	258	885	885	0	0
IS	259	890	890	0	0
IS	260	827	827	0	0
IS	261	873	873	0	0
IS	262	915	915	0	0
IS	263	858	858	0	0
IS	264	806	806	0	0
IS	265	809	809	0	0
IS	266	848	848	0	0
IS	267	822	822	0	0
IS	268	832	832	0	0
IS	269	821	821	0	0
IS	270	845	845	0	0
IS	271	798	798	0	0
IS	272	762	762	0	0
IS	273	760	760	0	0
IS	274	766	766	0	0
IS	275	801	801	0	0
IS	276	770	770	0	0
IS	277	770	770	0	0
IS	278	801	801	0	0
IS	279	750	750	0	0
IS	280	724	724	0	0
IS	281	746	746	0	0
IS	282	675	675	0	0
IS	283	693	693	0	0
IS	284	718	718	0	0
IS	285	691	691	0	0
IS	286	731	731	0	0
IS	287	718	718	0	0
IS	288	753	753	0	0
IS	289	635	635	0	0
IS	290	669	669	0	0
IS	291	706	706	0	0
IS	292	695	695	0	0
IS	293	686	686	0	0
IS	294	602	602	0	0
IS	295	684	683	1	0
IS	296	627	627	0	0
IS	297	662	662	0	0
IS	298	594	594	0	0
IS	299	614	614	0	0
IS	300	612	612	0	0
IS	301	589	589	0	0
IS	302	610	610	0	0
IS	303	570	570	0	0
IS	304	613	613	0	0
IS	305	605	605	0	0
IS	306	573	573	0	0
IS	307	596	596	0	0
IS	308	572	572	0	0
IS	309	605	605	0	0
IS	310	562	562	0	0
IS	311	561	561	0	0
IS	312	566	566	0	0
IS	313	516	516	0	0
IS	314	543	543	0	0
IS	315	548	548	0	0
IS	316	539	539	0	0
IS	317	523	523	0	0
IS	318	508	508	0	0
IS	319	539	539	0	0
IS	320	515	515	0	0
IS	321	480	480	0	0
IS	322	462	462	0	0
IS	323	521	521	0	0
IS	324	464	464	0	0
IS	325	474	474	0	0
IS	326	480	480	0	0
IS	327	490	490	0	0
IS	328	481	481	0	0
IS	329	496	496	0	0
IS	330	454	454	0	0
IS	331	494	494	0	0
IS	332	454	454	0	0
IS	333	441	441	0	0
IS	334	459	459	0	0
IS	335	464	464	0	0
IS	336	403	403	0	0
IS	337	410	410	0	0
IS	338	414	414	0	0
IS	339	413	413	0	0
IS	340	389	389	0	0
IS	341	413	413	0	0
IS	342	402	402	0	0
IS	343	452	452	0	0
IS	344	395	395	0	0
IS	345	393	393	0	0
IS	346	367	367	0	0
IS	347	394	394	0	0
IS	348	394	394	0	0
IS	349	381	381	0	0
IS	350	371	371	0	0
IS	351	367	367	0	0
IS	352	330	330	0	0
IS	353	360	360	0	0
IS	354	361	361	0	0
IS	355	367	367	0	0
IS	356	364	364	0	0
IS	357	363	363	0	0
IS	358	346	346	0	0
IS	359	353	353	0	0
IS	360	333	333	0	0
IS	361	326	326	0	0
IS	362	330	330	0	0
IS	363	292	292	0	0
IS	364	299	299	0	0
IS	365	342	342	0	0
IS	366	276	276	0	0
IS	367	312	312	0	0
IS	368	291	291	0	0
IS	369	289	289	0	0
IS	370	317	317	0	0
IS	371	306	306	0	0
IS	372	300	300	0	0
IS	373	301	301	0	0
IS	374	277	277	0	0
IS	375	259	259	0	0
IS	376	270	270	0	0
IS	377	288	288	0	0
IS	378	294	294	0	0
IS	379	265	265	0	0
IS	380	269	269	0	0
IS	381	248	248	0	0
IS	382	272	272	0	0
IS	383	229	229	0	0
IS	384	232	232	0	0
IS	385	289	289	0	0
IS	386	249	249	0	0
IS	387	228	228	0	0
IS	388	229	229	0	0
IS	389	221	221	0	0
IS	390	240	240	0	0
IS	391	239	239	0	0
IS	392	201	201	0	0
IS	393	212	212	0	0
IS	394	239	239	0	0
IS	395	236	236	0	0
IS	396	212	212	0	0
IS	397	226	226	0	0
IS	398	209	209	0	0
IS	399	205	205	0	0
IS	400	219	219	0	0
IS	401	197	197	0	0
IS	402	202	202	0	0
IS	403	198	198	0	0
IS	404	197	197	0	0
IS	405	196	196	0	0
IS	406	187	187	0	0
IS	407	194	194	0	0
IS	408	198	198	0	0
IS	409	184	184	0	0
IS	410	175	175	0	0
IS	411	192	192	0	0
IS	412	205	205	0	0
IS	413	168	168	0	0
IS	414	183	183	0	0
IS	415	186	186	0	0
IS	416	159	159	0	0
IS	417	167	167	0	0
IS	418	174	174	0	0
IS	419	169	169	0	0
IS	420	156	156	0	0
IS	421	153	153	0	0
IS	422	155	155	0	0
IS	423	141	141	0	0
IS	424	146	146	0	0
IS	425	143	143	0	0
IS	426	172	172	0	0
IS	427	181	181	0	0
IS	428	122	122	0	0
IS	429	153	153	0	0
IS	430	148	148	0	0
IS	431	131	131	0	0
IS	432	151	151	0	0
IS	433	147	147	0	0
IS	434	143	143	0	0
IS	435	141	141	0	0
IS	436	135	135	0	0
IS	437	149	149	0	0
IS	438	152	152	0	0
IS	439	108	108	0	0
IS	440	115	115	0	0
IS	441	119	119	0	0
IS	442	115	115	0	0
IS	443	115	114	1	0
IS	444	106	106	0	0
IS	445	117	117	0	0
IS	446	94	94	0	0
IS	447	108	108	0	0
IS	448	118	118	0	0
IS	449	111	111	0	0
IS	450	120	119	0	1
IS	451	114	114	0	0
IS	452	99	99	0	0
IS	453	103	103	0	0
IS	454	110	110	0	0
IS	455	119	118	1	0
IS	456	102	102	0	0
IS	457	101	101	0	0
IS	458	105	105	0	0
IS	459	93	93	0	0
IS	460	93	93	0	0
IS	461	106	106	0	0
IS	462	65	65	0	0
IS	463	84	84	0	0
IS	464	85	85	0	0
IS	465	82	82	0	0
IS	466	78	78	0	0
IS	467	92	92	0	0
IS	468	80	80	0	0
IS	469	87	87	0	0
IS	470	79	79	0	0
IS	471	70	70	0	0
IS	472	80	80	0	0
IS	473	78	78	0	0
IS	474	69	69	0	0
IS	475	94	94	0	0
IS	476	77	77	0	0
IS	477	51	51	0	0
IS	478	65	65	0	0
IS	479	76	76	0	0
IS	480	58	58	0	0
IS	481	64	64	0	0
IS	482	60	60	0	0
IS	483	76	76	0	0
IS	484	64	64	0	0
IS	485	67	67	0	0
IS	486	67	67	0	0
IS	487	50	50	0	0
IS	488	70	70	0	0
IS	489	51	51	0	0
IS	490	75	75	0	0
IS	491	52	52	0	0
IS	492	62	62	0	0
IS	493	51	51	0	0
IS	494	58	58	0	0
IS	495	56	56	0	0
IS	496	48	48	0	0
IS	497	49	49	0	0
IS	498	52	52	0	0
IS	499	70	70	0	0
IS	500	50	50	0	0
IS	501	52	52	0	0
IS	502	51	51	0	0
IS	503	38	38	0	0
IS	504	52	52	0	0
IS	505	48	48	0	0
IS	506	49	49	0	0
IS	507	50	50	0	0
IS	508	44	44	0	0
IS	509	32	32	0	0
IS	510	43	43	0	0
IS	511	44	44	0	0
IS	512	39	39	0	0
IS	513	43	43	0	0
IS	514	53	53	0	0
IS	515	33	33	0	0
IS	516	41	41	0	0
IS	517	35	35	0	0
IS	518	31	31	0	0
IS	519	49	49	0	0
IS	520	31	31	0	0
IS	521	29	29	0	0
IS	522	39	39	0	0
IS	523	36	36	0	0
# Read lengths. Use `grep ^RL | cut -f 2-` to extract this part. The columns are: read length, count
RL	31	12
RL	32	26
RL	33	28
RL	34	10
RL	35	12
RL	36	2
RL	37	12
RL	38	18
RL	39	12
RL	40	12
RL	41	10
RL	42	18
RL	43	8
RL	44	12
RL	45	14
RL	46	4
RL	47	18
RL	48	12
RL	49	10
RL	50	4
RL	51	4
RL	52	8
RL	53	4
RL	54	4
RL	55	8
RL	56	4
RL	57	6
RL	58	2
RL	59	4
RL	60	4
RL	61	4
RL	62	2
RL	63	6
RL	64	12
RL	65	16
RL	66	8
RL	67	6
RL	68	10
RL	69	2
RL	70	2
RL	71	6
RL	72	2
RL	73	2
RL	74	4
RL	75	14
RL	76	6
RL	77	6
RL	78	8
RL	79	2
RL	80	6
RL	81	6
RL	82	4
RL	83	10
RL	84	22
RL	85	20
RL	86	2
RL	87	18
RL	88	50
RL	89	56
RL	90	52
RL	91	60
RL	92	98
RL	93	64
RL	94	100
RL	95	122
RL	96	120
RL	97	124
RL	98	142
RL	99	134
RL	100	449522
# Read lengths - first fragments. Use `grep ^FRL | cut -f 2-` to extract this part. The columns are: read length, count
FRL	31	6
FRL	32	13
FRL	33	14
FRL	34	5
FRL	35	6
FRL	36	1
FRL	37	6
FRL	38	9
FRL	39	6
FRL	40	6
FRL	41	5
FRL	42	9
FRL	43	4
FRL	44	6
FRL	45	7
FRL	46	2
FRL	47	9
FRL	48	6
FRL	49	5
FRL	50	2
FRL	51	2
FRL	52	4
FRL	53	2
FRL	54	2
FRL	55	4
FRL	56	2
FRL	57	3
FRL	58	1
FRL	59	2
FRL	60	2
FRL	61	2
FRL	62	1
FRL	63	3
FRL	64	6
FRL	65	8
FRL	66	4
FRL	67	3
FRL	68	5
FRL	69	1
FRL	70	1
FRL	71	3
FRL	72	1
FRL	73	1
FRL	74	2
FRL	75	7
FRL	76	3
FRL	77	3
FRL	78	4
FRL	79	1
FRL	80	3
FRL	81	3
FRL	82	2
FRL	83	5
FRL	84	11
FRL	85	10
FRL	86	1
FRL	87	9
FRL	88	25
FRL	89	28
FRL	90	26
FRL	91	30
FRL	92	49
FRL	93	32
FRL	94	50
FRL	95	61
FRL	96	60
FRL	97	62
FRL	98	71
FRL	99	67
FRL	100	224761
# Read lengths - last fragments. Use `grep ^LRL | cut -f 2-` to extract this part. The columns are: read length, count
LRL	31	6
LRL	32	13
LRL	33	14
LRL	34	5
LRL	35	6
LRL	36	1
LRL	37	6
LRL	38	9
LRL	39	6
LRL	40	6
LRL	41	5
LRL	42	9
LRL	43	4
LRL	44	6
LRL	45	7
LRL	46	2
LRL	47	9
LRL	48	6
LRL	49	5
LRL	50	2
LRL	51	2
LRL	52	4
LRL	53	2
LRL	54	2
LRL	55	4
LRL	56	2
LRL	57	3
LRL	58	1
LRL	59	2
LRL	60	2
LRL	61	2
LRL	62	1
LRL	63	3
LRL	64	6
LRL	65	8
LRL	66	4
LRL	67	3
LRL	68	5
LRL	69	1
LRL	70	1
LRL	71	3
LRL	72	1
LRL	73	1
LRL	74	2
LRL	75	7
LRL	76	3
LRL	77	3
LRL	78	4
LRL	79	1
LRL	80	3
LRL	81	3
LRL	82	2
LRL	83	5
LRL	84	11
LRL	85	10
LRL	86	1
LRL	87	9
LRL	88	25
LRL	89	28
LRL	90	26
LRL	91	30
LRL	92	49
LRL	93	32
LRL	94	50
LRL	95	61
LRL	96	60
LRL	97	62
LRL	98	71
LRL	99	67
LRL	100	224761
# Mapping qualities for reads !(UNMAP|SECOND|SUPPL|QCFAIL|DUP). Use `grep ^MAPQ | cut -f 2-` to extract this part. The columns are: mapq, count
MAPQ	0	37392
MAPQ	1	95
MAPQ	2	21
MAPQ	3	201
MAPQ	4	52
MAPQ	5	55
MAPQ	6	77
MAPQ	7	113
MAPQ	8	63
MAPQ	9	239
MAPQ	10	109
MAPQ	11	34
MAPQ	12	54
MAPQ	13	111
MAPQ	14	27
MAPQ	15	190
MAPQ	16	74
MAPQ	17	53
MAPQ	18	80
MAPQ	19	171
MAPQ	20	181
MAPQ	21	290
MAPQ	22	377
MAPQ	23	380
MAPQ	24	714
MAPQ	25	1461
MAPQ	26	61
MAPQ	27	3741
MAPQ	28	32
MAPQ	29	22
MAPQ	30	54
MAPQ	31	78
MAPQ	32	25
MAPQ	33	171
MAPQ	34	34
MAPQ	35	44
MAPQ	36	40
MAPQ	37	129
MAPQ	38	53
MAPQ	39	267
MAPQ	40	3995
MAPQ	41	49
MAPQ	42	184
MAPQ	43	161
MAPQ	44	152
MAPQ	45	473
MAPQ	46	232
MAPQ	47	627
MAPQ	48	773
MAPQ	49	839
MAPQ	50	2859
MAPQ	51	175
MAPQ	52	308
MAPQ	53	113
MAPQ	54	141
MAPQ	55	397
MAPQ	56	26
MAPQ	57	464
MAPQ	58	24
MAPQ	59	53
MAPQ	60	391707
# Indel distribution. Use `grep ^ID | cut -f 2-` to extract this part. The columns are: length, number of insertions, number of deletions
ID	1	1253	1510
ID	2	251	364
ID	3	115	176
ID	4	86	136
ID	5	34	54
ID	6	13	39
ID	7	8	12
ID	8	17	17
ID	9	8	8
ID	10	6	15
ID	11	4	8
ID	12	5	16
ID	13	2	3
ID	14	2	4
ID	15	2	1
ID	16	2	3
ID	17	2	3
ID	18	0	2
ID	19	0	2
ID	21	0	3
ID	22	0	3
ID	23	0	1
ID	25	0	1
ID	26	0	3
ID	35	0	1
# Indels per cycle. Use `grep ^IC | cut -f 2-` to extract this part. The columns are: cycle, number of insertions (fwd), .. (rev) , number of deletions (fwd), .. (rev)
IC	3	0	0	5	5
IC	4	2	7	2	10
IC	5	7	3	3	6
IC	6	5	8	10	12
IC	7	12	7	7	10
IC	8	8	8	13	12
IC	9	7	9	6	10
IC	10	7	12	10	7
IC	11	7	5	9	19
IC	12	5	1	11	11
IC	13	12	10	11	8
IC	14	15	8	13	15
IC	15	13	8	20	9
IC	16	10	11	11	12
IC	17	10	15	13	17
IC	18	7	10	8	16
IC	19	11	10	14	22
IC	20	12	10	17	13
IC	21	12	19	14	11
IC	22	7	17	14	19
IC	23	11	11	13	17
IC	24	9	12	18	12
IC	25	10	12	16	11
IC	26	12	9	14	11
IC	27	12	9	20	12
IC	28	12	16	15	10
IC	29	15	8	12	16
IC	30	14	10	16	18
IC	31	7	14	10	16
IC	32	14	10	10	14
IC	33	9	7	13	15
IC	34	8	9	10	10
IC	35	12	7	10	15
IC	36	8	10	12	14
IC	37	18	12	9	12
IC	38	11	5	16	14
IC	39	13	13	15	17
IC	40	10	5	16	14
IC	41	9	9	10	12
IC	42	6	8	19	15
IC	43	13	13	5	12
IC	44	14	12	13	14
IC	45	6	6	14	11
IC	46	16	9	13	13
IC	47	6	6	18	17
IC	48	12	8	15	13
IC	49	10	1	10	18
IC	50	9	10	11	12
IC	51	8	12	20	13
IC	52	12	9	9	12
IC	53	8	8	17	9
IC	54	5	13	19	11
IC	55	13	8	12	21
IC	56	10	15	13	12
IC	57	3	11	12	17
IC	58	13	9	14	11
IC	59	4	11	14	13
IC	60	6	12	15	20
IC	61	14	9	14	12
IC	62	9	11	21	10
IC	63	7	11	14	17
IC	64	9	14	13	11
IC	65	13	15	13	12
IC	66	13	8	16	11
IC	67	9	8	14	20
IC	68	5	7	20	10
IC	69	10	14	19	9
IC	70	13	15	14	12
IC	71	18	10	16	7
IC	72	12	3	19	22
IC	73	12	13	5	11
IC	74	4	6	10	23
IC	75	11	9	12	14
IC	76	18	5	14	5
IC	77	11	10	15	13
IC	78	10	9	10	12
IC	79	11	8	15	11
IC	80	10	9	18	17
IC	81	13	11	12	8
IC	82	5	11	11	13
IC	83	5	8	12	14
IC	84	11	10	15	6
IC	85	6	16	11	10
IC	86	11	11	12	11
IC	87	9	5	15	5
IC	88	11	7	15	11
IC	89	8	6	10	10
IC	90	7	6	8	8
IC	91	5	11	7	11
IC	92	11	6	9	7
IC	93	5	6	12	10
IC	94	8	7	8	17
IC	95	6	6	4	9
IC	96	8	15	8	7
IC	97	2	20	5	6
# Coverage distribution. Use `grep ^COV | cut -f 2-` to extract this part.
COV	[1-1]	1	23702107
COV	[2-2]	2	6196575
COV	[3-3]	3	1755293
COV	[4-4]	4	538047
COV	[5-5]	5	165206
COV	[6-6]	6	56860
COV	[7-7]	7	21994
COV	[8-8]	8	9162
COV	[9-9]	9	4640
COV	[10-10]	10	2354
COV	[11-11]	11	1216
COV	[12-12]	12	591
COV	[13-13]	13	462
COV	[14-14]	14	263
COV	[15-15]	15	169
COV	[16-16]	16	148
COV	[17-17]	17	111
COV	[18-18]	18	66
COV	[19-19]	19	55
COV	[20-20]	20	51
COV	[21-21]	21	15
COV	[22-22]	22	3
COV	[24-24]	24	2
COV	[25-25]	25	2
COV	[26-26]	26	4
COV	[27-27]	27	6
COV	[28-28]	28	2
COV	[29-29]	29	2
COV	[30-30]	30	2
COV	[31-31]	31	2
COV	[32-32]	32	2
COV	[33-33]	33	6
COV	[34-34]	34	4
COV	[35-35]	35	2
COV	[36-36]	36	2
COV	[38-38]	38	7
COV	[39-39]	39	5
COV	[40-40]	40	7
COV	[41-41]	41	7
COV	[42-42]	42	11
COV	[43-43]	43	13
COV	[44-44]	44	12
COV	[45-45]	45	5
COV	[46-46]	46	11
COV	[47-47]	47	3
# GC-depth. Use `grep ^GCD | cut -f 2-` to extract this part. The columns are: GC%, unique sequence percentiles, 10th, 25th, 50th, 75th and 90th depth percentile
GCD	0.0	0.263	0.005	0.005	0.005	0.005	0.005
GCD	1.8	0.266	0.015	0.015	0.015	0.015	0.015
GCD	12.0	0.271	0.010	0.010	0.010	0.010	0.010
GCD	14.0	0.273	0.010	0.010	0.010	0.010	0.010
GCD	15.0	0.278	0.005	0.005	0.007	0.010	0.010
GCD	16.0	0.280	0.055	0.055	0.055	0.055	0.055
GCD	17.0	0.283	0.025	0.025	0.025	0.025	0.025
GCD	18.0	0.285	0.005	0.005	0.005	0.005	0.005
GCD	19.0	0.288	0.010	0.010	0.010	0.010	0.010
GCD	21.0	0.290	0.010	0.010	0.010	0.010	0.010
GCD	22.0	0.317	0.006	0.010	0.010	0.010	0.014
GCD	23.0	0.346	0.005	0.005	0.010	0.010	0.013
GCD	24.0	0.375	0.005	0.006	0.010	0.010	0.022
GCD	25.0	0.462	0.010	0.010	0.010	0.014	0.023
GCD	26.0	0.573	0.005	0.010	0.010	0.011	0.020
GCD	27.0	0.708	0.010	0.010	0.010	0.015	0.020
GCD	28.0	1.083	0.005	0.010	0.010	0.020	0.040
GCD	29.0	1.378	0.010	0.010	0.020	0.030	0.050
GCD	30.0	1.987	0.010	0.010	0.020	0.040	0.070
GCD	31.0	3.350	0.010	0.010	0.020	0.040	0.070
GCD	32.0	4.955	0.010	0.010	0.030	0.060	0.100
GCD	33.0	7.101	0.010	0.020	0.040	0.079	0.110
GCD	34.0	10.145	0.010	0.015	0.040	0.080	0.110
GCD	35.0	13.446	0.010	0.020	0.050	0.080	0.130
GCD	36.0	17.246	0.010	0.020	0.050	0.090	0.140
GCD	37.0	21.621	0.010	0.020	0.050	0.090	0.130
GCD	38.0	26.813	0.010	0.016	0.040	0.080	0.120
GCD	39.0	31.282	0.010	0.020	0.050	0.085	0.130
GCD	40.0	35.848	0.010	0.020	0.050	0.090	0.130
GCD	41.0	40.578	0.010	0.020	0.040	0.080	0.120
GCD	42.0	44.588	0.010	0.020	0.050	0.080	0.130
GCD	43.0	48.770	0.010	0.020	0.040	0.080	0.120
GCD	44.0	53.224	0.010	0.010	0.040	0.070	0.115
GCD	45.0	56.915	0.010	0.020	0.040	0.070	0.120
GCD	46.0	60.116	0.010	0.020	0.040	0.079	0.115
GCD	47.0	63.441	0.010	0.010	0.030	0.070	0.110
GCD	48.0	66.352	0.010	0.020	0.040	0.079	0.127
GCD	49.0	68.986	0.010	0.020	0.040	0.070	0.120
GCD	50.0	72.276	0.010	0.010	0.030	0.070	0.110
GCD	51.0	74.971	0.010	0.010	0.035	0.070	0.110
GCD	52.0	77.463	0.010	0.020	0.040	0.070	0.120
GCD	53.0	79.757	0.010	0.020	0.040	0.070	0.120
GCD	54.0	82.010	0.010	0.020	0.040	0.080	0.120
GCD	55.0	84.146	0.010	0.020	0.040	0.080	0.120
GCD	56.0	86.474	0.010	0.010	0.030	0.070	0.110
GCD	57.0	88.473	0.010	0.020	0.045	0.090	0.140
GCD	58.0	90.416	0.010	0.020	0.050	0.080	0.130
GCD	59.0	92.031	0.010	0.020	0.040	0.080	0.120
GCD	60.0	93.626	0.010	0.020	0.040	0.070	0.120
GCD	61.0	95.096	0.010	0.020	0.040	0.070	0.110
GCD	62.0	96.457	0.010	0.010	0.030	0.060	0.095
GCD	63.0	97.375	0.010	0.020	0.030	0.060	0.095
GCD	64.0	98.100	0.010	0.010	0.030	0.050	0.090
GCD	65.0	98.622	0.010	0.010	0.020	0.050	0.080
GCD	66.0	98.946	0.010	0.010	0.020	0.040	0.067
GCD	67.0	99.205	0.010	0.010	0.020	0.040	0.060
GCD	68.0	99.417	0.010	0.010	0.020	0.030	0.060
GCD	69.0	99.596	0.010	0.010	0.010	0.020	0.022
GCD	70.0	99.691	0.010	0.010	0.010	0.020	0.040
GCD	71.0	99.756	0.010	0.010	0.010	0.010	0.020
GCD	72.0	99.811	0.007	0.010	0.010	0.010	0.020
GCD	73.0	99.867	0.010	0.010	0.010	0.010	0.016
GCD	74.0	99.913	0.010	0.010	0.010	0.010	0.020
GCD	75.0	99.959	0.010	0.010	0.010	0.010	0.010
GCD	76.0	99.971	0.010	0.010	0.010	0.010	0.010
GCD	77.0	99.983	0.010	0.010	0.010	0.010	0.010
GCD	78.0	99.995	0.010	0.010	0.010	0.015	0.020
GCD	80.0	99.998	0.010	0.010	0.010	0.010	0.010
GCD	81.0	100.000	0.010	0.010	0.010	0.010	0.010
