chr1	248956422	6169261	66
chr10	133797422	2708009	21
chr11	135086622	3063956	47
chr11_KI270721v1_random	100316	278	0
chr12	133275309	3215439	32
chr13	114364328	1311558	21
chr14	107043718	1923373	9
chr14_GL000009v2_random	201709	2698	0
chr14_GL000225v1_random	211173	1274	1
chr14_KI270722v1_random	194050	388	0
chr14_GL000194v1_random	191469	4766	0
chr14_KI270723v1_random	38115	913	0
chr14_KI270724v1_random	39555	1246	0
chr14_KI270725v1_random	172810	3277	0
chr14_KI270726v1_random	43739	223	0
chr15	101991189	2228486	23
chr15_KI270727v1_random	448248	14095	0
chr16	90338345	2094746	11
chr16_KI270728v1_random	1872759	44828	0
chr17	83257441	2800204	17
chr17_GL000205v2_random	185591	4947	0
chr17_KI270729v1_random	280839	926	1
chr17_KI270730v1_random	112551	259	1
chr18	80373285	1072112	8
chr19	58617616	2532369	528
chr1_KI270706v1_random	175055	3931	0
chr1_KI270707v1_random	32032	19	0
chr1_KI270708v1_random	127682	2977	0
chr1_KI270709v1_random	66860	411	0
chr1_KI270710v1_random	40176	22	0
chr1_KI270711v1_random	42210	20893	0
chr1_KI270712v1_random	176043	2846	0
chr1_KI270713v1_random	40745	3691	0
chr1_KI270714v1_random	41717	1515	0
chr2	242193529	5260701	48
chr20	64444167	1275028	6
chr21	46709983	646405	10
chr22	50818468	1018963	10
chr22_KI270731v1_random	150754	1343	0
chr22_KI270732v1_random	41543	554	0
chr22_KI270733v1_random	179772	4324	0
chr22_KI270734v1_random	165050	2876	0
chr22_KI270735v1_random	42811	298	0
chr22_KI270736v1_random	181920	283	1
chr22_KI270737v1_random	103838	236	0
chr22_KI270738v1_random	99375	46	0
chr22_KI270739v1_random	73985	7	0
chr2_KI270715v1_random	161471	52	0
chr2_KI270716v1_random	153799	60	0
chr3	198295559	3640347	31
chr3_GL000221v1_random	155397	4508	0
chr4	190214555	2778809	22
chr4_GL000008v2_random	209709	2984	0
chr5	181538259	2875688	55
chr5_GL000208v1_random	92689	34	0
chr6	170805979	2855009	17
chr7	159345973	3207282	33
chr8	145138636	2120627	15
chr9	138394717	2568187	20
chr9_KI270717v1_random	40062	842	0
chr9_KI270718v1_random	38054	1471	1
chr9_KI270719v1_random	176845	3465	0
chr9_KI270720v1_random	39050	2304	0
chr1_KI270762v1_alt	354444	5079	0
chr1_KI270766v1_alt	256271	18291	0
chr1_KI270760v1_alt	109528	18	0
chr1_KI270765v1_alt	185285	2097	0
chr1_GL383518v1_alt	182439	6260	0
chr1_GL383519v1_alt	110268	6486	0
chr1_GL383520v2_alt	366580	2606	0
chr1_KI270764v1_alt	50258	10	0
chr1_KI270763v1_alt	911658	10312	0
chr1_KI270759v1_alt	425601	1932	0
chr1_KI270761v1_alt	165834	3922	0
chr2_KI270770v1_alt	136240	39	0
chr2_KI270773v1_alt	70887	848	0
chr2_KI270774v1_alt	223625	3848	0
chr2_KI270769v1_alt	120616	1405	0
chr2_GL383521v1_alt	143390	86	0
chr2_KI270772v1_alt	133041	1015	0
chr2_KI270775v1_alt	138019	32	0
chr2_KI270771v1_alt	110395	19	0
chr2_KI270768v1_alt	110099	1624	0
chr2_GL582966v2_alt	96131	2949	0
chr2_GL383522v1_alt	123821	5749	0
chr2_KI270776v1_alt	174166	767	0
chr2_KI270767v1_alt	161578	297	0
chr3_JH636055v2_alt	173151	2893	0
chr3_KI270783v1_alt	109187	21	0
chr3_KI270780v1_alt	224108	2564	0
chr3_GL383526v1_alt	180671	1373	0
chr3_KI270777v1_alt	173649	3292	0
chr3_KI270778v1_alt	248252	25	0
chr3_KI270781v1_alt	113034	27	0
chr3_KI270779v1_alt	205312	5615	0
chr3_KI270782v1_alt	162429	724	0
chr3_KI270784v1_alt	184404	3457	0
chr4_KI270790v1_alt	220246	179	0
chr4_GL383528v1_alt	376187	77	0
chr4_KI270787v1_alt	111943	24	0
chr4_GL000257v2_alt	586476	15797	0
chr4_KI270788v1_alt	158965	40	0
chr4_GL383527v1_alt	164536	4254	0
chr4_KI270785v1_alt	119912	34	0
chr4_KI270789v1_alt	205944	770	0
chr4_KI270786v1_alt	244096	32	0
chr5_KI270793v1_alt	126136	526	0
chr5_KI270792v1_alt	179043	1986	0
chr5_KI270791v1_alt	195710	3486	0
chr5_GL383532v1_alt	82728	20	0
chr5_GL949742v1_alt	226852	79	0
chr5_KI270794v1_alt	164558	1042	0
chr5_GL339449v2_alt	1612928	36276	0
chr5_GL383530v1_alt	101241	19	0
chr5_KI270796v1_alt	172708	27	0
chr5_GL383531v1_alt	173459	26	0
chr5_KI270795v1_alt	131892	1339	0
chr6_GL000250v2_alt	4672374	6435	0
chr6_KI270800v1_alt	175808	1098	0
chr6_KI270799v1_alt	152148	19	0
chr6_GL383533v1_alt	124736	674	0
chr6_KI270801v1_alt	870480	6867	0
chr6_KI270802v1_alt	75005	74	0
chr6_KB021644v2_alt	185823	59	0
chr6_KI270797v1_alt	197536	4490	0
chr6_KI270798v1_alt	271782	3708	0
chr7_KI270804v1_alt	157952	83	0
chr7_KI270809v1_alt	209586	5914	0
chr7_KI270806v1_alt	158166	2835	0
chr7_GL383534v2_alt	119183	4574	0
chr7_KI270803v1_alt	1111570	33273	0
chr7_KI270808v1_alt	271455	641	0
chr7_KI270807v1_alt	126434	38	0
chr7_KI270805v1_alt	209988	131	0
chr8_KI270818v1_alt	145606	80	0
chr8_KI270812v1_alt	282736	70	0
chr8_KI270811v1_alt	292436	120	0
chr8_KI270821v1_alt	985506	8074	0
chr8_KI270813v1_alt	300230	15502	0
chr8_KI270822v1_alt	624492	12706	0
chr8_KI270814v1_alt	141812	189	0
chr8_KI270810v1_alt	374415	58	0
chr8_KI270819v1_alt	133535	1246	0
chr8_KI270820v1_alt	36640	192	0
chr8_KI270817v1_alt	158983	989	0
chr8_KI270816v1_alt	305841	6527	2
chr8_KI270815v1_alt	132244	1021	0
chr9_GL383539v1_alt	162988	873	0
chr9_GL383540v1_alt	71551	1374	0
chr9_GL383541v1_alt	171286	1761	0
chr9_GL383542v1_alt	60032	911	0
chr9_KI270823v1_alt	439082	2232	0
chr10_GL383545v1_alt	179254	2258	0
chr10_KI270824v1_alt	181496	1276	0
chr10_GL383546v1_alt	309802	3357	0
chr10_KI270825v1_alt	188315	3187	0
chr11_KI270832v1_alt	210133	7214	0
chr11_KI270830v1_alt	177092	1437	0
chr11_KI270831v1_alt	296895	6592	0
chr11_KI270829v1_alt	204059	2568	0
chr11_GL383547v1_alt	154407	28	0
chr11_JH159136v1_alt	200998	6389	0
chr11_JH159137v1_alt	191409	2334	0
chr11_KI270827v1_alt	67707	18	0
chr11_KI270826v1_alt	186169	71	0
chr12_GL877875v1_alt	167313	2116	0
chr12_GL877876v1_alt	408271	10196	0
chr12_KI270837v1_alt	40090	2475	0
chr12_GL383549v1_alt	120804	21	0
chr12_KI270835v1_alt	238139	7398	0
chr12_GL383550v2_alt	169178	1891	0
chr12_GL383552v1_alt	138655	749	0
chr12_GL383553v2_alt	152874	2493	0
chr12_KI270834v1_alt	119498	7594	0
chr12_GL383551v1_alt	184319	37	0
chr12_KI270833v1_alt	76061	3601	0
chr12_KI270836v1_alt	56134	129	0
chr13_KI270840v1_alt	191684	3627	1
chr13_KI270839v1_alt	180306	757	1
chr13_KI270843v1_alt	103832	13	0
chr13_KI270841v1_alt	169134	27	0
chr13_KI270838v1_alt	306913	1794	0
chr13_KI270842v1_alt	37287	212	0
chr14_KI270844v1_alt	322166	6911	0
chr14_KI270847v1_alt	1511111	27063	0
chr14_KI270845v1_alt	180703	537	0
chr14_KI270846v1_alt	1351393	52309	1
chr15_KI270852v1_alt	478999	14803	0
chr15_KI270851v1_alt	263054	16835	0
chr15_KI270848v1_alt	327382	10740	0
chr15_GL383554v1_alt	296527	11448	0
chr15_KI270849v1_alt	244917	2372	0
chr15_GL383555v2_alt	388773	1276	0
chr15_KI270850v1_alt	430880	18579	0
chr16_KI270854v1_alt	134193	1538	0
chr16_KI270856v1_alt	63982	210	0
chr16_KI270855v1_alt	232857	4199	0
chr16_KI270853v1_alt	2659700	94289	1
chr16_GL383556v1_alt	192462	4320	0
chr16_GL383557v1_alt	89672	1780	0
chr17_GL383563v3_alt	375691	1647	0
chr17_KI270862v1_alt	391357	3597	0
chr17_KI270861v1_alt	196688	7946	0
chr17_KI270857v1_alt	2877074	90706	0
chr17_JH159146v1_alt	278131	10011	0
chr17_JH159147v1_alt	70345	4090	0
chr17_GL383564v2_alt	133151	6522	0
chr17_GL000258v2_alt	1821992	17604	0
chr17_GL383565v1_alt	223995	26	0
chr17_KI270858v1_alt	235827	137	0
chr17_KI270859v1_alt	108763	105	0
chr17_GL383566v1_alt	90219	32	0
chr17_KI270860v1_alt	178921	2010	0
chr18_KI270864v1_alt	111737	32	0
chr18_GL383567v1_alt	289831	1284	0
chr18_GL383570v1_alt	164789	43	0
chr18_GL383571v1_alt	198278	1418	0
chr18_GL383568v1_alt	104552	26	0
chr18_GL383569v1_alt	167950	29	0
chr18_GL383572v1_alt	159547	271	0
chr18_KI270863v1_alt	167999	1130	0
chr19_KI270868v1_alt	61734	810	0
chr19_KI270865v1_alt	52969	1002	0
chr19_GL383573v1_alt	385657	4757	0
chr19_GL383575v2_alt	170222	3520	0
chr19_GL383576v1_alt	188024	3034	0
chr19_GL383574v1_alt	155864	1734	0
chr19_KI270866v1_alt	43156	1365	0
chr19_KI270867v1_alt	233762	3482	0
chr19_GL949746v1_alt	987716	15458	0
chr20_GL383577v2_alt	128386	28	0
chr20_KI270869v1_alt	118774	2031	0
chr20_KI270871v1_alt	58661	878	0
chr20_KI270870v1_alt	183433	3393	0
chr21_GL383578v2_alt	63917	16	0
chr21_KI270874v1_alt	166743	49	0
chr21_KI270873v1_alt	143900	442	0
chr21_GL383579v2_alt	201197	69	0
chr21_GL383580v2_alt	74653	617	0
chr21_GL383581v2_alt	116689	3519	0
chr21_KI270872v1_alt	82692	1788	0
chr22_KI270875v1_alt	259914	4966	0
chr22_KI270878v1_alt	186262	1066	0
chr22_KI270879v1_alt	304135	7370	0
chr22_KI270876v1_alt	263666	2839	0
chr22_KI270877v1_alt	101331	809	0
chr22_GL383583v2_alt	96924	1029	0
chr22_GL383582v2_alt	162811	2920	0
chrX_KI270880v1_alt	284869	698	0
chrX_KI270881v1_alt	144206	1394	0
chr19_KI270882v1_alt	248807	9768	0
chr19_KI270883v1_alt	170399	1171	0
chr19_KI270884v1_alt	157053	2579	0
chr19_KI270885v1_alt	171027	1185	0
chr19_KI270886v1_alt	204239	6535	0
chr19_KI270887v1_alt	209512	4575	0
chr19_KI270888v1_alt	155532	2476	0
chr19_KI270889v1_alt	170698	828	0
chr19_KI270890v1_alt	184499	6792	0
chr19_KI270891v1_alt	170680	1035	0
chr1_KI270892v1_alt	162212	4014	0
chr2_KI270894v1_alt	214158	6792	0
chr2_KI270893v1_alt	161218	297	0
chr3_KI270895v1_alt	162896	3737	0
chr4_KI270896v1_alt	378547	6096	0
chr5_KI270897v1_alt	1144418	24746	0
chr5_KI270898v1_alt	130957	1453	0
chr6_GL000251v2_alt	4795265	25724	0
chr7_KI270899v1_alt	190869	1882	0
chr8_KI270901v1_alt	136959	40	0
chr8_KI270900v1_alt	318687	840	0
chr11_KI270902v1_alt	106711	24866	1
chr11_KI270903v1_alt	214625	2154	0
chr12_KI270904v1_alt	572349	12962	0
chr15_KI270906v1_alt	196384	5993	0
chr15_KI270905v1_alt	5161414	89454	0
chr17_KI270907v1_alt	137721	220	0
chr17_KI270910v1_alt	157099	2186	0
chr17_KI270909v1_alt	325800	16841	0
chr17_JH159148v1_alt	88070	1054	0
chr17_KI270908v1_alt	1423190	25411	0
chr18_KI270912v1_alt	174061	29	0
chr18_KI270911v1_alt	157710	274	0
chr19_GL949747v2_alt	729520	10811	0
chr22_KB663609v1_alt	74013	1092	0
chrX_KI270913v1_alt	274009	1592	0
chr19_KI270914v1_alt	205194	4410	0
chr19_KI270915v1_alt	170665	973	0
chr19_KI270916v1_alt	184516	5603	0
chr19_KI270917v1_alt	190932	1203	0
chr19_KI270918v1_alt	123111	747	0
chr19_KI270919v1_alt	170701	1044	0
chr19_KI270920v1_alt	198005	1224	0
chr19_KI270921v1_alt	282224	10195	0
chr19_KI270922v1_alt	187935	917	0
chr19_KI270923v1_alt	189352	2524	0
chr3_KI270924v1_alt	166540	3881	0
chr4_KI270925v1_alt	555799	966	0
chr6_GL000252v2_alt	4604811	22499	0
chr8_KI270926v1_alt	229282	1034	0
chr11_KI270927v1_alt	218612	14849	0
chr19_GL949748v2_alt	1064304	4322	0
chr22_KI270928v1_alt	176103	3699	0
chr19_KI270929v1_alt	186203	1074	0
chr19_KI270930v1_alt	200773	3732	0
chr19_KI270931v1_alt	170148	928	0
chr19_KI270932v1_alt	215732	5527	0
chr19_KI270933v1_alt	170537	987	0
chr19_GL000209v2_alt	177381	6803	0
chr3_KI270934v1_alt	163458	3902	0
chr6_GL000253v2_alt	4677643	12675	0
chr19_GL949749v2_alt	1091841	3284	0
chr3_KI270935v1_alt	197351	6322	0
chr6_GL000254v2_alt	4827813	19609	1
chr19_GL949750v2_alt	1066390	3049	0
chr3_KI270936v1_alt	164170	3753	0
chr6_GL000255v2_alt	4606388	22644	1
chr19_GL949751v2_alt	1002683	3661	0
chr3_KI270937v1_alt	165607	4018	0
chr6_GL000256v2_alt	4929269	22285	0
chr19_GL949752v1_alt	987100	15216	0
chr6_KI270758v1_alt	76752	89	0
chr19_GL949753v2_alt	796479	11268	0
chr19_KI270938v1_alt	1066800	16341	0
chrM	16569	983	0
chrUn_KI270302v1	2274	0	0
chrUn_KI270304v1	2165	0	0
chrUn_KI270303v1	1942	0	0
chrUn_KI270305v1	1472	0	0
chrUn_KI270322v1	21476	2	0
chrUn_KI270320v1	4416	4	0
chrUn_KI270310v1	1201	3	0
chrUn_KI270316v1	1444	0	0
chrUn_KI270315v1	2276	8	0
chrUn_KI270312v1	998	2	0
chrUn_KI270311v1	12399	7	0
chrUn_KI270317v1	37690	3	0
chrUn_KI270412v1	1179	0	0
chrUn_KI270411v1	2646	4	0
chrUn_KI270414v1	2489	0	0
chrUn_KI270419v1	1029	0	0
chrUn_KI270418v1	2145	0	0
chrUn_KI270420v1	2321	2	0
chrUn_KI270424v1	2140	0	0
chrUn_KI270417v1	2043	0	0
chrUn_KI270422v1	1445	2	0
chrUn_KI270423v1	981	0	0
chrUn_KI270425v1	1884	0	0
chrUn_KI270429v1	1361	0	0
chrUn_KI270442v1	392061	6317	0
chrUn_KI270466v1	1233	14	0
chrUn_KI270465v1	1774	7	0
chrUn_KI270467v1	3920	108	0
chrUn_KI270435v1	92983	63	0
chrUn_KI270438v1	112505	1231	0
chrUn_KI270468v1	4055	3	0
chrUn_KI270510v1	2415	0	0
chrUn_KI270509v1	2318	6	0
chrUn_KI270518v1	2186	2	0
chrUn_KI270508v1	1951	0	0
chrUn_KI270516v1	1300	0	0
chrUn_KI270512v1	22689	14	0
chrUn_KI270519v1	138126	113	0
chrUn_KI270522v1	5674	2	0
chrUn_KI270511v1	8127	3	0
chrUn_KI270515v1	6361	8	0
chrUn_KI270507v1	5353	3	0
chrUn_KI270517v1	3253	8	0
chrUn_KI270529v1	1899	0	0
chrUn_KI270528v1	2983	0	0
chrUn_KI270530v1	2168	0	0
chrUn_KI270539v1	993	0	0
chrUn_KI270538v1	91309	50	0
chrUn_KI270544v1	1202	0	0
chrUn_KI270548v1	1599	0	0
chrUn_KI270583v1	1400	0	0
chrUn_KI270587v1	2969	8	0
chrUn_KI270580v1	1553	1	0
chrUn_KI270581v1	7046	0	0
chrUn_KI270579v1	31033	10	0
chrUn_KI270589v1	44474	26	0
chrUn_KI270590v1	4685	0	0
chrUn_KI270584v1	4513	5	0
chrUn_KI270582v1	6504	2	0
chrUn_KI270588v1	6158	8	0
chrUn_KI270593v1	3041	2	0
chrUn_KI270591v1	5796	21	0
chrUn_KI270330v1	1652	16	0
chrUn_KI270329v1	1040	0	0
chrUn_KI270334v1	1368	2	0
chrUn_KI270333v1	2699	32	0
chrUn_KI270335v1	1048	2	0
chrUn_KI270338v1	1428	0	0
chrUn_KI270340v1	1428	0	0
chrUn_KI270336v1	1026	14	0
chrUn_KI270337v1	1121	31	0
chrUn_KI270363v1	1803	2	0
chrUn_KI270364v1	2855	4	0
chrUn_KI270362v1	3530	4	0
chrUn_KI270366v1	8320	0	0
chrUn_KI270378v1	1048	0	0
chrUn_KI270379v1	1045	0	0
chrUn_KI270389v1	1298	0	0
chrUn_KI270390v1	2387	2	0
chrUn_KI270387v1	1537	0	0
chrUn_KI270395v1	1143	2	0
chrUn_KI270396v1	1880	0	0
chrUn_KI270388v1	1216	0	0
chrUn_KI270394v1	970	0	0
chrUn_KI270386v1	1788	0	0
chrUn_KI270391v1	1484	5	0
chrUn_KI270383v1	1750	0	0
chrUn_KI270393v1	1308	0	0
chrUn_KI270384v1	1658	0	0
chrUn_KI270392v1	971	0	0
chrUn_KI270381v1	1930	0	0
chrUn_KI270385v1	990	0	0
chrUn_KI270382v1	4215	2	0
chrUn_KI270376v1	1136	0	0
chrUn_KI270374v1	2656	2	0
chrUn_KI270372v1	1650	2	0
chrUn_KI270373v1	1451	0	0
chrUn_KI270375v1	2378	0	0
chrUn_KI270371v1	2805	0	0
chrUn_KI270448v1	7992	10	0
chrUn_KI270521v1	7642	2	0
chrUn_GL000195v1	182896	796	0
chrUn_GL000219v1	179198	3485	0
chrUn_GL000220v1	161802	3377	1
chrUn_GL000224v1	179693	3317	0
chrUn_KI270741v1	157432	135	0
chrUn_GL000226v1	15008	34	0
chrUn_GL000213v1	164239	6623	0
chrUn_KI270743v1	210658	759	0
chrUn_KI270744v1	168472	9434	0
chrUn_KI270745v1	41891	88	0
chrUn_KI270746v1	66486	12859	0
chrUn_KI270747v1	198735	1068	0
chrUn_KI270748v1	93321	52	0
chrUn_KI270749v1	158759	1984	0
chrUn_KI270750v1	148850	2523	0
chrUn_KI270751v1	150742	2365	0
chrUn_KI270752v1	27745	0	0
chrUn_KI270753v1	62944	29	0
chrUn_KI270754v1	40191	106	0
chrUn_KI270755v1	36723	7	0
chrUn_KI270756v1	79590	77	2
chrUn_KI270757v1	71251	45	0
chrUn_GL000214v1	137718	2399	0
chrUn_KI270742v1	186739	6062	0
chrUn_GL000216v2	176608	853	1
chrUn_GL000218v1	161147	5711	0
chrX	156040895	3166323	18
chrY	57227415	47199	6
chrY_KI270740v1_random	37240	0	0
*	0	0	1820
