chr1	248956422	9015061	251
chr10	133797422	4214122	127
chr11	135086622	4597975	173
chr11_KI270721v1_random	100316	658	0
chr12	133275309	4795263	211
chr13	114364328	2039387	83
chr14	107043718	2665526	85
chr14_GL000009v2_random	201709	7336	0
chr14_GL000225v1_random	211173	4587	23
chr14_KI270722v1_random	194050	1140	0
chr14_GL000194v1_random	191469	4718	0
chr14_KI270723v1_random	38115	1004	0
chr14_KI270724v1_random	39555	828	0
chr14_KI270725v1_random	172810	873	0
chr14_KI270726v1_random	43739	18	0
chr15	101991189	2779766	75
chr15_KI270727v1_random	448248	11204	0
chr16	90338345	2663247	78
chr16_KI270728v1_random	1872759	14476	0
chr17	83257441	3990768	130
chr17_GL000205v2_random	185591	10750	0
chr17_KI270729v1_random	280839	2348	2
chr17_KI270730v1_random	112551	597	5
chr18	80373285	1515720	52
chr19	58617616	3290877	118
chr1_KI270706v1_random	175055	6959	0
chr1_KI270707v1_random	32032	128	0
chr1_KI270708v1_random	127682	417	0
chr1_KI270709v1_random	66860	1737	0
chr1_KI270710v1_random	40176	131	0
chr1_KI270711v1_random	42210	18828	0
chr1_KI270712v1_random	176043	1891	1
chr1_KI270713v1_random	40745	3189	0
chr1_KI270714v1_random	41717	3038	0
chr2	242193529	6119945	236
chr20	64444167	2107160	83
chr21	46709983	967111	41
chr22	50818468	1458394	56
chr22_KI270731v1_random	150754	6221	2
chr22_KI270732v1_random	41543	295	1
chr22_KI270733v1_random	179772	6647	0
chr22_KI270734v1_random	165050	6062	2
chr22_KI270735v1_random	42811	407	0
chr22_KI270736v1_random	181920	1382	14
chr22_KI270737v1_random	103838	312	1
chr22_KI270738v1_random	99375	185	0
chr22_KI270739v1_random	73985	54	0
chr2_KI270715v1_random	161471	148	0
chr2_KI270716v1_random	153799	178	0
chr3	198295559	5004227	144
chr3_GL000221v1_random	155397	8789	0
chr4	190214555	3704610	120
chr4_GL000008v2_random	209709	6521	1
chr5	181538259	4018100	108
chr5_GL000208v1_random	92689	170	0
chr6	170805979	4465995	95
chr7	159345973	4317454	172
chr8	145138636	3104978	90
chr9	138394717	3809425	106
chr9_KI270717v1_random	40062	173	0
chr9_KI270718v1_random	38054	1678	2
chr9_KI270719v1_random	176845	1762	0
chr9_KI270720v1_random	39050	2807	0
chr1_KI270762v1_alt	354444	5509	2
chr1_KI270766v1_alt	256271	15833	0
chr1_KI270760v1_alt	109528	470	0
chr1_KI270765v1_alt	185285	1562	0
chr1_GL383518v1_alt	182439	11909	0
chr1_GL383519v1_alt	110268	10825	1
chr1_GL383520v2_alt	366580	5520	0
chr1_KI270764v1_alt	50258	121	0
chr1_KI270763v1_alt	911658	9593	0
chr1_KI270759v1_alt	425601	1279	0
chr1_KI270761v1_alt	165834	7211	0
chr2_KI270770v1_alt	136240	460	0
chr2_KI270773v1_alt	70887	202	0
chr2_KI270774v1_alt	223625	2867	2
chr2_KI270769v1_alt	120616	2287	0
chr2_GL383521v1_alt	143390	308	0
chr2_KI270772v1_alt	133041	567	0
chr2_KI270775v1_alt	138019	193	0
chr2_KI270771v1_alt	110395	164	0
chr2_KI270768v1_alt	110099	1214	1
chr2_GL582966v2_alt	96131	285	0
chr2_GL383522v1_alt	123821	2830	0
chr2_KI270776v1_alt	174166	1085	0
chr2_KI270767v1_alt	161578	775	0
chr3_JH636055v2_alt	173151	3987	0
chr3_KI270783v1_alt	109187	185	0
chr3_KI270780v1_alt	224108	1233	0
chr3_GL383526v1_alt	180671	1881	0
chr3_KI270777v1_alt	173649	1310	0
chr3_KI270778v1_alt	248252	291	0
chr3_KI270781v1_alt	113034	332	0
chr3_KI270779v1_alt	205312	2320	0
chr3_KI270782v1_alt	162429	1973	1
chr3_KI270784v1_alt	184404	1932	0
chr4_KI270790v1_alt	220246	397	0
chr4_GL383528v1_alt	376187	480	0
chr4_KI270787v1_alt	111943	253	0
chr4_GL000257v2_alt	586476	19916	0
chr4_KI270788v1_alt	158965	296	0
chr4_GL383527v1_alt	164536	6159	0
chr4_KI270785v1_alt	119912	278	0
chr4_KI270789v1_alt	205944	1130	0
chr4_KI270786v1_alt	244096	313	0
chr5_KI270793v1_alt	126136	1023	0
chr5_KI270792v1_alt	179043	3297	0
chr5_KI270791v1_alt	195710	6903	0
chr5_GL383532v1_alt	82728	92	0
chr5_GL949742v1_alt	226852	292	0
chr5_KI270794v1_alt	164558	1933	0
chr5_GL339449v2_alt	1612928	34840	1
chr5_GL383530v1_alt	101241	200	0
chr5_KI270796v1_alt	172708	262	0
chr5_GL383531v1_alt	173459	347	0
chr5_KI270795v1_alt	131892	1560	0
chr6_GL000250v2_alt	4672374	28100	0
chr6_KI270800v1_alt	175808	782	0
chr6_KI270799v1_alt	152148	174	0
chr6_GL383533v1_alt	124736	1202	0
chr6_KI270801v1_alt	870480	11932	0
chr6_KI270802v1_alt	75005	225	0
chr6_KB021644v2_alt	185823	496	0
chr6_KI270797v1_alt	197536	6940	0
chr6_KI270798v1_alt	271782	5088	0
chr7_KI270804v1_alt	157952	429	0
chr7_KI270809v1_alt	209586	7219	0
chr7_KI270806v1_alt	158166	5068	0
chr7_GL383534v2_alt	119183	3006	1
chr7_KI270803v1_alt	1111570	18749	0
chr7_KI270808v1_alt	271455	2018	0
chr7_KI270807v1_alt	126434	424	0
chr7_KI270805v1_alt	209988	910	0
chr8_KI270818v1_alt	145606	541	0
chr8_KI270812v1_alt	282736	1065	0
chr8_KI270811v1_alt	292436	916	0
chr8_KI270821v1_alt	985506	15184	0
chr8_KI270813v1_alt	300230	26617	0
chr8_KI270822v1_alt	624492	11619	0
chr8_KI270814v1_alt	141812	1009	0
chr8_KI270810v1_alt	374415	731	0
chr8_KI270819v1_alt	133535	1296	0
chr8_KI270820v1_alt	36640	251	0
chr8_KI270817v1_alt	158983	1761	0
chr8_KI270816v1_alt	305841	7195	0
chr8_KI270815v1_alt	132244	638	0
chr9_GL383539v1_alt	162988	1154	0
chr9_GL383540v1_alt	71551	3355	0
chr9_GL383541v1_alt	171286	2893	0
chr9_GL383542v1_alt	60032	1218	0
chr9_KI270823v1_alt	439082	4361	0
chr10_GL383545v1_alt	179254	2144	0
chr10_KI270824v1_alt	181496	1220	0
chr10_GL383546v1_alt	309802	5144	0
chr10_KI270825v1_alt	188315	6766	0
chr11_KI270832v1_alt	210133	7730	0
chr11_KI270830v1_alt	177092	1199	0
chr11_KI270831v1_alt	296895	7627	0
chr11_KI270829v1_alt	204059	5043	1
chr11_GL383547v1_alt	154407	184	0
chr11_JH159136v1_alt	200998	9298	1
chr11_JH159137v1_alt	191409	3136	0
chr11_KI270827v1_alt	67707	264	0
chr11_KI270826v1_alt	186169	543	0
chr12_GL877875v1_alt	167313	2761	0
chr12_GL877876v1_alt	408271	5329	0
chr12_KI270837v1_alt	40090	1678	0
chr12_GL383549v1_alt	120804	223	0
chr12_KI270835v1_alt	238139	2451	0
chr12_GL383550v2_alt	169178	1243	1
chr12_GL383552v1_alt	138655	1044	0
chr12_GL383553v2_alt	152874	5188	0
chr12_KI270834v1_alt	119498	1487	0
chr12_GL383551v1_alt	184319	442	0
chr12_KI270833v1_alt	76061	4805	0
chr12_KI270836v1_alt	56134	114	0
chr13_KI270840v1_alt	191684	4055	0
chr13_KI270839v1_alt	180306	536	0
chr13_KI270843v1_alt	103832	138	0
chr13_KI270841v1_alt	169134	260	0
chr13_KI270838v1_alt	306913	3819	0
chr13_KI270842v1_alt	37287	131	0
chr14_KI270844v1_alt	322166	10361	0
chr14_KI270847v1_alt	1511111	44195	1
chr14_KI270845v1_alt	180703	847	0
chr14_KI270846v1_alt	1351393	2999	0
chr15_KI270852v1_alt	478999	11093	1
chr15_KI270851v1_alt	263054	16841	0
chr15_KI270848v1_alt	327382	10703	0
chr15_GL383554v1_alt	296527	7058	0
chr15_KI270849v1_alt	244917	3841	0
chr15_GL383555v2_alt	388773	3508	0
chr15_KI270850v1_alt	430880	7050	0
chr16_KI270854v1_alt	134193	2427	0
chr16_KI270856v1_alt	63982	197	0
chr16_KI270855v1_alt	232857	7595	0
chr16_KI270853v1_alt	2659700	72872	3
chr16_GL383556v1_alt	192462	7525	0
chr16_GL383557v1_alt	89672	3421	0
chr17_GL383563v3_alt	375691	1528	0
chr17_KI270862v1_alt	391357	8041	0
chr17_KI270861v1_alt	196688	13088	0
chr17_KI270857v1_alt	2877074	99364	2
chr17_JH159146v1_alt	278131	12209	1
chr17_JH159147v1_alt	70345	2088	0
chr17_GL383564v2_alt	133151	10066	0
chr17_GL000258v2_alt	1821992	21610	1
chr17_GL383565v1_alt	223995	373	0
chr17_KI270858v1_alt	235827	574	0
chr17_KI270859v1_alt	108763	579	0
chr17_GL383566v1_alt	90219	312	0
chr17_KI270860v1_alt	178921	2285	0
chr18_KI270864v1_alt	111737	140	0
chr18_GL383567v1_alt	289831	1910	0
chr18_GL383570v1_alt	164789	365	0
chr18_GL383571v1_alt	198278	2168	0
chr18_GL383568v1_alt	104552	169	0
chr18_GL383569v1_alt	167950	392	0
chr18_GL383572v1_alt	159547	528	0
chr18_KI270863v1_alt	167999	1882	0
chr19_KI270868v1_alt	61734	1000	0
chr19_KI270865v1_alt	52969	166	0
chr19_GL383573v1_alt	385657	4593	0
chr19_GL383575v2_alt	170222	2346	0
chr19_GL383576v1_alt	188024	2030	0
chr19_GL383574v1_alt	155864	3547	0
chr19_KI270866v1_alt	43156	2316	1
chr19_KI270867v1_alt	233762	5076	0
chr19_GL949746v1_alt	987716	18651	1
chr20_GL383577v2_alt	128386	462	0
chr20_KI270869v1_alt	118774	3788	0
chr20_KI270871v1_alt	58661	1606	0
chr20_KI270870v1_alt	183433	5791	1
chr21_GL383578v2_alt	63917	144	0
chr21_KI270874v1_alt	166743	241	0
chr21_KI270873v1_alt	143900	1085	0
chr21_GL383579v2_alt	201197	306	0
chr21_GL383580v2_alt	74653	637	0
chr21_GL383581v2_alt	116689	6522	0
chr21_KI270872v1_alt	82692	2805	0
chr22_KI270875v1_alt	259914	3392	0
chr22_KI270878v1_alt	186262	2348	0
chr22_KI270879v1_alt	304135	10655	1
chr22_KI270876v1_alt	263666	5033	0
chr22_KI270877v1_alt	101331	2987	0
chr22_GL383583v2_alt	96924	2050	0
chr22_GL383582v2_alt	162811	5002	1
chrX_KI270880v1_alt	284869	437	1
chrX_KI270881v1_alt	144206	2263	0
chr19_KI270882v1_alt	248807	1124	0
chr19_KI270883v1_alt	170399	3740	0
chr19_KI270884v1_alt	157053	1262	0
chr19_KI270885v1_alt	171027	2460	0
chr19_KI270886v1_alt	204239	1294	0
chr19_KI270887v1_alt	209512	2472	0
chr19_KI270888v1_alt	155532	1090	0
chr19_KI270889v1_alt	170698	2502	0
chr19_KI270890v1_alt	184499	941	0
chr19_KI270891v1_alt	170680	2755	0
chr1_KI270892v1_alt	162212	7330	0
chr2_KI270894v1_alt	214158	935	0
chr2_KI270893v1_alt	161218	648	0
chr3_KI270895v1_alt	162896	1922	0
chr4_KI270896v1_alt	378547	3925	0
chr5_KI270897v1_alt	1144418	20914	1
chr5_KI270898v1_alt	130957	1799	0
chr6_GL000251v2_alt	4795265	76470	3
chr7_KI270899v1_alt	190869	497	0
chr8_KI270901v1_alt	136959	502	0
chr8_KI270900v1_alt	318687	734	0
chr11_KI270902v1_alt	106711	545	0
chr11_KI270903v1_alt	214625	1381	0
chr12_KI270904v1_alt	572349	11768	0
chr15_KI270906v1_alt	196384	3842	0
chr15_KI270905v1_alt	5161414	85463	2
chr17_KI270907v1_alt	137721	596	0
chr17_KI270910v1_alt	157099	4528	0
chr17_KI270909v1_alt	325800	17126	0
chr17_JH159148v1_alt	88070	1521	0
chr17_KI270908v1_alt	1423190	45154	2
chr18_KI270912v1_alt	174061	383	0
chr18_KI270911v1_alt	157710	567	0
chr19_GL949747v2_alt	729520	8604	0
chr22_KB663609v1_alt	74013	1741	0
chrX_KI270913v1_alt	274009	534	1
chr19_KI270914v1_alt	205194	2588	0
chr19_KI270915v1_alt	170665	2419	0
chr19_KI270916v1_alt	184516	981	0
chr19_KI270917v1_alt	190932	2778	0
chr19_KI270918v1_alt	123111	1774	0
chr19_KI270919v1_alt	170701	2711	0
chr19_KI270920v1_alt	198005	1981	1
chr19_KI270921v1_alt	282224	1306	0
chr19_KI270922v1_alt	187935	2810	0
chr19_KI270923v1_alt	189352	1604	0
chr3_KI270924v1_alt	166540	2574	0
chr4_KI270925v1_alt	555799	1957	0
chr6_GL000252v2_alt	4604811	71324	4
chr8_KI270926v1_alt	229282	1325	0
chr11_KI270927v1_alt	218612	756	0
chr19_GL949748v2_alt	1064304	4500	0
chr22_KI270928v1_alt	176103	4932	0
chr19_KI270929v1_alt	186203	1992	0
chr19_KI270930v1_alt	200773	2856	0
chr19_KI270931v1_alt	170148	2510	0
chr19_KI270932v1_alt	215732	2504	0
chr19_KI270933v1_alt	170537	4168	0
chr19_GL000209v2_alt	177381	791	0
chr3_KI270934v1_alt	163458	1999	0
chr6_GL000253v2_alt	4677643	49797	0
chr19_GL949749v2_alt	1091841	4664	0
chr3_KI270935v1_alt	197351	2112	0
chr6_GL000254v2_alt	4827813	65371	0
chr19_GL949750v2_alt	1066390	4506	0
chr3_KI270936v1_alt	164170	1842	0
chr6_GL000255v2_alt	4606388	64916	2
chr19_GL949751v2_alt	1002683	5174	0
chr3_KI270937v1_alt	165607	1969	0
chr6_GL000256v2_alt	4929269	65780	0
chr19_GL949752v1_alt	987100	22964	0
chr6_KI270758v1_alt	76752	981	0
chr19_GL949753v2_alt	796479	12345	0
chr19_KI270938v1_alt	1066800	24559	0
chrM	16569	11309	1
chrUn_KI270302v1	2274	4	0
chrUn_KI270304v1	2165	2	0
chrUn_KI270303v1	1942	0	0
chrUn_KI270305v1	1472	2	0
chrUn_KI270322v1	21476	14	0
chrUn_KI270320v1	4416	24	0
chrUn_KI270310v1	1201	10	0
chrUn_KI270316v1	1444	4	0
chrUn_KI270315v1	2276	4	0
chrUn_KI270312v1	998	0	0
chrUn_KI270311v1	12399	3	0
chrUn_KI270317v1	37690	5	0
chrUn_KI270412v1	1179	4	0
chrUn_KI270411v1	2646	8	0
chrUn_KI270414v1	2489	4	0
chrUn_KI270419v1	1029	2	0
chrUn_KI270418v1	2145	4	0
chrUn_KI270420v1	2321	14	0
chrUn_KI270424v1	2140	0	0
chrUn_KI270417v1	2043	9	0
chrUn_KI270422v1	1445	2	0
chrUn_KI270423v1	981	2	0
chrUn_KI270425v1	1884	2	0
chrUn_KI270429v1	1361	4	0
chrUn_KI270442v1	392061	5987	7
chrUn_KI270466v1	1233	543	0
chrUn_KI270465v1	1774	9	0
chrUn_KI270467v1	3920	2044	0
chrUn_KI270435v1	92983	370	0
chrUn_KI270438v1	112505	10274	3
chrUn_KI270468v1	4055	8	0
chrUn_KI270510v1	2415	6	0
chrUn_KI270509v1	2318	15	0
chrUn_KI270518v1	2186	15	0
chrUn_KI270508v1	1951	15	0
chrUn_KI270516v1	1300	4	0
chrUn_KI270512v1	22689	58	0
chrUn_KI270519v1	138126	427	0
chrUn_KI270522v1	5674	16	0
chrUn_KI270511v1	8127	17	0
chrUn_KI270515v1	6361	33	0
chrUn_KI270507v1	5353	38	0
chrUn_KI270517v1	3253	15	0
chrUn_KI270529v1	1899	2	0
chrUn_KI270528v1	2983	2	0
chrUn_KI270530v1	2168	4	0
chrUn_KI270539v1	993	0	0
chrUn_KI270538v1	91309	254	0
chrUn_KI270544v1	1202	4	0
chrUn_KI270548v1	1599	0	0
chrUn_KI270583v1	1400	4	0
chrUn_KI270587v1	2969	31	0
chrUn_KI270580v1	1553	12	0
chrUn_KI270581v1	7046	18	0
chrUn_KI270579v1	31033	46	0
chrUn_KI270589v1	44474	178	3
chrUn_KI270590v1	4685	47	1
chrUn_KI270584v1	4513	26	0
chrUn_KI270582v1	6504	18	0
chrUn_KI270588v1	6158	18	0
chrUn_KI270593v1	3041	13	0
chrUn_KI270591v1	5796	48	0
chrUn_KI270330v1	1652	49	0
chrUn_KI270329v1	1040	2	0
chrUn_KI270334v1	1368	4	0
chrUn_KI270333v1	2699	241	0
chrUn_KI270335v1	1048	6	0
chrUn_KI270338v1	1428	6	0
chrUn_KI270340v1	1428	5	0
chrUn_KI270336v1	1026	39	0
chrUn_KI270337v1	1121	168	0
chrUn_KI270363v1	1803	0	0
chrUn_KI270364v1	2855	2	0
chrUn_KI270362v1	3530	6	0
chrUn_KI270366v1	8320	14	0
chrUn_KI270378v1	1048	0	0
chrUn_KI270379v1	1045	0	0
chrUn_KI270389v1	1298	0	0
chrUn_KI270390v1	2387	0	0
chrUn_KI270387v1	1537	1	0
chrUn_KI270395v1	1143	8	0
chrUn_KI270396v1	1880	8	0
chrUn_KI270388v1	1216	0	0
chrUn_KI270394v1	970	0	0
chrUn_KI270386v1	1788	4	0
chrUn_KI270391v1	1484	0	0
chrUn_KI270383v1	1750	4	0
chrUn_KI270393v1	1308	0	0
chrUn_KI270384v1	1658	4	0
chrUn_KI270392v1	971	0	0
chrUn_KI270381v1	1930	0	0
chrUn_KI270385v1	990	0	0
chrUn_KI270382v1	4215	4	0
chrUn_KI270376v1	1136	4	0
chrUn_KI270374v1	2656	0	0
chrUn_KI270372v1	1650	5	0
chrUn_KI270373v1	1451	0	0
chrUn_KI270375v1	2378	0	0
chrUn_KI270371v1	2805	2	0
chrUn_KI270448v1	7992	22	0
chrUn_KI270521v1	7642	22	0
chrUn_GL000195v1	182896	1507	0
chrUn_GL000219v1	179198	2198	2
chrUn_GL000220v1	161802	5624	1
chrUn_GL000224v1	179693	1650	0
chrUn_KI270741v1	157432	212	0
chrUn_GL000226v1	15008	302	0
chrUn_GL000213v1	164239	4231	0
chrUn_KI270743v1	210658	1142	0
chrUn_KI270744v1	168472	18765	0
chrUn_KI270745v1	41891	334	0
chrUn_KI270746v1	66486	6251	0
chrUn_KI270747v1	198735	256	0
chrUn_KI270748v1	93321	323	0
chrUn_KI270749v1	158759	1377	0
chrUn_KI270750v1	148850	5065	0
chrUn_KI270751v1	150742	5537	0
chrUn_KI270752v1	27745	1	0
chrUn_KI270753v1	62944	483	0
chrUn_KI270754v1	40191	333	0
chrUn_KI270755v1	36723	57	0
chrUn_KI270756v1	79590	201	1
chrUn_KI270757v1	71251	341	0
chrUn_GL000214v1	137718	5927	1
chrUn_KI270742v1	186739	11740	0
chrUn_GL000216v2	176608	3180	9
chrUn_GL000218v1	161147	2959	0
chrX	156040895	4091545	105
chrY	57227415	53289	34
chrY_KI270740v1_random	37240	0	0
*	0	0	126148
