# This file was produced by samtools stats (1.23+htslib-1.23) and can be plotted using plot-bamstats
# This file contains statistics for all reads.
# The command line was:  stats data/AFR/YRI/NA18499/aligned/NA18499.bam
# CHK, Checksum	[2]Read Names	[3]Sequences	[4]Qualities
# CHK, CRC32 of reads which passed filtering followed by addition (32bit overflow)
CHK	aba267de	4c7270b9	f78e4fec
# Summary Numbers. Use `grep ^SN | cut -f 2-` to extract this part.
SN	raw total sequences:	589692	# excluding supplementary and secondary reads
SN	filtered sequences:	0
SN	sequences:	589692
SN	is sorted:	1	# sorted by coordinate
SN	1st fragments:	294846
SN	last fragments:	294846
SN	reads mapped:	589625
SN	reads mapped and paired:	589608	# paired-end technology bit set + both mates mapped
SN	reads unmapped:	67
SN	reads properly paired:	585308	# proper-pair bit set
SN	reads paired:	589692	# paired-end technology bit set
SN	reads duplicated:	0	# PCR or optical duplicate bit set
SN	reads MQ0:	55511	# mapped and MQ=0
SN	reads QC failed:	0
SN	non-primary alignments:	0
SN	supplementary alignments:	142
SN	total length:	44787454	# ignores clipping
SN	total first fragment length:	22393727	# ignores clipping
SN	total last fragment length:	22393727	# ignores clipping
SN	bases mapped:	44782401	# ignores clipping
SN	bases mapped (cigar):	44636569	# more accurate
SN	bases trimmed:	0
SN	bases duplicated:	0
SN	mismatches:	169864	# from NM fields
SN	error rate:	3.805490e-03	# mismatches / bases mapped (cigar)
SN	average length:	76
SN	average first fragment length:	76
SN	average last fragment length:	76
SN	maximum length:	76
SN	maximum first fragment length:	76
SN	maximum last fragment length:	76
SN	average quality:	34.9
SN	insert size average:	183.7
SN	insert size standard deviation:	66.0
SN	inward oriented pairs:	293859
SN	outward oriented pairs:	65
SN	pairs with other orientation:	52
SN	pairs on different chromosomes:	828
SN	percentage of properly paired reads (%):	99.3
# First Fragment Qualities. Use `grep ^FFQ | cut -f 2-` to extract this part.
# Columns correspond to qualities and rows to cycles. First column is the cycle number.
FFQ	1	32	0	0	0	0	0	0	0	14	2	8	11	7	10	88	12	32	26	28	28	158	32	144	186	325	170	16	460	528	1033	243	1387	372	2174	1591	4707	7409	12195	38597	222748	73	0
FFQ	2	672	0	0	0	0	0	5	9	9	14	8	16	25	43	67	37	53	47	83	95	135	185	127	279	257	285	248	417	634	586	574	1400	626	2218	2067	4594	8658	16145	33509	220688	31	0
FFQ	3	631	0	0	0	0	0	3	10	12	12	13	30	27	45	76	48	58	68	94	91	147	227	129	285	248	314	290	457	612	542	598	1381	696	2466	2205	4666	9010	16236	34052	219028	39	0
FFQ	4	0	0	0	0	0	0	3	10	13	19	21	43	36	53	74	69	59	88	120	122	143	256	227	325	260	370	386	536	690	634	585	1495	645	2540	2227	4732	9560	16911	34000	217563	31	0
FFQ	5	289	0	0	0	0	0	3	12	18	18	16	36	37	47	69	68	64	92	142	113	147	230	193	241	284	322	345	585	576	589	584	1436	675	2530	2358	4594	9494	17012	33455	218147	25	0
FFQ	6	0	0	0	0	0	4	4	12	16	14	25	42	35	46	60	70	63	85	106	118	136	238	144	298	287	355	337	673	543	589	690	1330	651	2451	2215	4387	9071	16447	33529	219766	9	0
FFQ	7	0	0	0	0	1	1	5	13	12	27	34	35	31	41	63	79	67	101	124	127	136	238	159	296	288	328	365	670	604	649	758	1514	665	2836	2240	4841	9987	17366	33434	216700	11	0
FFQ	8	0	0	0	0	1	1	9	16	14	20	27	39	44	47	74	53	55	66	120	138	150	233	189	323	281	361	366	651	712	651	810	1497	749	2953	2318	5079	10285	17410	33815	215276	13	0
FFQ	9	0	0	0	0	0	3	7	13	8	19	18	30	38	42	55	70	56	99	108	125	141	256	184	298	291	383	463	661	682	702	886	1522	749	3182	2493	5188	10744	17953	33524	213840	13	0
FFQ	10	0	0	0	0	4	1	2	14	13	20	36	43	34	69	65	68	55	89	117	143	153	281	215	371	329	334	452	682	788	671	924	1656	804	3393	2506	5364	11200	18745	34210	210983	12	0
FFQ	11	0	0	0	0	1	3	12	35	27	38	40	52	51	60	93	79	66	121	155	142	185	251	198	319	312	345	408	647	688	606	989	2103	987	3481	2756	5383	11616	19445	35472	207669	11	0
FFQ	12	0	0	0	0	4	1	9	19	25	24	34	55	43	55	67	86	55	102	140	143	183	278	192	334	323	347	389	639	759	691	1033	2160	1020	3523	2706	5717	12057	19450	35499	206665	19	0
FFQ	13	0	0	0	0	2	3	9	14	15	22	29	43	46	66	77	90	65	130	125	123	162	285	216	337	331	419	408	637	832	754	1075	2248	1085	3849	2825	6109	12713	20084	35492	204108	18	0
FFQ	14	0	0	0	0	2	1	7	11	24	35	37	49	46	60	75	78	46	108	135	135	174	309	239	352	339	430	427	685	891	720	1209	2350	1161	4086	2986	6400	13173	21031	35769	201250	16	0
FFQ	15	0	0	0	0	5	4	6	17	15	32	45	48	50	53	88	80	46	127	125	183	188	310	255	431	365	405	489	709	992	742	1301	2544	1204	4593	3096	6610	13645	21624	36346	198053	20	0
FFQ	16	0	0	0	0	5	6	21	38	36	54	63	79	53	99	95	121	82	149	185	204	244	290	273	382	441	478	589	832	894	799	1376	2432	1336	4618	3433	6889	14428	22984	37337	193480	21	0
FFQ	17	0	0	0	0	3	4	15	31	33	35	60	74	43	89	100	92	74	135	179	220	209	339	266	405	349	548	586	826	978	904	1465	2607	1392	4775	3431	7321	15202	23227	38377	190434	18	0
FFQ	18	0	0	0	0	5	5	16	26	27	41	63	62	78	93	129	108	82	148	156	216	260	389	305	447	444	595	657	898	1169	1017	1718	2840	1588	5545	3725	7998	16312	25164	38698	183800	22	0
FFQ	19	0	0	0	0	8	3	18	31	43	62	70	88	78	112	139	123	85	181	198	233	262	414	342	502	460	576	750	918	1309	1099	1851	2989	1669	5991	3914	8293	16952	26384	38456	180222	21	0
FFQ	20	0	0	0	0	9	1	14	24	20	47	57	64	53	112	118	81	98	138	158	239	253	352	318	457	476	603	612	875	1090	1070	1790	2716	1835	5451	4165	8569	16932	28898	32657	184481	13	0
FFQ	21	0	0	0	0	6	3	21	41	50	40	75	82	79	106	104	138	119	167	195	231	274	369	293	387	500	605	595	891	992	990	1738	2649	1602	5220	3861	7899	16241	28224	34104	185935	20	0
FFQ	22	0	0	0	0	2	1	18	26	44	33	49	78	58	79	88	120	111	161	208	195	257	324	341	386	510	609	678	976	1020	1179	1944	2567	2040	5194	4532	8923	17457	31729	27251	185640	18	0
FFQ	23	0	0	0	0	4	3	12	23	32	48	67	69	78	113	93	101	98	161	219	238	296	346	365	470	516	676	707	999	1114	1190	2106	2684	2156	5757	4930	9462	18196	33479	26103	181913	22	0
FFQ	24	0	0	0	0	3	6	17	32	18	54	63	67	81	77	85	117	119	172	199	235	281	415	349	475	574	686	720	1093	1123	1285	2255	2653	2335	6064	5170	9974	18670	35180	25085	179094	20	0
FFQ	25	0	0	0	0	7	8	13	37	30	57	77	73	78	107	103	109	103	202	206	259	280	443	378	404	599	660	696	1123	1190	1309	2265	2840	2395	6331	5082	9975	19112	34988	26073	177220	14	0
FFQ	26	0	0	0	0	14	13	41	44	58	81	90	81	63	122	97	158	145	195	236	299	398	378	419	424	615	701	858	1144	1037	1250	2458	2685	2328	6391	5405	9669	18527	36979	24491	176933	19	0
FFQ	27	0	0	0	0	8	7	22	26	49	57	79	80	68	123	84	136	122	189	224	324	384	393	464	437	693	730	877	1149	1201	1330	2588	2878	2623	6713	5966	10483	19805	38688	23636	172187	23	0
FFQ	28	0	0	0	0	8	4	23	35	32	64	84	100	81	140	111	136	140	189	224	261	383	429	417	459	725	766	897	1265	1253	1421	2790	2871	2734	7072	6147	10895	20433	39995	22767	169485	10	0
FFQ	29	0	0	0	0	12	8	13	36	44	52	83	96	88	139	107	140	114	192	229	284	408	436	427	457	749	758	892	1327	1353	1504	2876	2843	2920	7395	6405	11308	21032	41240	21758	167093	28	0
FFQ	30	0	0	0	0	11	2	9	44	31	80	102	90	81	165	124	129	152	234	234	309	447	453	437	474	761	836	927	1435	1372	1500	2985	3001	2878	7638	6356	11382	21236	41644	22287	164976	24	0
FFQ	31	0	0	2	0	23	33	50	59	106	106	110	141	107	190	141	201	182	244	307	383	504	487	524	480	795	971	1059	1494	1399	1635	3293	3267	3258	7928	7047	11798	22273	43222	21492	159521	14	0
FFQ	32	0	0	2	0	17	6	40	67	47	75	115	121	95	156	128	196	163	266	332	352	490	474	503	512	859	966	994	1517	1470	1726	3170	3215	3253	8113	7143	12488	22469	43583	22120	157567	24	0
FFQ	33	0	0	2	0	16	16	46	66	66	86	144	137	110	192	155	201	163	293	326	399	530	554	589	548	881	994	1155	1725	1567	1981	3684	3304	3664	8928	7761	13075	24039	46067	20051	151285	18	0
FFQ	34	0	0	3	0	23	12	44	71	59	95	140	145	112	198	131	199	206	252	355	444	580	539	616	565	998	1072	1219	1807	1662	2074	3998	3510	3958	9469	8394	13698	24801	47940	18700	146703	9	0
FFQ	35	0	0	4	0	26	11	57	61	59	116	143	158	132	242	143	197	181	303	325	465	623	607	642	560	1045	1059	1182	1936	1730	2100	4008	3535	4018	9576	8711	13930	25466	47853	18642	144924	19	0
FFQ	36	0	0	7	0	29	39	92	73	95	104	131	171	98	263	141	299	265	331	374	406	623	555	726	588	1085	1207	1331	1912	1688	2131	4162	3548	4290	9395	9432	14401	26560	49909	16920	141384	13	0
FFQ	37	0	0	6	0	29	23	44	91	92	126	150	146	113	225	144	244	223	308	359	484	637	592	724	624	1169	1208	1331	2052	1773	2254	4297	3714	4438	9765	9544	14816	26698	50172	17771	138350	27	0
FFQ	38	0	0	6	0	28	24	64	115	86	126	178	202	148	304	161	280	238	392	423	528	759	649	798	640	1304	1317	1521	2276	1946	2466	4827	3991	4883	10607	10484	15585	28114	52142	16160	130957	23	0
FFQ	39	0	0	7	0	34	24	52	104	85	124	188	169	120	305	154	287	251	351	436	607	812	714	840	713	1350	1337	1488	2449	2108	2722	5053	4152	5123	10765	11082	16004	29225	53674	14421	127391	16	0
FFQ	40	0	0	9	0	38	19	39	124	66	161	184	189	122	303	176	311	279	373	448	600	835	696	859	664	1509	1349	1606	2639	2139	2689	5267	4160	5352	11417	11278	16453	29650	54141	14307	124266	8	0
FFQ	41	0	0	14	0	50	74	107	135	161	162	199	227	161	324	228	379	339	452	455	658	901	693	842	781	1374	1518	1707	2457	2139	2881	5436	4243	5472	11161	11481	16919	30601	53792	14496	121686	11	0
FFQ	42	0	0	12	0	41	29	92	133	110	177	237	263	147	358	202	375	314	494	524	715	980	745	1038	857	1587	1602	1805	2822	2370	3141	5716	4624	5838	12132	12253	17500	31429	55030	14012	114985	15	0
FFQ	43	0	0	13	0	28	40	93	145	118	194	254	277	174	407	212	404	343	498	556	772	1115	924	1094	958	1757	1657	2029	3222	2558	3268	6266	4995	6357	12858	13096	18290	32626	55566	13061	108460	11	0
FFQ	44	0	0	14	0	59	41	85	204	123	231	283	327	198	535	224	439	432	561	563	872	1165	1060	1224	958	2054	1886	2098	3414	2915	3658	6778	5345	6642	13914	14037	18600	33402	56355	11749	102233	12	0
FFQ	45	0	0	19	0	51	42	75	198	126	235	333	287	161	487	255	436	385	602	594	923	1204	1054	1203	1001	2006	1892	2210	3453	2869	3609	6866	5480	6866	14106	13963	18818	34081	56791	11909	100073	13	0
FFQ	46	73	0	25	0	62	81	142	192	190	225	297	306	182	459	266	556	487	610	585	935	1179	925	1300	1081	1969	1982	2229	3242	2781	3996	6959	5585	7442	13112	15105	19987	34999	55202	11934	97968	14	0
FFQ	47	0	0	294	0	69	75	163	257	183	290	383	443	236	642	273	635	588	677	730	1133	1480	1098	1555	1159	2414	2178	2635	3946	3285	4426	7646	6353	7961	14982	16033	20293	36014	55683	10469	87960	18	0
FFQ	48	16	0	833	0	65	75	121	292	179	330	395	416	229	643	276	581	541	755	776	1123	1538	1179	1539	1229	2556	2332	2656	4027	3171	4477	7936	6413	8253	15078	16200	20525	36238	55849	10470	85329	13	0
FFQ	49	0	0	1731	0	88	54	139	324	139	308	413	400	236	670	271	608	531	757	808	1176	1486	1253	1608	1224	2625	2405	2724	4253	3461	4638	8135	6696	8513	15841	16791	20955	37226	56364	9246	80536	14	0
FFQ	50	0	0	3277	0	81	39	114	268	137	288	366	387	230	595	277	620	606	735	773	1179	1540	1240	1621	1267	2616	2342	2702	4281	3402	4688	8286	6995	8630	16134	17533	21038	37848	56137	8873	77487	10	0
FFQ	51	0	0	5642	0	85	116	210	205	215	261	361	404	211	610	311	662	633	714	763	1181	1581	1222	1579	1281	2412	2351	2750	4072	3441	4876	8200	7160	8790	15408	17947	21685	38700	54250	8706	75625	7	0
FFQ	52	0	0	6384	0	87	93	207	305	180	287	375	436	213	656	277	662	693	733	841	1276	1615	1352	1762	1338	2768	2527	2921	4532	3753	5177	8582	7712	9383	16220	18542	22532	39495	54720	7903	68072	12	0
FFQ	53	0	0	7387	0	83	74	157	371	154	340	456	516	235	755	293	705	771	864	879	1464	1795	1609	1873	1419	3082	2667	3165	4926	4065	5356	9179	8017	9506	17191	19505	22621	40066	53985	7090	61978	12	0
FFQ	54	0	0	8769	0	73	62	140	389	141	323	448	492	223	754	304	735	708	847	923	1451	1749	1584	2014	1423	3093	2725	3261	4989	4128	5743	9281	8453	9894	17664	19843	22457	40279	53408	6527	59303	9	0
FFQ	55	0	0	10999	0	77	47	122	341	131	285	431	454	230	744	270	665	716	804	973	1484	1784	1551	2025	1493	3107	2643	3210	5073	4195	5441	9644	8505	9871	17863	19851	22594	40452	53016	6213	57293	8	0
FFQ	56	0	0	14348	0	119	182	315	323	276	344	470	548	267	833	288	824	873	945	943	1605	2090	1611	2237	1512	3240	2945	3508	5052	4375	5917	9899	9172	10251	18323	20786	23276	40507	49147	6222	51008	10	0
FFQ	57	0	0	15374	0	105	80	179	314	174	327	409	531	242	820	316	734	810	858	935	1608	1922	1643	2127	1582	3279	2916	3435	5202	4375	6120	9711	8964	10825	18048	21051	23839	41049	50129	6204	48328	12	0
FFQ	58	0	0	16861	0	110	87	195	515	182	401	604	684	275	967	339	878	1053	962	1075	1819	2185	1896	2454	1722	3903	3300	3657	5919	5043	6680	10394	10058	10922	19640	22006	23567	41151	46590	5000	41464	9	0
FFQ	59	0	0	18906	0	120	83	185	587	146	392	640	666	277	1051	325	849	1064	1037	1134	1967	2296	2004	2583	1745	4011	3369	3919	6047	5271	6649	10966	10540	11131	20154	22060	23291	40946	46067	4308	37767	6	0
FFQ	60	0	0	21822	0	96	78	170	535	142	366	542	650	250	994	320	858	1036	1036	1132	1899	2135	2088	2654	1727	4023	3348	3983	5952	5214	6696	10913	10639	11172	20553	22636	24008	40563	44731	4058	35527	3	0
FFQ	61	0	0	25941	0	113	178	297	293	238	324	404	578	237	803	328	916	976	990	1042	1845	2226	2016	2426	1705	3728	3412	3693	5707	4892	6963	10508	10646	11603	19097	22938	24708	41686	42817	4226	34034	7	0
FFQ	62	0	0	27322	0	115	94	220	457	176	393	536	668	205	991	326	944	1087	1069	1132	1981	2327	2110	2620	1776	4040	3495	4074	6227	5335	7107	10966	11206	11732	19935	23343	24718	40592	41459	4041	29704	4	0
FFQ	63	0	0	29183	0	122	108	240	591	157	417	644	755	237	1205	346	1017	1225	1138	1257	2188	2457	2371	2924	1936	4347	3678	4306	6539	5625	7405	11353	11610	11943	20600	23624	23801	40002	39278	3478	26392	12	0
FFQ	64	0	0	31973	0	93	80	226	634	177	426	622	844	265	1234	347	983	1317	1130	1281	2360	2427	2517	3099	2075	4627	3720	4420	6566	5852	7646	11563	12120	11961	21335	23687	23791	40026	37312	2813	22938	3	0
FFQ	65	0	0	35847	0	110	78	174	620	109	396	550	775	225	1128	338	984	1215	1150	1279	2260	2552	2611	3122	2079	4798	3747	4604	6928	5960	7616	11917	12842	11910	21872	23663	23718	39062	34645	2575	21006	5	0
FFQ	66	0	0	41241	0	117	163	340	319	192	320	424	655	230	940	308	1025	1224	1103	1081	2419	2421	2353	2943	1942	4489	3846	4221	6376	5942	7653	11271	12628	12211	20901	23972	24822	39350	32849	2473	19684	4	0
FFQ	67	0	0	43143	0	121	113	280	561	192	386	546	780	224	1135	303	982	1412	1187	1236	2624	2649	2816	3293	2142	4931	4003	4646	7046	6313	8004	11576	13334	12473	21426	24182	24019	37844	30312	2004	16184	3	0
FFQ	68	0	0	45621	0	101	103	224	695	145	415	581	828	198	1317	289	1042	1413	1186	1345	2514	2733	2858	3443	2142	4971	3846	4507	7219	6286	8238	11875	13335	12398	21535	24420	23462	36638	29539	2118	14789	5	0
FFQ	69	0	0	49525	0	119	59	207	820	131	424	657	864	208	1347	314	1061	1540	1244	1427	2726	2767	2944	3362	2079	5412	4012	4913	7477	6665	8085	12346	13515	12365	22333	23756	22416	34677	27508	1848	13167	3	0
FFQ	70	0	0	55356	0	96	53	141	682	84	349	537	782	156	1193	307	1015	1493	1188	1479	2541	2642	3039	3450	2202	5155	4007	4828	7322	6593	7995	12336	14214	12167	22119	23483	22283	34188	25544	1665	11582	2	0
FFQ	71	0	0	63726	0	67	102	221	236	139	243	375	579	185	884	271	1139	1558	1390	1180	2892	2860	3322	3659	2445	5061	4617	4920	7387	6753	9380	11510	14659	14218	20169	25938	21706	31286	19941	1382	7796	5	0
FFQ	72	0	0	65477	0	78	66	202	525	113	337	461	726	171	1157	250	1235	1734	1495	1330	3257	3003	3490	4025	2604	5706	4885	5170	7808	6946	9700	11923	14716	14046	20314	25450	20527	29509	18063	1172	6452	3	0
FFQ	73	0	0	67748	0	88	46	155	689	101	343	562	1005	170	1277	241	1215	1907	1443	1351	3314	3199	3355	3764	2588	5634	4513	5281	7555	7096	9115	12083	14043	14567	19272	25146	20146	28386	18672	1487	6453	8	0
FFQ	74	0	0	71296	0	65	36	127	615	71	288	527	832	165	1178	215	1139	1893	1447	1417	3234	3167	3333	3628	2499	5496	4514	5058	7397	6946	8981	12022	13839	14412	19036	24974	19945	27855	18387	1489	6356	4	0
FFQ	75	0	0	76502	0	17	13	53	183	29	132	193	324	69	536	133	1152	1856	1369	1310	3176	3029	3322	3575	2414	5468	4380	4863	7135	6775	8663	12019	13764	13890	18941	24651	19295	27839	18613	1580	6440	5	0
FFQ	76	105	0	83274	0	0	0	0	0	0	0	0	0	0	0	0	1632	1916	2049	2555	2415	4109	2921	3192	2835	4379	5504	4606	7195	5435	8692	10380	10535	12006	14612	14154	23322	26384	21492	9415	8296	111	0
# Last Fragment Qualities. Use `grep ^LFQ | cut -f 2-` to extract this part.
# Columns correspond to qualities and rows to cycles. First column is the cycle number.
LFQ	1	118	0	0	0	0	0	0	0	2	0	0	0	5	57	147	0	0	36	0	33	105	59	148	405	286	142	0	586	921	647	281	2088	405	2849	1537	6845	9396	10754	22629	232405	1960	0
LFQ	2	0	0	0	0	0	0	0	0	14	0	6	14	27	130	126	11	42	37	79	75	213	262	242	460	243	402	453	513	1019	901	729	2273	1225	3657	3014	6821	12451	17320	15838	225388	861	0
LFQ	3	0	0	0	0	0	0	5	2	13	6	24	24	24	137	136	17	51	64	98	135	184	342	290	518	268	410	453	605	1142	811	817	2256	1208	3771	3084	6741	12593	17501	19481	220783	852	0
LFQ	4	0	0	0	0	1	1	6	3	16	14	21	37	50	112	140	44	66	84	118	158	235	311	237	469	286	419	443	648	1099	814	842	2250	1251	3861	3059	6809	12886	17797	21715	217745	799	0
LFQ	5	0	0	0	0	1	4	10	16	26	38	51	62	74	167	134	54	80	103	147	172	248	369	274	508	353	416	461	701	1141	762	889	2420	1250	4223	3291	6991	13431	18615	22178	214576	610	0
LFQ	6	0	0	0	0	0	8	9	14	19	33	37	57	72	155	100	60	74	99	141	128	219	311	228	349	348	391	432	724	907	716	902	2187	1099	4026	2995	6268	13121	18258	23104	216768	487	0
LFQ	7	0	0	0	0	1	6	10	18	13	27	40	38	48	165	120	44	72	70	120	148	248	368	308	467	301	412	470	678	1065	740	989	2241	1113	4358	3110	6777	13642	19016	23660	213297	646	0
LFQ	8	0	0	0	0	2	1	8	11	11	26	46	43	54	173	183	51	53	80	112	134	221	368	289	541	341	440	526	724	1232	791	1145	2482	1259	4850	3157	7069	14250	19686	23699	210106	682	0
LFQ	9	0	0	0	0	2	3	5	10	9	31	36	52	55	179	181	51	62	78	119	142	203	413	281	532	360	422	535	719	1216	796	1138	2434	1352	4818	3311	7139	14205	19911	24384	209002	660	0
LFQ	10	0	0	0	0	2	2	7	21	10	22	32	46	56	211	225	63	50	76	111	185	238	395	311	646	404	436	625	729	1375	898	1344	2562	1366	5205	3429	7466	14958	20938	24483	205264	655	0
LFQ	11	0	0	0	0	4	4	15	28	24	57	59	67	93	232	124	87	81	124	190	207	360	386	345	446	408	507	620	858	1143	855	1338	2553	1304	5068	3370	7161	15080	21506	25888	203631	623	0
LFQ	12	0	0	0	0	2	2	14	15	16	40	52	65	71	225	147	57	52	103	157	188	290	401	345	525	408	559	582	880	1249	929	1316	2598	1389	5195	3380	7540	15236	22141	26565	201349	763	0
LFQ	13	0	0	0	0	4	5	12	22	18	42	46	58	63	238	206	67	74	100	164	189	298	462	331	612	402	497	660	842	1425	1011	1509	2908	1495	5720	3682	8244	16380	22687	26931	196708	734	0
LFQ	14	0	0	0	0	6	4	13	20	19	43	52	49	69	240	202	65	59	105	129	186	301	435	360	620	415	542	728	891	1438	1022	1525	2790	1529	5757	3724	8161	16197	23377	27249	195774	750	0
LFQ	15	0	0	0	0	7	3	10	23	22	38	47	55	80	259	239	66	59	101	142	196	278	442	382	645	443	572	733	907	1485	1092	1621	2889	1558	6179	3900	8396	16561	24248	26942	193516	710	0
LFQ	16	0	0	0	0	5	15	25	42	61	68	76	103	111	319	150	94	98	165	226	246	396	513	443	486	530	627	811	1016	1309	1131	1735	2880	1673	6520	4204	8365	17529	25265	28916	188071	622	0
LFQ	17	0	0	0	0	5	9	23	31	41	57	67	91	114	345	233	85	94	161	173	228	424	538	430	671	564	614	797	1007	1630	1200	1845	3130	1769	6696	4337	9170	18167	25587	29933	183843	737	0
LFQ	18	0	0	0	0	12	9	22	30	33	50	71	83	82	336	276	100	98	135	161	265	409	556	456	698	532	672	890	1124	1656	1274	1823	3305	1946	7033	4454	9436	18848	26181	30107	180882	801	0
LFQ	19	0	0	0	0	8	8	23	37	24	61	100	87	98	347	316	84	84	154	169	250	421	548	469	775	523	706	901	1118	1806	1316	1981	3401	1938	7304	4640	9856	19103	27023	30160	178173	834	0
LFQ	20	0	0	0	0	7	6	20	17	30	59	84	102	120	350	317	94	57	148	163	239	421	631	453	789	569	797	1003	1196	1745	1389	2187	3439	2093	7714	4858	9787	19472	27866	30204	175685	735	0
LFQ	21	0	0	0	0	21	21	73	62	64	96	137	126	172	459	174	157	161	203	296	327	630	638	556	589	733	867	1075	1354	1698	1427	2216	3607	2110	7848	5146	10072	20673	28808	33208	168269	773	0
LFQ	22	0	0	0	0	20	12	42	42	52	80	120	121	133	453	265	133	127	193	260	341	601	642	599	758	694	867	1131	1390	1910	1654	2477	3773	2500	8291	5666	10907	21132	30608	32960	163064	828	0
LFQ	23	0	0	0	0	18	19	27	58	55	90	134	132	161	553	378	131	129	210	266	344	580	749	598	910	747	988	1218	1428	2131	1712	2600	3853	2615	9091	5714	11417	22013	31344	32893	158701	839	0
LFQ	24	0	0	0	0	13	16	27	53	41	88	118	137	133	506	400	112	121	212	259	338	615	724	613	927	769	965	1250	1519	2196	1734	2716	4079	2592	9161	5769	11551	22380	31904	33795	156129	884	0
LFQ	25	0	0	0	0	21	12	34	37	54	101	140	133	128	585	410	141	126	230	264	384	629	798	645	1000	780	1088	1300	1469	2350	1852	2896	4169	2650	9505	5933	11868	23021	32246	33630	153382	835	0
LFQ	26	0	0	1	0	16	22	42	56	80	92	135	137	148	417	160	156	195	239	336	346	641	558	621	521	802	1018	1075	1508	1526	1766	2614	3309	2909	7741	6031	10765	20635	35027	23194	169331	676	0
LFQ	27	0	0	2	0	22	14	45	63	65	76	130	145	161	453	186	142	148	200	293	355	644	658	608	595	767	1034	1191	1585	1650	1878	2875	3478	3003	7985	6091	11319	21184	35405	23936	165733	727	0
LFQ	28	0	0	2	0	20	25	49	65	50	98	131	171	137	522	278	161	166	250	308	408	689	680	712	722	812	1092	1232	1622	1924	2025	3099	3535	3307	8522	6545	11987	21531	37747	22305	161280	637	0
LFQ	29	0	0	2	0	13	21	35	52	38	109	144	154	126	524	248	141	143	233	293	446	660	648	648	715	913	1088	1329	1768	1917	2039	3145	3609	3379	8731	6942	12372	22114	38637	21695	159119	656	0
LFQ	30	0	0	4	0	28	12	33	79	58	117	155	188	164	614	297	156	180	257	298	468	740	812	744	785	983	1183	1383	1911	2107	2204	3541	3737	3825	9639	7128	12579	22421	40496	20943	153940	637	0
LFQ	31	0	0	5	0	23	40	76	77	87	88	139	162	171	578	145	167	229	270	338	407	750	649	656	574	904	1135	1256	1691	1775	1862	3147	3287	3307	8586	6650	11384	21228	38129	20198	164248	428	0
LFQ	32	0	0	4	0	31	14	47	86	75	120	153	180	144	586	241	204	190	268	379	463	792	734	701	636	1007	1199	1374	1853	1980	2164	3360	3641	3622	9196	7088	11989	21770	39740	19895	158408	500	0
LFQ	33	0	0	4	0	26	25	52	73	62	105	134	190	129	627	218	184	184	274	321	472	833	716	670	715	967	1208	1415	1922	1910	2210	3638	3692	3773	9503	7352	12404	22486	40985	19462	155328	549	0
LFQ	34	0	0	2	0	27	22	55	89	61	142	156	184	133	631	320	186	204	296	325	548	847	814	725	800	1134	1330	1520	2086	2162	2325	3902	3757	4050	9965	7616	12831	22885	42611	18897	150671	492	0
LFQ	35	0	0	2	0	30	27	60	108	62	140	183	238	151	649	304	222	224	315	342	554	891	838	849	791	1202	1290	1523	2130	2205	2458	4089	3771	4269	10383	8086	13170	23440	44130	17561	147650	452	0
LFQ	36	0	0	3	0	50	51	121	113	150	160	215	304	234	761	193	245	340	335	458	644	1044	769	888	667	1136	1493	1605	2212	2095	2492	4086	3870	4312	10346	8234	13304	24010	43481	18161	145825	371	0
LFQ	37	0	0	4	0	45	56	86	128	91	152	237	272	172	793	256	279	261	365	397	633	997	940	905	815	1329	1545	1745	2422	2322	2677	4306	4094	4665	10764	8808	13909	24773	45159	17709	140239	413	0
LFQ	38	0	0	3	0	45	44	100	118	103	162	199	311	162	834	313	278	245	376	414	656	1059	936	931	849	1409	1562	1748	2596	2395	2919	4660	4304	4899	11103	9354	14330	25128	46250	16876	136659	422	0
LFQ	39	0	0	4	0	59	35	80	135	88	172	235	315	170	860	314	234	241	409	421	681	1069	930	910	861	1416	1594	1782	2523	2457	2972	4481	4291	4988	11238	8917	14267	24823	45418	18201	136698	448	0
LFQ	40	0	0	5	0	49	39	93	166	106	193	251	339	160	952	345	303	302	398	450	750	1218	961	928	866	1606	1659	1894	2798	2614	3146	4969	4525	5324	11824	9810	15131	25519	48126	15869	130638	399	0
LFQ	41	0	0	4	0	86	100	162	126	178	215	257	378	268	927	230	343	415	471	538	821	1402	912	1084	761	1515	1813	1943	2899	2482	3130	4881	4498	5625	11696	10269	15205	26789	48068	15494	128408	323	0
LFQ	42	0	0	6	0	73	69	147	188	160	231	304	453	222	1079	306	359	425	456	560	878	1425	1121	1193	992	1690	1965	2000	3185	2791	3500	5525	4780	6043	12354	10992	16134	27235	49524	14786	121220	333	0
LFQ	43	0	0	8	0	72	82	144	194	127	213	303	459	198	1058	321	364	388	509	566	857	1437	1116	1170	933	1734	1905	2099	3199	2836	3577	5475	4918	6198	12293	11309	16124	27351	50165	14839	119805	350	0
LFQ	44	0	0	11	0	95	73	160	235	121	287	336	560	225	1286	373	393	451	524	566	946	1628	1228	1333	1036	1996	2111	2329	3485	3101	3817	6196	5059	6517	13317	11841	16803	28322	51734	13369	112527	299	0
LFQ	45	0	0	12	0	95	66	153	219	126	262	322	552	183	1210	352	389	449	577	610	953	1578	1216	1310	1038	1962	2226	2338	3595	3175	3832	6359	5190	6708	13403	12055	16485	28028	51936	13590	111794	328	0
LFQ	46	0	0	10	0	105	139	276	203	253	225	379	585	340	1212	257	491	588	544	703	1127	1767	1156	1416	920	1950	2436	2436	3694	3093	4200	6219	5359	7272	12979	13124	18435	30887	51416	13620	104544	304	0
LFQ	47	0	0	121	0	122	124	223	267	209	259	349	667	305	1290	333	523	672	640	725	1120	1829	1347	1523	1090	2314	2484	2603	4159	3403	4560	6870	5665	7932	13916	13740	18977	32070	53105	12465	96394	264	0
LFQ	48	0	0	367	0	137	110	201	298	194	309	369	754	303	1455	353	560	614	739	741	1344	1931	1408	1654	1205	2327	2603	2690	4258	3517	4703	6985	5851	8128	14261	14306	18980	31800	53038	12111	93786	264	0
LFQ	49	0	0	783	0	142	121	205	347	193	293	371	698	265	1407	412	558	643	697	750	1259	1958	1454	1684	1238	2508	2655	2655	4286	3664	4822	7354	6095	8392	14466	14713	19459	32234	53853	11635	90095	283	0
LFQ	50	0	0	1497	0	138	111	192	310	174	320	396	780	245	1407	417	590	676	677	772	1360	1887	1466	1755	1325	2586	2694	2783	4416	3639	4846	7290	6278	8708	14671	14913	19478	32185	53378	11476	88572	234	0
LFQ	51	0	0	2517	0	42	67	149	123	206	224	256	305	347	957	276	318	433	450	665	749	1308	1157	1065	944	1416	1866	2123	2913	2649	3502	4267	6094	5069	10642	8788	15758	26965	36245	35951	116727	1094	0
LFQ	52	0	0	2838	0	50	53	107	133	156	197	343	340	293	1073	364	336	366	437	637	760	1416	1204	1224	1134	1603	2121	2354	3031	2934	3858	4777	5956	5418	11186	9172	16946	27404	37140	33984	112150	1128	0
LFQ	53	0	0	3313	0	56	55	140	145	168	216	339	351	293	1284	535	339	341	529	626	850	1419	1259	1248	1332	1654	2178	2446	3164	3101	4029	4935	6492	5669	11568	9428	17003	27957	37573	33215	108288	1073	0
LFQ	54	0	0	4032	0	66	41	121	158	156	202	328	397	293	1225	468	336	406	504	583	880	1479	1329	1278	1430	1703	2241	2353	3413	3200	4214	5180	6379	6116	11986	9803	17462	28306	39051	31526	105038	926	0
LFQ	55	0	0	5153	0	55	72	145	155	173	251	394	428	293	1368	627	339	340	534	604	947	1606	1446	1455	1529	1851	2326	2593	3420	3446	4093	5677	6566	6220	12657	10288	17776	28179	39839	29585	101280	895	0
LFQ	56	0	0	6896	0	54	94	202	183	195	228	330	413	354	1242	282	391	430	503	689	892	1558	1208	1215	1066	1611	2136	2241	3101	3091	3605	5249	6076	5851	12191	9594	16435	27076	37737	27204	112465	503	0
LFQ	57	0	0	7485	0	87	71	202	203	209	256	386	484	285	1334	392	365	418	561	661	966	1654	1341	1309	1203	1765	2311	2470	3430	3266	4102	5861	6120	6393	12995	10540	17132	27610	39841	24320	105965	584	0
LFQ	58	0	0	8256	0	80	74	182	225	156	274	411	534	309	1451	497	430	488	627	627	999	1733	1468	1516	1407	1959	2421	2643	3773	3516	4285	6335	6367	6846	13684	10899	17741	27897	41905	22127	99960	465	0
LFQ	59	0	0	9367	0	74	68	163	206	155	299	370	540	274	1470	496	432	466	597	621	1103	1818	1476	1469	1276	2057	2520	2718	3738	3616	4437	6644	6474	7089	13976	11130	18205	28024	42276	21607	96798	510	0
LFQ	60	0	0	11288	0	90	72	142	231	149	296	411	562	304	1617	600	398	443	664	684	1032	1855	1500	1460	1435	2159	2520	2723	3853	3724	4431	6826	6525	7136	14442	11356	17763	27884	42122	21122	94248	482	0
LFQ	61	0	0	14040	0	111	135	259	204	275	237	410	517	373	1437	309	474	568	658	827	1186	1921	1371	1468	1140	2046	2647	2751	3891	3476	4616	6618	6475	7794	13626	12133	18830	28920	42364	19692	90352	390	0
LFQ	62	1	0	14775	0	98	97	193	273	244	283	420	616	321	1568	395	500	513	728	733	1195	2056	1454	1558	1280	2209	2757	2796	4219	3661	4844	6992	6811	7838	14499	12235	18869	28652	42632	19943	85805	464	0
LFQ	63	22	0	15718	0	96	79	227	318	167	305	457	744	288	1709	495	540	532	721	735	1295	2051	1649	1637	1420	2374	2817	2954	4515	3950	4978	7396	6810	8197	14759	12646	19189	28837	43189	18940	81358	397	0
LFQ	64	52	0	17284	0	89	69	195	296	163	330	470	672	277	1674	507	502	456	721	712	1304	2012	1617	1685	1515	2369	2771	2854	4300	3997	5072	7669	6997	8155	14835	12567	19353	28994	42667	18805	80043	440	0
LFQ	65	55	0	19912	0	84	64	156	264	176	315	442	608	292	1492	474	537	523	677	701	1240	1934	1612	1637	1442	2418	2782	2937	4465	3854	4926	8047	6897	8875	15379	13362	19443	29073	44062	17104	75805	404	0
LFQ	66	0	0	23940	0	114	142	303	252	265	311	466	652	332	1553	307	562	686	728	822	1374	2215	1570	1661	1208	2447	3051	3023	4465	3879	5223	7590	7342	9337	14931	14154	20213	29555	42560	16233	70686	300	0
LFQ	67	0	0	25011	0	100	106	224	309	233	335	429	758	317	1679	378	617	646	786	854	1516	2350	1598	1796	1421	2745	3106	3297	4955	4213	5790	8306	7401	9724	15347	14658	20163	30131	42772	15102	64950	302	0
LFQ	68	0	0	26496	0	127	83	224	335	177	399	507	855	283	1807	393	634	686	909	803	1491	2456	1686	1959	1439	2819	3169	3415	5086	4274	5741	8692	7562	10092	15777	14877	20465	29645	42836	14579	61299	297	0
LFQ	69	0	0	28882	0	82	79	207	403	154	384	482	885	280	1796	485	655	690	877	838	1610	2443	1707	1955	1609	2865	3261	3362	5085	4306	5776	9157	7693	10110	16353	15140	20322	29712	42566	13996	57817	299	0
LFQ	70	0	0	32737	0	90	67	160	343	129	341	344	732	210	1498	375	642	686	844	814	1673	2311	1729	1991	1538	2861	3174	3235	5124	4420	5921	9442	7764	10546	16525	15900	20220	29594	43000	12103	54940	245	0
LFQ	71	0	0	38395	0	88	123	249	219	193	224	343	662	196	1380	235	723	742	777	879	1547	2433	1574	1832	1255	2863	3263	3299	5073	4522	5980	8971	7930	11467	15341	17092	21532	31007	40756	11118	49696	222	0
LFQ	72	23	0	39860	0	112	84	233	345	175	331	439	817	228	1618	290	717	851	931	811	1831	2581	1679	2051	1341	3175	3369	3391	5564	4683	6363	9618	8339	11647	15729	17353	21404	30430	40224	10498	44790	201	0
LFQ	73	0	0	42046	0	91	46	192	447	137	372	471	876	192	1685	355	757	839	924	854	1880	2752	1850	2096	1406	3349	3489	3482	5636	4653	6445	9921	8268	11887	16276	17672	21254	29940	39394	10001	41890	193	0
LFQ	74	0	0	45435	0	73	64	180	419	122	396	420	900	179	1631	343	800	893	999	842	1935	2648	1877	2125	1590	3576	3521	3535	5629	4893	6463	10309	8639	12235	16681	17883	21155	29560	38519	8983	38242	189	0
LFQ	75	0	0	50379	0	38	28	77	195	58	171	220	435	103	912	198	765	961	959	903	1936	2703	1892	2107	1525	3501	3550	3576	5868	4823	6278	10441	8578	12317	16882	18217	20667	29669	37914	8151	36552	159	0
LFQ	76	0	0	58425	0	0	0	0	0	0	0	0	0	0	0	0	1069	1550	1287	1688	2243	4108	2237	2638	1708	3684	4550	4306	5834	4996	5930	10541	8921	9957	18677	13477	19366	26649	30581	15511	33275	313	0
# GC Content of first fragments. Use `grep ^GCF | cut -f 2-` to extract this part.
GCF	2.51	0
GCF	5.78	1
GCF	7.04	0
GCF	8.79	1
GCF	10.80	0
GCF	12.31	1
GCF	13.57	0
GCF	14.82	7
GCF	16.33	14
GCF	17.59	55
GCF	18.84	112
GCF	19.85	217
GCF	20.35	218
GCF	21.36	426
GCF	22.61	679
GCF	23.37	678
GCF	23.87	1076
GCF	24.37	1077
GCF	24.87	1496
GCF	25.38	1500
GCF	25.88	1502
GCF	26.38	2078
GCF	26.88	2075
GCF	27.39	2655
GCF	27.89	2656
GCF	28.39	2659
GCF	28.89	3434
GCF	29.40	3435
GCF	29.90	3439
GCF	30.40	4340
GCF	30.90	4345
GCF	31.41	5185
GCF	31.91	5182
GCF	32.41	5177
GCF	32.91	6254
GCF	33.42	6256
GCF	33.92	6258
GCF	34.42	7312
GCF	34.92	7313
GCF	35.43	8324
GCF	35.93	8319
GCF	36.43	8324
GCF	36.93	9699
GCF	37.44	9706
GCF	37.94	10665
GCF	38.44	10676
GCF	38.94	10679
GCF	39.45	11375
GCF	39.95	11378
GCF	40.45	11384
GCF	40.95	11999
GCF	41.46	11994
GCF	41.96	12445
GCF	42.46	12446
GCF	42.96	12455
GCF	43.47	12860
GCF	43.97	12856
GCF	44.47	12854
GCF	44.97	12637
GCF	45.48	12640
GCF	45.98	12516
GCF	46.48	12514
GCF	46.98	12516
GCF	47.49	12640
GCF	47.99	12641
GCF	48.49	12122
GCF	49.25	12125
GCF	50.00	11820
GCF	50.50	11822
GCF	51.01	11823
GCF	51.51	11784
GCF	52.01	11782
GCF	52.51	11649
GCF	53.02	11645
GCF	53.52	11646
GCF	54.02	11337
GCF	54.52	11341
GCF	55.03	10878
GCF	55.53	10883
GCF	56.03	10886
GCF	56.53	10554
GCF	57.04	10547
GCF	57.54	10543
GCF	58.04	9772
GCF	58.54	9775
GCF	59.05	9312
GCF	59.55	9302
GCF	60.05	9305
GCF	60.55	8472
GCF	61.06	8475
GCF	61.56	8472
GCF	62.06	7649
GCF	62.56	7646
GCF	63.07	6656
GCF	63.57	6660
GCF	64.07	6659
GCF	64.57	5760
GCF	65.08	5757
GCF	65.58	4449
GCF	66.08	4446
GCF	66.58	4444
GCF	67.09	3617
GCF	67.59	3614
GCF	68.09	3613
GCF	68.59	2737
GCF	69.10	2733
GCF	69.60	1995
GCF	70.10	1994
GCF	70.60	1996
GCF	71.11	1400
GCF	71.61	1395
GCF	72.11	1394
GCF	72.61	963
GCF	73.12	965
GCF	73.62	582
GCF	74.12	580
GCF	74.62	578
GCF	75.13	414
GCF	75.63	413
GCF	76.38	269
GCF	77.14	268
GCF	77.64	178
GCF	78.39	177
GCF	79.40	124
GCF	80.40	63
GCF	81.16	62
GCF	81.91	46
GCF	83.17	21
GCF	84.67	18
GCF	85.93	6
GCF	87.19	5
GCF	89.95	1
# GC Content of last fragments. Use `grep ^GCL | cut -f 2-` to extract this part.
GCL	1.26	0
GCL	3.02	1
GCL	7.54	0
GCL	12.81	1
GCL	14.82	5
GCL	16.33	9
GCL	17.59	51
GCL	18.84	101
GCL	19.85	211
GCL	20.35	212
GCL	21.36	340
GCL	22.61	575
GCL	23.37	574
GCL	23.87	916
GCL	24.37	917
GCL	24.87	1366
GCL	25.38	1370
GCL	25.88	1369
GCL	26.38	1819
GCL	26.88	1816
GCL	27.64	2464
GCL	28.39	2468
GCL	28.89	3177
GCL	29.40	3180
GCL	29.90	3182
GCL	30.40	4044
GCL	30.90	4046
GCL	31.41	4950
GCL	31.91	4949
GCL	32.41	4947
GCL	32.91	5947
GCL	33.42	5949
GCL	33.92	5950
GCL	34.42	6898
GCL	34.92	6902
GCL	35.43	8279
GCL	35.93	8278
GCL	36.43	8282
GCL	36.93	9543
GCL	37.44	9538
GCL	37.94	10648
GCL	38.44	10652
GCL	38.94	10659
GCL	39.45	11418
GCL	39.95	11426
GCL	40.45	11435
GCL	40.95	11946
GCL	41.46	11939
GCL	41.96	12426
GCL	42.46	12428
GCL	42.96	12443
GCL	43.47	12880
GCL	43.97	12877
GCL	44.47	12866
GCL	44.97	12967
GCL	45.48	12976
GCL	45.98	12614
GCL	46.48	12605
GCL	46.98	12611
GCL	47.49	12489
GCL	47.99	12499
GCL	48.49	12560
GCL	48.99	12557
GCL	49.50	12553
GCL	50.00	12323
GCL	50.50	12326
GCL	51.01	12329
GCL	51.76	11892
GCL	52.51	11690
GCL	53.02	11695
GCL	53.52	11693
GCL	54.27	11417
GCL	55.03	10974
GCL	55.53	10981
GCL	56.03	10988
GCL	56.53	10495
GCL	57.04	10489
GCL	57.54	10483
GCL	58.04	10121
GCL	58.54	10124
GCL	59.05	9431
GCL	59.55	9433
GCL	60.05	9439
GCL	60.55	8534
GCL	61.06	8527
GCL	61.56	8521
GCL	62.06	7788
GCL	62.56	7787
GCL	63.07	6836
GCL	63.57	6838
GCL	64.07	6830
GCL	64.82	5731
GCL	65.58	4654
GCL	66.08	4649
GCL	66.58	4648
GCL	67.09	3712
GCL	67.59	3702
GCL	68.09	3698
GCL	68.59	2813
GCL	69.10	2810
GCL	69.60	2016
GCL	70.35	2021
GCL	71.11	1400
GCL	71.61	1397
GCL	72.11	1392
GCL	72.86	939
GCL	73.87	621
GCL	74.62	620
GCL	75.13	404
GCL	75.63	407
GCL	76.63	275
GCL	77.64	161
GCL	78.14	162
GCL	78.64	161
GCL	79.40	97
GCL	80.40	59
GCL	81.16	57
GCL	81.91	47
GCL	83.17	28
GCL	84.67	17
GCL	85.93	9
GCL	87.19	7
GCL	88.69	5
GCL	89.95	1
GCL	91.21	2
GCL	93.97	0
GCL	96.48	1
# ACGT content per cycle. Use `grep ^GCC | cut -f 2-` to extract this part. The columns are: cycle; A,C,G,T base counts as a percentage of all A/C/G/T bases [%]; and N and O counts as a percentage of all A/C/G/T bases [%]
GCC	1	26.87	22.90	22.49	27.74	0.03	0.00
GCC	2	26.33	23.37	23.13	27.17	0.11	0.00
GCC	3	25.90	23.84	23.58	26.67	0.11	0.00
GCC	4	25.76	23.88	23.72	26.64	0.00	0.00
GCC	5	26.14	23.57	23.44	26.85	0.05	0.00
GCC	6	25.66	24.06	23.87	26.41	0.00	0.00
GCC	7	26.00	23.86	23.48	26.66	0.00	0.00
GCC	8	26.09	23.73	23.28	26.89	0.00	0.00
GCC	9	26.03	23.69	23.39	26.90	0.00	0.00
GCC	10	25.93	23.79	23.45	26.84	0.00	0.00
GCC	11	26.03	23.82	23.34	26.81	0.00	0.00
GCC	12	25.88	23.81	23.50	26.82	0.00	0.00
GCC	13	26.03	23.68	23.39	26.91	0.00	0.00
GCC	14	25.99	23.81	23.36	26.84	0.00	0.00
GCC	15	25.91	23.87	23.53	26.69	0.00	0.00
GCC	16	25.90	23.82	23.51	26.77	0.00	0.00
GCC	17	25.91	23.93	23.57	26.60	0.00	0.00
GCC	18	25.92	23.94	23.52	26.61	0.00	0.00
GCC	19	25.82	24.00	23.58	26.61	0.00	0.00
GCC	20	25.74	24.14	23.53	26.59	0.00	0.00
GCC	21	25.68	24.09	23.63	26.60	0.00	0.00
GCC	22	25.78	24.08	23.51	26.62	0.00	0.00
GCC	23	25.78	24.02	23.61	26.59	0.00	0.00
GCC	24	25.63	24.05	23.70	26.61	0.00	0.00
GCC	25	25.62	24.17	23.61	26.60	0.00	0.00
GCC	26	25.70	24.12	23.58	26.60	0.00	0.00
GCC	27	25.56	24.24	23.62	26.58	0.00	0.00
GCC	28	25.63	24.21	23.62	26.55	0.00	0.00
GCC	29	25.55	24.21	23.66	26.59	0.00	0.00
GCC	30	25.45	24.26	23.81	26.49	0.00	0.00
GCC	31	25.56	24.20	23.67	26.56	0.00	0.00
GCC	32	25.54	24.29	23.69	26.48	0.00	0.00
GCC	33	25.53	24.36	23.66	26.45	0.00	0.00
GCC	34	25.50	24.26	23.67	26.58	0.00	0.00
GCC	35	25.53	24.34	23.69	26.44	0.00	0.00
GCC	36	25.46	24.37	23.72	26.45	0.00	0.00
GCC	37	25.42	24.30	23.76	26.53	0.00	0.00
GCC	38	25.45	24.21	23.73	26.61	0.00	0.00
GCC	39	25.21	24.52	23.76	26.51	0.00	0.00
GCC	40	25.40	24.34	23.61	26.64	0.00	0.00
GCC	41	25.39	24.43	23.79	26.39	0.00	0.00
GCC	42	25.17	24.50	23.84	26.50	0.00	0.00
GCC	43	25.35	24.40	23.77	26.48	0.00	0.00
GCC	44	25.32	24.46	23.66	26.57	0.00	0.00
GCC	45	25.17	24.53	23.84	26.46	0.00	0.00
GCC	46	25.24	24.47	23.81	26.48	0.01	0.00
GCC	47	25.25	24.43	23.72	26.60	0.00	0.00
GCC	48	25.14	24.60	23.83	26.44	0.00	0.00
GCC	49	25.25	24.40	23.87	26.48	0.00	0.00
GCC	50	25.14	24.57	23.86	26.43	0.00	0.00
GCC	51	25.18	24.66	23.78	26.37	0.00	0.00
GCC	52	25.25	24.55	23.84	26.36	0.00	0.00
GCC	53	25.17	24.61	23.79	26.43	0.00	0.00
GCC	54	25.17	24.71	23.82	26.30	0.00	0.00
GCC	55	25.08	24.67	23.87	26.38	0.00	0.00
GCC	56	25.08	24.71	23.84	26.37	0.00	0.00
GCC	57	24.95	24.74	24.01	26.31	0.00	0.00
GCC	58	25.11	24.63	23.94	26.32	0.00	0.00
GCC	59	24.99	24.71	23.92	26.38	0.00	0.00
GCC	60	24.95	24.71	24.06	26.28	0.00	0.00
GCC	61	25.09	24.78	23.84	26.29	0.00	0.00
GCC	62	25.08	24.67	23.93	26.33	0.00	0.00
GCC	63	24.83	24.89	24.03	26.26	0.00	0.00
GCC	64	25.04	24.71	23.92	26.33	0.01	0.00
GCC	65	24.96	24.81	24.01	26.22	0.01	0.00
GCC	66	24.92	24.82	24.02	26.25	0.00	0.00
GCC	67	24.94	24.68	24.14	26.24	0.00	0.00
GCC	68	24.76	24.89	24.11	26.24	0.00	0.00
GCC	69	24.77	24.85	24.14	26.24	0.00	0.00
GCC	70	24.90	24.91	24.06	26.13	0.00	0.00
GCC	71	24.77	24.82	24.21	26.21	0.00	0.00
GCC	72	24.82	24.89	24.18	26.11	0.00	0.00
GCC	73	24.78	24.99	24.17	26.06	0.00	0.00
GCC	74	24.72	24.86	24.25	26.16	0.00	0.00
GCC	75	24.62	25.06	24.29	26.03	0.00	0.00
GCC	76	24.46	25.35	24.42	25.78	0.02	0.00
# ACGT content per cycle, read oriented. Use `grep ^GCT | cut -f 2-` to extract this part. The columns are: cycle; A,C,G,T base counts as a percentage of all A/C/G/T bases [%]
GCT	1	27.50	24.69	20.71	27.10
GCT	2	27.56	23.11	23.39	25.94
GCT	3	26.06	24.09	23.33	26.51
GCT	4	25.65	24.32	23.28	26.75
GCT	5	25.88	23.51	23.50	27.11
GCT	6	25.96	24.32	23.61	26.11
GCT	7	25.96	23.82	23.52	26.69
GCT	8	25.92	24.09	22.93	27.06
GCT	9	25.73	24.18	22.90	27.19
GCT	10	26.01	24.17	23.07	26.75
GCT	11	25.93	24.19	22.97	26.90
GCT	12	25.91	24.31	23.00	26.78
GCT	13	26.08	24.12	22.95	26.86
GCT	14	26.04	24.13	23.04	26.78
GCT	15	25.92	24.33	23.07	26.69
GCT	16	25.85	24.28	23.05	26.82
GCT	17	25.77	24.36	23.13	26.74
GCT	18	25.71	24.42	23.04	26.83
GCT	19	25.75	24.35	23.22	26.68
GCT	20	25.73	24.44	23.23	26.60
GCT	21	25.61	24.54	23.18	26.67
GCT	22	25.85	24.38	23.22	26.55
GCT	23	25.73	24.38	23.25	26.64
GCT	24	25.71	24.51	23.25	26.54
GCT	25	25.73	24.57	23.22	26.49
GCT	26	25.73	24.47	23.23	26.57
GCT	27	25.64	24.44	23.42	26.50
GCT	28	25.74	24.42	23.40	26.44
GCT	29	25.71	24.44	23.43	26.43
GCT	30	25.67	24.69	23.37	26.27
GCT	31	25.71	24.46	23.42	26.41
GCT	32	25.67	24.45	23.53	26.35
GCT	33	25.68	24.48	23.53	26.30
GCT	34	25.80	24.38	23.54	26.28
GCT	35	25.79	24.43	23.60	26.18
GCT	36	25.67	24.46	23.63	26.23
GCT	37	25.81	24.50	23.55	26.13
GCT	38	25.74	24.34	23.60	26.32
GCT	39	25.60	24.54	23.74	26.12
GCT	40	25.80	24.42	23.53	26.25
GCT	41	25.61	24.51	23.71	26.17
GCT	42	25.53	24.48	23.86	26.14
GCT	43	25.71	24.51	23.66	26.12
GCT	44	25.80	24.35	23.77	26.08
GCT	45	25.61	24.55	23.82	26.01
GCT	46	25.64	24.39	23.90	26.07
GCT	47	25.66	24.33	23.83	26.18
GCT	48	25.56	24.45	23.97	26.02
GCT	49	25.66	24.39	23.88	26.08
GCT	50	25.59	24.36	24.07	25.98
GCT	51	25.62	24.44	24.01	25.93
GCT	52	25.54	24.37	24.02	26.07
GCT	53	25.65	24.29	24.11	25.95
GCT	54	25.61	24.37	24.16	25.85
GCT	55	25.66	24.37	24.17	25.80
GCT	56	25.57	24.34	24.22	25.88
GCT	57	25.41	24.52	24.22	25.84
GCT	58	25.52	24.43	24.14	25.91
GCT	59	25.49	24.41	24.22	25.88
GCT	60	25.55	24.42	24.35	25.68
GCT	61	25.63	24.30	24.32	25.74
GCT	62	25.59	24.24	24.35	25.81
GCT	63	25.40	24.50	24.42	25.68
GCT	64	25.58	24.37	24.26	25.78
GCT	65	25.51	24.27	24.55	25.67
GCT	66	25.49	24.39	24.45	25.67
GCT	67	25.51	24.33	24.49	25.66
GCT	68	25.42	24.42	24.58	25.58
GCT	69	25.48	24.38	24.62	25.53
GCT	70	25.54	24.35	24.62	25.49
GCT	71	25.57	24.20	24.83	25.41
GCT	72	25.49	24.47	24.61	25.43
GCT	73	25.61	24.34	24.81	25.23
GCT	74	25.48	24.31	24.81	25.41
GCT	75	25.35	24.43	24.92	25.30
GCT	76	25.35	24.64	25.13	24.88
# ACGT content per cycle for first fragments. Use `grep ^FBC | cut -f 2-` to extract this part. The columns are: cycle; A,C,G,T base counts as a percentage of all A/C/G/T bases [%]; and N and O counts as a percentage of all A/C/G/T bases [%]
FBC	1	26.89	22.79	22.43	27.89	0.01	0.00
FBC	2	26.37	23.30	23.09	27.25	0.23	0.00
FBC	3	26.05	23.58	23.44	26.93	0.21	0.00
FBC	4	26.19	23.39	23.38	27.05	0.00	0.00
FBC	5	26.15	23.54	23.43	26.89	0.10	0.00
FBC	6	25.91	23.78	23.71	26.60	0.00	0.00
FBC	7	26.16	23.80	23.37	26.68	0.00	0.00
FBC	8	26.20	23.62	23.17	27.01	0.00	0.00
FBC	9	26.12	23.46	23.36	27.06	0.00	0.00
FBC	10	26.02	23.76	23.37	26.84	0.00	0.00
FBC	11	26.08	23.70	23.31	26.90	0.00	0.00
FBC	12	25.94	23.64	23.49	26.94	0.00	0.00
FBC	13	26.28	23.52	23.28	26.92	0.00	0.00
FBC	14	26.15	23.57	23.37	26.91	0.00	0.00
FBC	15	26.02	23.70	23.54	26.74	0.00	0.00
FBC	16	25.93	23.70	23.48	26.90	0.00	0.00
FBC	17	25.99	23.82	23.57	26.62	0.00	0.00
FBC	18	26.09	23.87	23.44	26.60	0.00	0.00
FBC	19	26.00	23.94	23.49	26.57	0.00	0.00
FBC	20	25.90	24.05	23.48	26.57	0.00	0.00
FBC	21	25.77	23.97	23.66	26.59	0.00	0.00
FBC	22	25.89	24.00	23.47	26.63	0.00	0.00
FBC	23	25.76	24.00	23.58	26.66	0.00	0.00
FBC	24	25.68	23.93	23.62	26.77	0.00	0.00
FBC	25	25.69	24.11	23.49	26.71	0.00	0.00
FBC	26	25.85	23.92	23.60	26.64	0.00	0.00
FBC	27	25.71	24.09	23.53	26.68	0.00	0.00
FBC	28	25.66	24.17	23.60	26.57	0.00	0.00
FBC	29	25.67	24.07	23.59	26.67	0.00	0.00
FBC	30	25.37	24.20	23.88	26.55	0.00	0.00
FBC	31	25.67	24.09	23.66	26.58	0.00	0.00
FBC	32	25.51	24.23	23.66	26.60	0.00	0.00
FBC	33	25.63	24.27	23.59	26.52	0.00	0.00
FBC	34	25.67	24.14	23.51	26.67	0.00	0.00
FBC	35	25.58	24.22	23.60	26.60	0.00	0.00
FBC	36	25.55	24.29	23.70	26.46	0.00	0.00
FBC	37	25.42	24.24	23.69	26.65	0.00	0.00
FBC	38	25.53	24.18	23.66	26.63	0.00	0.00
FBC	39	25.28	24.50	23.65	26.56	0.00	0.00
FBC	40	25.48	24.21	23.57	26.73	0.00	0.00
FBC	41	25.47	24.36	23.74	26.44	0.00	0.00
FBC	42	25.31	24.38	23.82	26.48	0.00	0.00
FBC	43	25.49	24.23	23.73	26.55	0.00	0.00
FBC	44	25.36	24.49	23.53	26.63	0.00	0.00
FBC	45	25.24	24.45	23.79	26.52	0.00	0.00
FBC	46	25.27	24.42	23.81	26.50	0.02	0.00
FBC	47	25.31	24.44	23.71	26.54	0.00	0.00
FBC	48	25.23	24.53	23.87	26.36	0.01	0.00
FBC	49	25.35	24.27	23.83	26.55	0.00	0.00
FBC	50	25.10	24.56	23.82	26.52	0.00	0.00
FBC	51	25.17	24.63	23.82	26.38	0.00	0.00
FBC	52	25.19	24.62	23.72	26.47	0.00	0.00
FBC	53	25.19	24.54	23.85	26.42	0.00	0.00
FBC	54	25.26	24.59	23.80	26.35	0.00	0.00
FBC	55	25.13	24.59	23.83	26.44	0.00	0.00
FBC	56	25.06	24.72	23.79	26.43	0.00	0.00
FBC	57	24.93	24.69	23.99	26.39	0.00	0.00
FBC	58	25.09	24.66	23.86	26.40	0.00	0.00
FBC	59	25.03	24.73	23.94	26.29	0.00	0.00
FBC	60	24.97	24.63	24.06	26.34	0.00	0.00
FBC	61	25.16	24.76	23.77	26.31	0.00	0.00
FBC	62	25.01	24.70	23.93	26.36	0.00	0.00
FBC	63	24.85	24.85	24.07	26.24	0.00	0.00
FBC	64	24.99	24.81	23.86	26.34	0.00	0.00
FBC	65	24.94	24.86	24.01	26.19	0.00	0.00
FBC	66	24.96	24.72	24.02	26.29	0.00	0.00
FBC	67	24.96	24.69	24.07	26.27	0.00	0.00
FBC	68	24.81	24.89	24.05	26.25	0.00	0.00
FBC	69	24.75	24.80	24.23	26.22	0.00	0.00
FBC	70	24.88	24.86	24.12	26.13	0.00	0.00
FBC	71	24.73	24.84	24.20	26.23	0.00	0.00
FBC	72	24.79	24.92	24.24	26.06	0.00	0.00
FBC	73	24.68	24.98	24.21	26.14	0.00	0.00
FBC	74	24.62	24.93	24.24	26.21	0.00	0.00
FBC	75	24.56	25.08	24.35	26.01	0.00	0.00
FBC	76	24.43	25.40	24.42	25.75	0.04	0.00
# ACGT raw counters for first fragments. Use `grep ^FTC | cut -f 2-` to extract this part. The columns are: A,C,G,T,N base counters
FTC	5704365	5432927	5308037	5946580	1818
# ACGT content per cycle for last fragments. Use `grep ^LBC | cut -f 2-` to extract this part. The columns are: cycle; A,C,G,T base counts as a percentage of all A/C/G/T bases [%]; and N and O counts as a percentage of all A/C/G/T bases [%]
LBC	1	26.84	23.01	22.56	27.58	0.04	0.00
LBC	2	26.28	23.44	23.17	27.10	0.00	0.00
LBC	3	25.76	24.11	23.73	26.40	0.00	0.00
LBC	4	25.33	24.38	24.06	26.23	0.00	0.00
LBC	5	26.13	23.60	23.46	26.82	0.00	0.00
LBC	6	25.41	24.35	24.02	26.22	0.00	0.00
LBC	7	25.84	23.93	23.59	26.64	0.00	0.00
LBC	8	25.99	23.85	23.39	26.78	0.00	0.00
LBC	9	25.93	23.92	23.41	26.74	0.00	0.00
LBC	10	25.83	23.82	23.52	26.83	0.00	0.00
LBC	11	25.98	23.94	23.37	26.71	0.00	0.00
LBC	12	25.82	23.98	23.51	26.69	0.00	0.00
LBC	13	25.78	23.83	23.50	26.89	0.00	0.00
LBC	14	25.83	24.06	23.34	26.77	0.00	0.00
LBC	15	25.81	24.03	23.52	26.64	0.00	0.00
LBC	16	25.88	23.94	23.54	26.64	0.00	0.00
LBC	17	25.83	24.04	23.56	26.57	0.00	0.00
LBC	18	25.76	24.02	23.59	26.63	0.00	0.00
LBC	19	25.64	24.05	23.66	26.64	0.00	0.00
LBC	20	25.58	24.22	23.58	26.61	0.00	0.00
LBC	21	25.60	24.20	23.60	26.60	0.00	0.00
LBC	22	25.67	24.16	23.55	26.62	0.00	0.00
LBC	23	25.81	24.03	23.64	26.52	0.00	0.00
LBC	24	25.59	24.17	23.79	26.45	0.00	0.00
LBC	25	25.54	24.24	23.73	26.49	0.00	0.00
LBC	26	25.55	24.31	23.57	26.56	0.00	0.00
LBC	27	25.41	24.40	23.71	26.49	0.00	0.00
LBC	28	25.59	24.24	23.64	26.53	0.00	0.00
LBC	29	25.42	24.34	23.74	26.51	0.00	0.00
LBC	30	25.53	24.31	23.74	26.42	0.00	0.00
LBC	31	25.45	24.31	23.69	26.55	0.00	0.00
LBC	32	25.57	24.34	23.73	26.36	0.00	0.00
LBC	33	25.44	24.45	23.73	26.39	0.00	0.00
LBC	34	25.34	24.37	23.82	26.48	0.00	0.00
LBC	35	25.49	24.47	23.77	26.27	0.00	0.00
LBC	36	25.37	24.46	23.74	26.43	0.00	0.00
LBC	37	25.42	24.36	23.83	26.40	0.00	0.00
LBC	38	25.38	24.24	23.80	26.58	0.00	0.00
LBC	39	25.14	24.54	23.86	26.46	0.00	0.00
LBC	40	25.32	24.47	23.64	26.56	0.00	0.00
LBC	41	25.31	24.50	23.84	26.35	0.00	0.00
LBC	42	25.02	24.62	23.85	26.51	0.00	0.00
LBC	43	25.22	24.56	23.81	26.42	0.00	0.00
LBC	44	25.28	24.43	23.78	26.51	0.00	0.00
LBC	45	25.10	24.61	23.89	26.39	0.00	0.00
LBC	46	25.21	24.52	23.81	26.46	0.00	0.00
LBC	47	25.18	24.42	23.74	26.66	0.00	0.00
LBC	48	25.05	24.66	23.78	26.52	0.00	0.00
LBC	49	25.15	24.52	23.91	26.42	0.00	0.00
LBC	50	25.18	24.58	23.90	26.33	0.00	0.00
LBC	51	25.19	24.70	23.75	26.37	0.00	0.00
LBC	52	25.31	24.48	23.96	26.25	0.00	0.00
LBC	53	25.16	24.67	23.73	26.44	0.00	0.00
LBC	54	25.07	24.84	23.84	26.25	0.00	0.00
LBC	55	25.02	24.74	23.91	26.33	0.00	0.00
LBC	56	25.09	24.69	23.89	26.32	0.00	0.00
LBC	57	24.96	24.79	24.03	26.22	0.00	0.00
LBC	58	25.13	24.61	24.02	26.24	0.00	0.00
LBC	59	24.94	24.68	23.90	26.48	0.00	0.00
LBC	60	24.94	24.79	24.06	26.22	0.00	0.00
LBC	61	25.01	24.81	23.92	26.27	0.00	0.00
LBC	62	25.14	24.64	23.93	26.29	0.00	0.00
LBC	63	24.81	24.93	23.99	26.28	0.01	0.00
LBC	64	25.08	24.61	23.99	26.32	0.02	0.00
LBC	65	24.98	24.76	24.02	26.25	0.02	0.00
LBC	66	24.87	24.91	24.02	26.21	0.00	0.00
LBC	67	24.91	24.66	24.22	26.21	0.00	0.00
LBC	68	24.71	24.89	24.17	26.23	0.00	0.00
LBC	69	24.78	24.90	24.05	26.26	0.00	0.00
LBC	70	24.91	24.97	24.00	26.12	0.00	0.00
LBC	71	24.81	24.80	24.21	26.18	0.00	0.00
LBC	72	24.85	24.86	24.13	26.16	0.01	0.00
LBC	73	24.88	25.00	24.14	25.98	0.00	0.00
LBC	74	24.83	24.80	24.27	26.11	0.00	0.00
LBC	75	24.69	25.04	24.22	26.04	0.00	0.00
LBC	76	24.48	25.30	24.42	25.80	0.00	0.00
# ACGT raw counters for last fragments. Use `grep ^LTC | cut -f 2-` to extract this part. The columns are: A,C,G,T,N base counters
LTC	5678290	5466399	5325748	5923019	271
# Insert sizes. Use `grep ^IS | cut -f 2-` to extract this part. The columns are: insert size, pairs total, inward oriented pairs, outward oriented pairs, other pairs
IS	0	1	0	0	1
IS	1	0	0	0	0
IS	2	0	0	0	0
IS	3	0	0	0	0
IS	4	0	0	0	0
IS	5	0	0	0	0
IS	6	1	0	1	0
IS	7	0	0	0	0
IS	8	1	0	1	0
IS	9	0	0	0	0
IS	10	0	0	0	0
IS	11	0	0	0	0
IS	12	1	0	1	0
IS	13	0	0	0	0
IS	14	0	0	0	0
IS	15	0	0	0	0
IS	16	0	0	0	0
IS	17	0	0	0	0
IS	18	2	0	2	0
IS	19	0	0	0	0
IS	20	3	1	2	0
IS	21	0	0	0	0
IS	22	0	0	0	0
IS	23	0	0	0	0
IS	24	1	0	1	0
IS	25	0	0	0	0
IS	26	2	1	1	0
IS	27	1	0	1	0
IS	28	0	0	0	0
IS	29	0	0	0	0
IS	30	0	0	0	0
IS	31	3	0	3	0
IS	32	0	0	0	0
IS	33	2	2	0	0
IS	34	1	1	0	0
IS	35	0	0	0	0
IS	36	1	0	1	0
IS	37	1	1	0	0
IS	38	3	3	0	0
IS	39	1	1	0	0
IS	40	1	1	0	0
IS	41	3	2	1	0
IS	42	2	1	1	0
IS	43	1	0	1	0
IS	44	3	3	0	0
IS	45	0	0	0	0
IS	46	1	1	0	0
IS	47	1	1	0	0
IS	48	2	1	1	0
IS	49	2	1	1	0
IS	50	5	3	2	0
IS	51	2	1	1	0
IS	52	1	1	0	0
IS	53	0	0	0	0
IS	54	2	2	0	0
IS	55	2	0	2	0
IS	56	2	2	0	0
IS	57	2	1	1	0
IS	58	5	5	0	0
IS	59	8	7	1	0
IS	60	5	5	0	0
IS	61	6	6	0	0
IS	62	10	10	0	0
IS	63	16	16	0	0
IS	64	19	18	0	1
IS	65	11	11	0	0
IS	66	28	28	0	0
IS	67	49	46	3	0
IS	68	41	41	0	0
IS	69	46	46	0	0
IS	70	64	64	0	0
IS	71	75	74	1	0
IS	72	107	106	1	0
IS	73	131	131	0	0
IS	74	168	168	0	0
IS	75	185	183	2	0
IS	76	207	207	0	0
IS	77	218	218	0	0
IS	78	307	306	1	0
IS	79	328	328	0	0
IS	80	357	357	0	0
IS	81	387	386	0	1
IS	82	484	483	0	1
IS	83	533	533	0	0
IS	84	554	554	0	0
IS	85	611	611	0	0
IS	86	643	643	0	0
IS	87	654	654	0	0
IS	88	749	749	0	0
IS	89	821	821	0	0
IS	90	826	826	0	0
IS	91	890	890	0	0
IS	92	937	937	0	0
IS	93	923	923	0	0
IS	94	945	945	0	0
IS	95	1038	1037	0	1
IS	96	1022	1022	0	0
IS	97	1099	1099	0	0
IS	98	1053	1053	0	0
IS	99	1180	1180	0	0
IS	100	1186	1186	0	0
IS	101	1303	1303	0	0
IS	102	1293	1293	0	0
IS	103	1264	1264	0	0
IS	104	1323	1323	0	0
IS	105	1360	1360	0	0
IS	106	1409	1409	0	0
IS	107	1431	1431	0	0
IS	108	1416	1416	0	0
IS	109	1442	1442	0	0
IS	110	1495	1495	0	0
IS	111	1543	1543	0	0
IS	112	1501	1501	0	0
IS	113	1562	1562	0	0
IS	114	1501	1501	0	0
IS	115	1545	1545	0	0
IS	116	1565	1565	0	0
IS	117	1664	1664	0	0
IS	118	1679	1679	0	0
IS	119	1617	1617	0	0
IS	120	1740	1740	0	0
IS	121	1700	1700	0	0
IS	122	1734	1734	0	0
IS	123	1745	1745	0	0
IS	124	1759	1759	0	0
IS	125	1749	1749	0	0
IS	126	1763	1763	0	0
IS	127	1802	1802	0	0
IS	128	1799	1799	0	0
IS	129	1807	1807	0	0
IS	130	1817	1817	0	0
IS	131	1813	1813	0	0
IS	132	1856	1856	0	0
IS	133	1819	1819	0	0
IS	134	1882	1882	0	0
IS	135	1859	1859	0	0
IS	136	1805	1805	0	0
IS	137	1884	1884	0	0
IS	138	1990	1990	0	0
IS	139	1858	1858	0	0
IS	140	1874	1874	0	0
IS	141	1909	1909	0	0
IS	142	1949	1949	0	0
IS	143	1916	1916	0	0
IS	144	1906	1906	0	0
IS	145	1876	1876	0	0
IS	146	1929	1929	0	0
IS	147	1931	1931	0	0
IS	148	1897	1897	0	0
IS	149	1848	1848	0	0
IS	150	1958	1958	0	0
IS	151	1881	1881	0	0
IS	152	1902	1902	0	0
IS	153	1885	1885	0	0
IS	154	1924	1924	0	0
IS	155	1889	1889	0	0
IS	156	1927	1927	0	0
IS	157	1835	1835	0	0
IS	158	1878	1878	0	0
IS	159	1923	1923	0	0
IS	160	1881	1881	0	0
IS	161	1855	1855	0	0
IS	162	1896	1896	0	0
IS	163	1935	1935	0	0
IS	164	1917	1917	0	0
IS	165	1750	1750	0	0
IS	166	1857	1857	0	0
IS	167	1847	1847	0	0
IS	168	1847	1847	0	0
IS	169	1868	1868	0	0
IS	170	1791	1791	0	0
IS	171	1789	1788	0	1
IS	172	1809	1809	0	0
IS	173	1794	1794	0	0
IS	174	1711	1711	0	0
IS	175	1783	1783	0	0
IS	176	1769	1769	0	0
IS	177	1736	1736	0	0
IS	178	1798	1798	0	0
IS	179	1772	1772	0	0
IS	180	1686	1686	0	0
IS	181	1671	1670	1	0
IS	182	1654	1654	0	0
IS	183	1669	1669	0	0
IS	184	1629	1629	0	0
IS	185	1588	1588	0	0
IS	186	1627	1627	0	0
IS	187	1635	1635	0	0
IS	188	1629	1629	0	0
IS	189	1657	1657	0	0
IS	190	1545	1545	0	0
IS	191	1557	1557	0	0
IS	192	1536	1536	0	0
IS	193	1511	1511	0	0
IS	194	1510	1510	0	0
IS	195	1594	1594	0	0
IS	196	1505	1505	0	0
IS	197	1494	1494	0	0
IS	198	1492	1492	0	0
IS	199	1525	1525	0	0
IS	200	1475	1475	0	0
IS	201	1493	1493	0	0
IS	202	1378	1378	0	0
IS	203	1419	1419	0	0
IS	204	1402	1402	0	0
IS	205	1387	1387	0	0
IS	206	1332	1332	0	0
IS	207	1390	1390	0	0
IS	208	1333	1333	0	0
IS	209	1407	1407	0	0
IS	210	1354	1354	0	0
IS	211	1319	1319	0	0
IS	212	1253	1253	0	0
IS	213	1266	1266	0	0
IS	214	1257	1257	0	0
IS	215	1244	1244	0	0
IS	216	1222	1222	0	0
IS	217	1207	1207	0	0
IS	218	1213	1213	0	0
IS	219	1170	1170	0	0
IS	220	1196	1196	0	0
IS	221	1144	1144	0	0
IS	222	1150	1150	0	0
IS	223	1090	1090	0	0
IS	224	1106	1106	0	0
IS	225	1159	1159	0	0
IS	226	1079	1079	0	0
IS	227	1048	1048	0	0
IS	228	1027	1027	0	0
IS	229	1062	1062	0	0
IS	230	1079	1079	0	0
IS	231	991	991	0	0
IS	232	999	999	0	0
IS	233	984	984	0	0
IS	234	1012	1012	0	0
IS	235	964	964	0	0
IS	236	931	931	0	0
IS	237	987	987	0	0
IS	238	910	910	0	0
IS	239	936	936	0	0
IS	240	904	904	0	0
IS	241	942	942	0	0
IS	242	830	830	0	0
IS	243	876	876	0	0
IS	244	905	905	0	0
IS	245	864	864	0	0
IS	246	860	860	0	0
IS	247	799	799	0	0
IS	248	822	822	0	0
IS	249	804	804	0	0
IS	250	787	787	0	0
IS	251	728	728	0	0
IS	252	790	790	0	0
IS	253	817	817	0	0
IS	254	744	744	0	0
IS	255	746	746	0	0
IS	256	737	737	0	0
IS	257	676	676	0	0
IS	258	733	733	0	0
IS	259	664	664	0	0
IS	260	666	666	0	0
IS	261	665	665	0	0
IS	262	638	638	0	0
IS	263	620	620	0	0
IS	264	637	637	0	0
IS	265	607	607	0	0
IS	266	640	640	0	0
IS	267	605	605	0	0
IS	268	587	587	0	0
IS	269	580	580	0	0
IS	270	613	613	0	0
IS	271	625	625	0	0
IS	272	540	540	0	0
IS	273	592	592	0	0
IS	274	545	545	0	0
IS	275	537	537	0	0
IS	276	462	462	0	0
IS	277	543	543	0	0
IS	278	506	506	0	0
IS	279	480	480	0	0
IS	280	518	518	0	0
IS	281	429	429	0	0
IS	282	487	487	0	0
IS	283	446	446	0	0
IS	284	458	458	0	0
IS	285	454	454	0	0
IS	286	467	467	0	0
IS	287	393	393	0	0
IS	288	452	452	0	0
IS	289	373	373	0	0
IS	290	433	433	0	0
IS	291	392	392	0	0
IS	292	394	394	0	0
IS	293	422	422	0	0
IS	294	362	362	0	0
IS	295	389	389	0	0
IS	296	375	375	0	0
IS	297	386	385	1	0
IS	298	379	379	0	0
IS	299	366	366	0	0
IS	300	333	333	0	0
IS	301	359	359	0	0
IS	302	347	347	0	0
IS	303	323	323	0	0
IS	304	331	331	0	0
IS	305	324	324	0	0
IS	306	352	352	0	0
IS	307	309	309	0	0
IS	308	308	308	0	0
IS	309	342	342	0	0
IS	310	286	286	0	0
IS	311	271	271	0	0
IS	312	283	283	0	0
IS	313	283	283	0	0
IS	314	274	274	0	0
IS	315	323	323	0	0
IS	316	293	293	0	0
IS	317	259	259	0	0
IS	318	250	250	0	0
IS	319	249	249	0	0
IS	320	257	257	0	0
IS	321	236	236	0	0
IS	322	244	244	0	0
IS	323	255	255	0	0
IS	324	233	233	0	0
IS	325	233	233	0	0
IS	326	210	210	0	0
IS	327	226	226	0	0
IS	328	240	240	0	0
IS	329	208	208	0	0
IS	330	218	218	0	0
IS	331	226	226	0	0
IS	332	201	201	0	0
IS	333	201	201	0	0
IS	334	215	215	0	0
IS	335	199	199	0	0
IS	336	189	189	0	0
IS	337	174	174	0	0
IS	338	172	172	0	0
IS	339	170	170	0	0
IS	340	164	164	0	0
IS	341	184	184	0	0
IS	342	175	175	0	0
IS	343	178	178	0	0
IS	344	162	162	0	0
IS	345	150	150	0	0
IS	346	155	155	0	0
IS	347	159	159	0	0
IS	348	163	163	0	0
IS	349	156	156	0	0
IS	350	139	139	0	0
IS	351	138	138	0	0
IS	352	131	131	0	0
IS	353	142	142	0	0
IS	354	131	131	0	0
IS	355	143	143	0	0
IS	356	132	132	0	0
IS	357	127	127	0	0
IS	358	119	119	0	0
IS	359	121	121	0	0
IS	360	112	112	0	0
IS	361	137	137	0	0
IS	362	121	121	0	0
IS	363	103	103	0	0
IS	364	112	112	0	0
IS	365	114	114	0	0
IS	366	100	100	0	0
IS	367	112	112	0	0
IS	368	104	104	0	0
IS	369	101	101	0	0
IS	370	100	100	0	0
IS	371	110	110	0	0
IS	372	94	94	0	0
IS	373	98	98	0	0
IS	374	90	90	0	0
IS	375	99	99	0	0
IS	376	86	86	0	0
IS	377	100	100	0	0
IS	378	93	93	0	0
IS	379	77	77	0	0
IS	380	81	81	0	0
IS	381	97	97	0	0
IS	382	100	100	0	0
IS	383	95	95	0	0
IS	384	93	93	0	0
IS	385	83	83	0	0
IS	386	83	83	0	0
IS	387	81	81	0	0
IS	388	87	87	0	0
IS	389	78	78	0	0
IS	390	70	70	0	0
IS	391	84	84	0	0
IS	392	79	79	0	0
IS	393	66	66	0	0
IS	394	68	68	0	0
IS	395	66	66	0	0
IS	396	65	65	0	0
IS	397	57	57	0	0
IS	398	65	65	0	0
IS	399	69	69	0	0
IS	400	51	51	0	0
IS	401	51	51	0	0
IS	402	59	59	0	0
IS	403	53	53	0	0
IS	404	69	69	0	0
IS	405	68	68	0	0
IS	406	54	54	0	0
IS	407	69	69	0	0
IS	408	59	59	0	0
IS	409	58	58	0	0
IS	410	44	44	0	0
IS	411	49	49	0	0
IS	412	48	48	0	0
IS	413	53	53	0	0
IS	414	35	35	0	0
IS	415	59	59	0	0
IS	416	47	47	0	0
IS	417	41	41	0	0
IS	418	51	51	0	0
IS	419	29	29	0	0
IS	420	50	50	0	0
IS	421	60	60	0	0
IS	422	36	36	0	0
IS	423	48	48	0	0
IS	424	28	28	0	0
IS	425	51	51	0	0
IS	426	45	45	0	0
# Read lengths. Use `grep ^RL | cut -f 2-` to extract this part. The columns are: read length, count
RL	31	24
RL	32	32
RL	33	34
RL	34	24
RL	35	22
RL	36	30
RL	37	22
RL	38	30
RL	39	24
RL	40	18
RL	41	24
RL	42	16
RL	43	12
RL	44	28
RL	45	24
RL	46	10
RL	47	10
RL	48	14
RL	49	10
RL	50	30
RL	51	8
RL	52	24
RL	53	4
RL	54	8
RL	55	28
RL	56	28
RL	57	20
RL	58	16
RL	59	20
RL	60	16
RL	61	28
RL	62	32
RL	63	42
RL	64	40
RL	65	36
RL	66	54
RL	67	102
RL	68	102
RL	69	110
RL	70	134
RL	71	150
RL	72	216
RL	73	270
RL	74	350
RL	75	374
RL	76	587042
# Read lengths - first fragments. Use `grep ^FRL | cut -f 2-` to extract this part. The columns are: read length, count
FRL	31	12
FRL	32	16
FRL	33	17
FRL	34	12
FRL	35	11
FRL	36	15
FRL	37	11
FRL	38	15
FRL	39	12
FRL	40	9
FRL	41	12
FRL	42	8
FRL	43	6
FRL	44	14
FRL	45	12
FRL	46	5
FRL	47	5
FRL	48	7
FRL	49	5
FRL	50	15
FRL	51	4
FRL	52	12
FRL	53	2
FRL	54	4
FRL	55	14
FRL	56	14
FRL	57	10
FRL	58	8
FRL	59	10
FRL	60	8
FRL	61	14
FRL	62	16
FRL	63	21
FRL	64	20
FRL	65	18
FRL	66	27
FRL	67	51
FRL	68	51
FRL	69	55
FRL	70	67
FRL	71	75
FRL	72	108
FRL	73	135
FRL	74	175
FRL	75	187
FRL	76	293521
# Read lengths - last fragments. Use `grep ^LRL | cut -f 2-` to extract this part. The columns are: read length, count
LRL	31	12
LRL	32	16
LRL	33	17
LRL	34	12
LRL	35	11
LRL	36	15
LRL	37	11
LRL	38	15
LRL	39	12
LRL	40	9
LRL	41	12
LRL	42	8
LRL	43	6
LRL	44	14
LRL	45	12
LRL	46	5
LRL	47	5
LRL	48	7
LRL	49	5
LRL	50	15
LRL	51	4
LRL	52	12
LRL	53	2
LRL	54	4
LRL	55	14
LRL	56	14
LRL	57	10
LRL	58	8
LRL	59	10
LRL	60	8
LRL	61	14
LRL	62	16
LRL	63	21
LRL	64	20
LRL	65	18
LRL	66	27
LRL	67	51
LRL	68	51
LRL	69	55
LRL	70	67
LRL	71	75
LRL	72	108
LRL	73	135
LRL	74	175
LRL	75	187
LRL	76	293521
# Mapping qualities for reads !(UNMAP|SECOND|SUPPL|QCFAIL|DUP). Use `grep ^MAPQ | cut -f 2-` to extract this part. The columns are: mapq, count
MAPQ	0	55511
MAPQ	1	139
MAPQ	2	41
MAPQ	3	242
MAPQ	4	85
MAPQ	5	69
MAPQ	6	99
MAPQ	7	121
MAPQ	8	95
MAPQ	9	271
MAPQ	10	99
MAPQ	11	169
MAPQ	12	100
MAPQ	13	129
MAPQ	14	61
MAPQ	15	220
MAPQ	16	133
MAPQ	17	149
MAPQ	18	112
MAPQ	19	224
MAPQ	20	464
MAPQ	21	525
MAPQ	22	547
MAPQ	23	576
MAPQ	24	793
MAPQ	25	1344
MAPQ	26	47
MAPQ	27	3754
MAPQ	28	49
MAPQ	29	93
MAPQ	30	79
MAPQ	31	106
MAPQ	32	34
MAPQ	33	246
MAPQ	34	61
MAPQ	35	72
MAPQ	36	79
MAPQ	37	133
MAPQ	38	32
MAPQ	39	294
MAPQ	40	5399
MAPQ	41	137
MAPQ	42	122
MAPQ	43	322
MAPQ	44	208
MAPQ	45	420
MAPQ	46	454
MAPQ	47	383
MAPQ	48	624
MAPQ	49	1376
MAPQ	50	251
MAPQ	51	4630
MAPQ	52	218
MAPQ	53	157
MAPQ	54	546
MAPQ	55	278
MAPQ	56	101
MAPQ	57	980
MAPQ	58	48
MAPQ	59	37
MAPQ	60	505537
# Indel distribution. Use `grep ^ID | cut -f 2-` to extract this part. The columns are: length, number of insertions, number of deletions
ID	1	1054	1068
ID	2	176	279
ID	3	80	131
ID	4	69	115
ID	5	20	23
ID	6	11	27
ID	7	3	8
ID	8	6	8
ID	9	6	8
ID	10	3	4
ID	11	1	5
ID	12	1	4
ID	13	0	3
ID	14	1	5
ID	15	2	7
ID	16	0	4
ID	17	0	2
ID	18	0	1
ID	19	0	1
ID	20	0	1
ID	22	0	1
ID	25	0	1
# Indels per cycle. Use `grep ^IC | cut -f 2-` to extract this part. The columns are: cycle, number of insertions (fwd), .. (rev) , number of deletions (fwd), .. (rev)
IC	3	0	0	9	1
IC	4	3	2	3	7
IC	5	4	1	4	3
IC	6	8	6	7	7
IC	7	5	7	8	13
IC	8	6	8	8	9
IC	9	3	10	11	13
IC	10	10	7	13	13
IC	11	7	7	10	12
IC	12	8	10	8	12
IC	13	5	3	15	15
IC	14	9	11	13	19
IC	15	6	4	7	16
IC	16	4	7	14	13
IC	17	5	7	11	8
IC	18	3	6	19	13
IC	19	8	8	9	13
IC	20	8	4	12	11
IC	21	17	5	9	13
IC	22	8	10	12	13
IC	23	10	6	11	12
IC	24	10	8	16	10
IC	25	8	6	19	14
IC	26	7	11	14	13
IC	27	10	8	14	12
IC	28	12	6	12	18
IC	29	9	3	18	10
IC	30	6	10	15	8
IC	31	8	9	13	8
IC	32	11	11	9	15
IC	33	13	7	7	12
IC	34	11	4	9	7
IC	35	9	14	20	15
IC	36	8	15	10	18
IC	37	13	9	17	20
IC	38	4	8	16	6
IC	39	7	12	15	12
IC	40	7	7	16	14
IC	41	6	13	19	11
IC	42	7	5	9	15
IC	43	9	7	10	12
IC	44	7	8	10	16
IC	45	8	5	10	11
IC	46	6	4	10	12
IC	47	7	10	18	13
IC	48	12	13	11	10
IC	49	12	7	10	10
IC	50	9	3	16	9
IC	51	9	9	8	13
IC	52	6	9	9	16
IC	53	12	6	14	17
IC	54	11	8	11	10
IC	55	14	9	16	14
IC	56	8	7	13	10
IC	57	6	7	11	17
IC	58	10	7	12	16
IC	59	8	6	13	11
IC	60	9	12	9	6
IC	61	16	8	11	15
IC	62	6	7	18	7
IC	63	11	12	15	12
IC	64	8	8	7	13
IC	65	23	7	13	8
IC	66	22	12	11	6
IC	67	16	16	13	6
IC	68	12	12	7	11
IC	69	23	13	9	8
IC	70	29	11	13	17
IC	71	42	27	12	11
IC	72	61	31	19	19
IC	73	59	43	14	22
# Coverage distribution. Use `grep ^COV | cut -f 2-` to extract this part.
COV	[1-1]	1	19412138
COV	[2-2]	2	6150940
COV	[3-3]	3	2083427
COV	[4-4]	4	792815
COV	[5-5]	5	315123
COV	[6-6]	6	135711
COV	[7-7]	7	61952
COV	[8-8]	8	29220
COV	[9-9]	9	14949
COV	[10-10]	10	8298
COV	[11-11]	11	4846
COV	[12-12]	12	3207
COV	[13-13]	13	2121
COV	[14-14]	14	1472
COV	[15-15]	15	1008
COV	[16-16]	16	777
COV	[17-17]	17	568
COV	[18-18]	18	415
COV	[19-19]	19	301
COV	[20-20]	20	267
COV	[21-21]	21	185
COV	[22-22]	22	109
COV	[23-23]	23	84
COV	[24-24]	24	63
COV	[25-25]	25	16
COV	[26-26]	26	22
COV	[27-27]	27	22
COV	[28-28]	28	13
COV	[29-29]	29	13
COV	[30-30]	30	7
COV	[31-31]	31	15
COV	[32-32]	32	10
COV	[33-33]	33	7
COV	[34-34]	34	5
COV	[35-35]	35	4
COV	[36-36]	36	7
COV	[37-37]	37	5
COV	[38-38]	38	10
COV	[39-39]	39	7
COV	[40-40]	40	2
COV	[41-41]	41	10
COV	[42-42]	42	10
COV	[43-43]	43	8
COV	[44-44]	44	9
COV	[45-45]	45	18
COV	[46-46]	46	9
COV	[47-47]	47	12
COV	[48-48]	48	7
COV	[49-49]	49	4
COV	[50-50]	50	5
COV	[51-51]	51	7
COV	[52-52]	52	5
COV	[53-53]	53	5
COV	[54-54]	54	7
COV	[55-55]	55	9
COV	[56-56]	56	7
COV	[58-58]	58	2
COV	[59-59]	59	2
COV	[60-60]	60	3
COV	[61-61]	61	1
COV	[62-62]	62	1
COV	[63-63]	63	1
COV	[64-64]	64	1
COV	[66-66]	66	1
COV	[68-68]	68	1
COV	[71-71]	71	1
COV	[72-72]	72	1
COV	[75-75]	75	1
COV	[77-77]	77	1
COV	[78-78]	78	3
COV	[79-79]	79	11
COV	[80-80]	80	11
COV	[81-81]	81	10
COV	[82-82]	82	3
COV	[84-84]	84	1
COV	[85-85]	85	1
COV	[86-86]	86	1
COV	[87-87]	87	7
COV	[88-88]	88	7
COV	[89-89]	89	7
COV	[90-90]	90	5
COV	[91-91]	91	4
COV	[92-92]	92	1
# GC-depth. Use `grep ^GCD | cut -f 2-` to extract this part. The columns are: GC%, unique sequence percentiles, 10th, 25th, 50th, 75th and 90th depth percentile
GCD	0.0	0.075	0.004	0.004	0.004	0.004	0.004
GCD	2.2	0.077	0.015	0.015	0.015	0.015	0.015
GCD	16.0	0.080	0.004	0.004	0.004	0.004	0.004
GCD	17.0	0.082	0.004	0.004	0.004	0.004	0.004
GCD	18.0	0.084	0.004	0.004	0.004	0.004	0.004
GCD	20.0	0.101	0.004	0.008	0.008	0.008	0.015
GCD	21.0	0.121	0.004	0.008	0.008	0.008	0.011
GCD	22.0	0.135	0.004	0.007	0.008	0.009	0.015
GCD	23.0	0.157	0.008	0.008	0.008	0.008	0.011
GCD	24.0	0.219	0.004	0.004	0.008	0.008	0.008
GCD	25.0	0.294	0.004	0.004	0.008	0.008	0.021
GCD	26.0	0.432	0.004	0.008	0.008	0.008	0.015
GCD	27.0	0.526	0.008	0.008	0.008	0.008	0.023
GCD	28.0	0.762	0.008	0.008	0.008	0.008	0.015
GCD	29.0	0.977	0.008	0.008	0.008	0.015	0.023
GCD	30.0	1.442	0.008	0.008	0.008	0.015	0.030
GCD	31.0	1.980	0.008	0.008	0.015	0.030	0.048
GCD	32.0	3.009	0.008	0.008	0.015	0.023	0.046
GCD	33.0	4.008	0.008	0.008	0.023	0.046	0.076
GCD	34.0	5.891	0.008	0.008	0.015	0.038	0.068
GCD	35.0	7.733	0.008	0.015	0.030	0.053	0.084
GCD	36.0	10.899	0.008	0.008	0.030	0.053	0.091
GCD	37.0	14.025	0.008	0.015	0.038	0.068	0.106
GCD	38.0	18.257	0.008	0.015	0.030	0.061	0.099
GCD	39.0	22.573	0.008	0.011	0.030	0.068	0.106
GCD	40.0	26.639	0.008	0.023	0.044	0.076	0.114
GCD	41.0	31.442	0.008	0.015	0.032	0.068	0.114
GCD	42.0	35.457	0.008	0.015	0.046	0.076	0.122
GCD	43.0	40.075	0.008	0.015	0.034	0.068	0.114
GCD	44.0	43.786	0.008	0.023	0.046	0.084	0.137
GCD	45.0	48.276	0.008	0.015	0.030	0.068	0.122
GCD	46.0	52.006	0.008	0.023	0.042	0.084	0.137
GCD	47.0	55.884	0.008	0.008	0.030	0.071	0.122
GCD	48.0	59.134	0.008	0.015	0.038	0.076	0.129
GCD	49.0	62.638	0.008	0.008	0.030	0.076	0.129
GCD	50.0	65.727	0.008	0.015	0.038	0.080	0.129
GCD	51.0	68.987	0.008	0.008	0.038	0.076	0.137
GCD	52.0	71.784	0.008	0.023	0.046	0.091	0.159
GCD	53.0	74.659	0.008	0.008	0.038	0.076	0.137
GCD	54.0	77.345	0.008	0.015	0.046	0.091	0.152
GCD	55.0	80.330	0.008	0.015	0.038	0.084	0.144
GCD	56.0	82.809	0.008	0.023	0.053	0.099	0.167
GCD	57.0	85.399	0.008	0.015	0.038	0.084	0.144
GCD	58.0	87.659	0.008	0.023	0.053	0.106	0.167
GCD	59.0	90.157	0.008	0.015	0.046	0.091	0.152
GCD	60.0	92.023	0.008	0.023	0.053	0.099	0.159
GCD	61.0	94.054	0.008	0.015	0.030	0.076	0.142
GCD	62.0	95.710	0.008	0.015	0.038	0.076	0.137
GCD	63.0	96.860	0.008	0.021	0.046	0.084	0.137
GCD	64.0	97.808	0.008	0.008	0.023	0.053	0.099
GCD	65.0	98.343	0.008	0.015	0.027	0.053	0.076
GCD	66.0	98.896	0.008	0.008	0.019	0.038	0.068
GCD	67.0	99.168	0.008	0.008	0.015	0.038	0.076
GCD	68.0	99.438	0.008	0.008	0.008	0.023	0.046
GCD	69.0	99.556	0.008	0.008	0.008	0.015	0.027
GCD	70.0	99.694	0.008	0.008	0.008	0.015	0.023
GCD	71.0	99.747	0.008	0.008	0.008	0.012	0.023
GCD	72.0	99.838	0.008	0.008	0.008	0.008	0.015
GCD	73.0	99.877	0.008	0.008	0.008	0.013	0.017
GCD	74.0	99.932	0.008	0.008	0.008	0.008	0.012
GCD	75.0	99.945	0.008	0.008	0.008	0.011	0.015
GCD	76.0	99.976	0.005	0.008	0.008	0.008	0.012
GCD	77.0	99.988	0.008	0.008	0.008	0.008	0.008
GCD	78.0	99.995	0.008	0.008	0.008	0.008	0.008
GCD	79.0	99.998	0.004	0.004	0.004	0.004	0.004
GCD	80.0	100.000	0.008	0.008	0.008	0.008	0.008
