chr1	248956422	10383824	5595
chr10	133797422	4842051	2635
chr11	135086622	5343423	3009
chr11_KI270721v1_random	100316	752	1
chr12	133275309	5521635	2945
chr13	114364328	2339717	1363
chr14	107043718	3023745	1706
chr14_GL000009v2_random	201709	8954	5
chr14_GL000225v1_random	211173	7670	32
chr14_KI270722v1_random	194050	1607	1
chr14_GL000194v1_random	191469	4553	3
chr14_KI270723v1_random	38115	1107	2
chr14_KI270724v1_random	39555	1290	2
chr14_KI270725v1_random	172810	1431	0
chr14_KI270726v1_random	43739	19	0
chr15	101991189	3214209	1814
chr15_KI270727v1_random	448248	20035	10
chr16	90338345	3109531	1719
chr16_KI270728v1_random	1872759	31161	10
chr17	83257441	4640721	2533
chr17_GL000205v2_random	185591	12467	12
chr17_KI270729v1_random	280839	5266	18
chr17_KI270730v1_random	112551	1266	5
chr18	80373285	1737693	1062
chr19	58617616	3847688	2044
chr1_KI270706v1_random	175055	8188	6
chr1_KI270707v1_random	32032	181	0
chr1_KI270708v1_random	127682	611	1
chr1_KI270709v1_random	66860	2132	4
chr1_KI270710v1_random	40176	225	2
chr1_KI270711v1_random	42210	19654	12
chr1_KI270712v1_random	176043	2622	0
chr1_KI270713v1_random	40745	3697	4
chr1_KI270714v1_random	41717	3622	2
chr2	242193529	7011193	3940
chr20	64444167	2430364	1375
chr21	46709983	1120623	717
chr22	50818468	1675173	976
chr22_KI270731v1_random	150754	3294	2
chr22_KI270732v1_random	41543	474	2
chr22_KI270733v1_random	179772	9670	13
chr22_KI270734v1_random	165050	5779	6
chr22_KI270735v1_random	42811	859	1
chr22_KI270736v1_random	181920	2233	16
chr22_KI270737v1_random	103838	700	3
chr22_KI270738v1_random	99375	351	1
chr22_KI270739v1_random	73985	87	0
chr2_KI270715v1_random	161471	323	0
chr2_KI270716v1_random	153799	330	1
chr3	198295559	5766249	3231
chr3_GL000221v1_random	155397	11869	7
chr4	190214555	4267259	2578
chr4_GL000008v2_random	209709	8381	8
chr5	181538259	4619362	2859
chr5_GL000208v1_random	92689	283	1
chr6	170805979	5127660	2874
chr7	159345973	4943030	2872
chr8	145138636	3512111	2067
chr9	138394717	4437387	2453
chr9_KI270717v1_random	40062	180	1
chr9_KI270718v1_random	38054	2326	1
chr9_KI270719v1_random	176845	2213	1
chr9_KI270720v1_random	39050	3157	1
chr1_KI270762v1_alt	354444	6329	3
chr1_KI270766v1_alt	256271	16951	6
chr1_KI270760v1_alt	109528	485	0
chr1_KI270765v1_alt	185285	2024	3
chr1_GL383518v1_alt	182439	13988	4
chr1_GL383519v1_alt	110268	12853	8
chr1_GL383520v2_alt	366580	6341	4
chr1_KI270764v1_alt	50258	186	0
chr1_KI270763v1_alt	911658	11015	4
chr1_KI270759v1_alt	425601	1417	0
chr1_KI270761v1_alt	165834	7482	4
chr2_KI270770v1_alt	136240	459	0
chr2_KI270773v1_alt	70887	216	1
chr2_KI270774v1_alt	223625	3296	1
chr2_KI270769v1_alt	120616	2651	0
chr2_GL383521v1_alt	143390	355	0
chr2_KI270772v1_alt	133041	1072	0
chr2_KI270775v1_alt	138019	280	2
chr2_KI270771v1_alt	110395	228	1
chr2_KI270768v1_alt	110099	1454	1
chr2_GL582966v2_alt	96131	359	0
chr2_GL383522v1_alt	123821	3373	2
chr2_KI270776v1_alt	174166	1216	2
chr2_KI270767v1_alt	161578	781	1
chr3_JH636055v2_alt	173151	5055	2
chr3_KI270783v1_alt	109187	302	0
chr3_KI270780v1_alt	224108	1500	0
chr3_GL383526v1_alt	180671	2267	2
chr3_KI270777v1_alt	173649	1529	2
chr3_KI270778v1_alt	248252	384	0
chr3_KI270781v1_alt	113034	420	0
chr3_KI270779v1_alt	205312	3418	4
chr3_KI270782v1_alt	162429	2255	1
chr3_KI270784v1_alt	184404	2719	3
chr4_KI270790v1_alt	220246	431	1
chr4_GL383528v1_alt	376187	655	0
chr4_KI270787v1_alt	111943	263	0
chr4_GL000257v2_alt	586476	21436	16
chr4_KI270788v1_alt	158965	327	0
chr4_GL383527v1_alt	164536	6929	3
chr4_KI270785v1_alt	119912	249	0
chr4_KI270789v1_alt	205944	1253	2
chr4_KI270786v1_alt	244096	412	0
chr5_KI270793v1_alt	126136	1165	0
chr5_KI270792v1_alt	179043	3777	2
chr5_KI270791v1_alt	195710	8129	7
chr5_GL383532v1_alt	82728	180	1
chr5_GL949742v1_alt	226852	449	1
chr5_KI270794v1_alt	164558	2397	5
chr5_GL339449v2_alt	1612928	42114	17
chr5_GL383530v1_alt	101241	282	0
chr5_KI270796v1_alt	172708	399	1
chr5_GL383531v1_alt	173459	417	1
chr5_KI270795v1_alt	131892	1758	0
chr6_GL000250v2_alt	4672374	32157	18
chr6_KI270800v1_alt	175808	981	1
chr6_KI270799v1_alt	152148	217	0
chr6_GL383533v1_alt	124736	1375	1
chr6_KI270801v1_alt	870480	13629	4
chr6_KI270802v1_alt	75005	231	0
chr6_KB021644v2_alt	185823	553	1
chr6_KI270797v1_alt	197536	7677	2
chr6_KI270798v1_alt	271782	5978	5
chr7_KI270804v1_alt	157952	466	1
chr7_KI270809v1_alt	209586	10076	4
chr7_KI270806v1_alt	158166	5920	2
chr7_GL383534v2_alt	119183	3551	1
chr7_KI270803v1_alt	1111570	21610	12
chr7_KI270808v1_alt	271455	2543	1
chr7_KI270807v1_alt	126434	549	0
chr7_KI270805v1_alt	209988	1000	1
chr8_KI270818v1_alt	145606	586	1
chr8_KI270812v1_alt	282736	1099	0
chr8_KI270811v1_alt	292436	994	3
chr8_KI270821v1_alt	985506	18101	13
chr8_KI270813v1_alt	300230	13490	7
chr8_KI270822v1_alt	624492	12762	3
chr8_KI270814v1_alt	141812	750	2
chr8_KI270810v1_alt	374415	841	1
chr8_KI270819v1_alt	133535	1468	0
chr8_KI270820v1_alt	36640	273	0
chr8_KI270817v1_alt	158983	2035	0
chr8_KI270816v1_alt	305841	8184	1
chr8_KI270815v1_alt	132244	664	1
chr9_GL383539v1_alt	162988	1219	0
chr9_GL383540v1_alt	71551	3756	0
chr9_GL383541v1_alt	171286	3484	1
chr9_GL383542v1_alt	60032	1364	0
chr9_KI270823v1_alt	439082	5325	4
chr10_GL383545v1_alt	179254	2394	3
chr10_KI270824v1_alt	181496	1623	2
chr10_GL383546v1_alt	309802	5447	5
chr10_KI270825v1_alt	188315	7810	3
chr11_KI270832v1_alt	210133	9463	3
chr11_KI270830v1_alt	177092	1404	0
chr11_KI270831v1_alt	296895	9296	8
chr11_KI270829v1_alt	204059	6154	3
chr11_GL383547v1_alt	154407	298	0
chr11_JH159136v1_alt	200998	10089	10
chr11_JH159137v1_alt	191409	3913	3
chr11_KI270827v1_alt	67707	286	1
chr11_KI270826v1_alt	186169	671	0
chr12_GL877875v1_alt	167313	3480	2
chr12_GL877876v1_alt	408271	7948	8
chr12_KI270837v1_alt	40090	1618	1
chr12_GL383549v1_alt	120804	296	0
chr12_KI270835v1_alt	238139	2690	0
chr12_GL383550v2_alt	169178	1471	0
chr12_GL383552v1_alt	138655	1210	1
chr12_GL383553v2_alt	152874	5896	6
chr12_KI270834v1_alt	119498	1663	3
chr12_GL383551v1_alt	184319	511	0
chr12_KI270833v1_alt	76061	5155	1
chr12_KI270836v1_alt	56134	132	0
chr13_KI270840v1_alt	191684	4569	2
chr13_KI270839v1_alt	180306	615	1
chr13_KI270843v1_alt	103832	165	0
chr13_KI270841v1_alt	169134	312	0
chr13_KI270838v1_alt	306913	4457	2
chr13_KI270842v1_alt	37287	114	0
chr14_KI270844v1_alt	322166	11712	8
chr14_KI270847v1_alt	1511111	51012	31
chr14_KI270845v1_alt	180703	1030	0
chr14_KI270846v1_alt	1351393	4080	5
chr15_KI270852v1_alt	478999	20198	8
chr15_KI270851v1_alt	263054	20262	12
chr15_KI270848v1_alt	327382	12442	4
chr15_GL383554v1_alt	296527	8292	6
chr15_KI270849v1_alt	244917	5505	3
chr15_GL383555v2_alt	388773	4325	2
chr15_KI270850v1_alt	430880	11176	6
chr16_KI270854v1_alt	134193	2758	2
chr16_KI270856v1_alt	63982	188	0
chr16_KI270855v1_alt	232857	8936	9
chr16_KI270853v1_alt	2659700	87079	47
chr16_GL383556v1_alt	192462	8050	5
chr16_GL383557v1_alt	89672	3930	0
chr17_GL383563v3_alt	375691	1721	1
chr17_KI270862v1_alt	391357	9987	6
chr17_KI270861v1_alt	196688	15378	9
chr17_KI270857v1_alt	2877074	119293	67
chr17_JH159146v1_alt	278131	15046	6
chr17_JH159147v1_alt	70345	3208	2
chr17_GL383564v2_alt	133151	12123	8
chr17_GL000258v2_alt	1821992	28716	30
chr17_GL383565v1_alt	223995	444	1
chr17_KI270858v1_alt	235827	711	1
chr17_KI270859v1_alt	108763	617	0
chr17_GL383566v1_alt	90219	301	0
chr17_KI270860v1_alt	178921	2073	1
chr18_KI270864v1_alt	111737	186	1
chr18_GL383567v1_alt	289831	2433	2
chr18_GL383570v1_alt	164789	388	0
chr18_GL383571v1_alt	198278	2471	2
chr18_GL383568v1_alt	104552	255	0
chr18_GL383569v1_alt	167950	458	0
chr18_GL383572v1_alt	159547	605	0
chr18_KI270863v1_alt	167999	2317	1
chr19_KI270868v1_alt	61734	1287	1
chr19_KI270865v1_alt	52969	206	0
chr19_GL383573v1_alt	385657	4684	3
chr19_GL383575v2_alt	170222	2701	0
chr19_GL383576v1_alt	188024	2263	2
chr19_GL383574v1_alt	155864	4138	2
chr19_KI270866v1_alt	43156	2583	2
chr19_KI270867v1_alt	233762	5808	4
chr19_GL949746v1_alt	987716	21823	9
chr20_GL383577v2_alt	128386	467	2
chr20_KI270869v1_alt	118774	4663	4
chr20_KI270871v1_alt	58661	1794	1
chr20_KI270870v1_alt	183433	6751	2
chr21_GL383578v2_alt	63917	179	0
chr21_KI270874v1_alt	166743	420	0
chr21_KI270873v1_alt	143900	1289	0
chr21_GL383579v2_alt	201197	355	0
chr21_GL383580v2_alt	74653	716	1
chr21_GL383581v2_alt	116689	7219	4
chr21_KI270872v1_alt	82692	3292	1
chr22_KI270875v1_alt	259914	5151	4
chr22_KI270878v1_alt	186262	2909	3
chr22_KI270879v1_alt	304135	12421	6
chr22_KI270876v1_alt	263666	6029	2
chr22_KI270877v1_alt	101331	3084	2
chr22_GL383583v2_alt	96924	2433	1
chr22_GL383582v2_alt	162811	5588	2
chrX_KI270880v1_alt	284869	534	2
chrX_KI270881v1_alt	144206	2449	2
chr19_KI270882v1_alt	248807	1365	0
chr19_KI270883v1_alt	170399	3197	1
chr19_KI270884v1_alt	157053	1160	0
chr19_KI270885v1_alt	171027	4145	3
chr19_KI270886v1_alt	204239	1320	1
chr19_KI270887v1_alt	209512	3242	1
chr19_KI270888v1_alt	155532	2560	1
chr19_KI270889v1_alt	170698	4016	1
chr19_KI270890v1_alt	184499	983	3
chr19_KI270891v1_alt	170680	3646	4
chr1_KI270892v1_alt	162212	7457	6
chr2_KI270894v1_alt	214158	1495	2
chr2_KI270893v1_alt	161218	796	0
chr3_KI270895v1_alt	162896	3107	4
chr4_KI270896v1_alt	378547	4940	5
chr5_KI270897v1_alt	1144418	26091	8
chr5_KI270898v1_alt	130957	1913	2
chr6_GL000251v2_alt	4795265	91563	38
chr7_KI270899v1_alt	190869	634	1
chr8_KI270901v1_alt	136959	595	0
chr8_KI270900v1_alt	318687	707	0
chr11_KI270902v1_alt	106711	608	0
chr11_KI270903v1_alt	214625	1472	0
chr12_KI270904v1_alt	572349	11754	9
chr15_KI270906v1_alt	196384	4481	1
chr15_KI270905v1_alt	5161414	97753	59
chr17_KI270907v1_alt	137721	743	1
chr17_KI270910v1_alt	157099	5626	5
chr17_KI270909v1_alt	325800	24577	8
chr17_JH159148v1_alt	88070	837	0
chr17_KI270908v1_alt	1423190	44222	27
chr18_KI270912v1_alt	174061	398	1
chr18_KI270911v1_alt	157710	579	1
chr19_GL949747v2_alt	729520	10343	1
chr22_KB663609v1_alt	74013	2876	3
chrX_KI270913v1_alt	274009	699	0
chr19_KI270914v1_alt	205194	1681	1
chr19_KI270915v1_alt	170665	4593	1
chr19_KI270916v1_alt	184516	1108	1
chr19_KI270917v1_alt	190932	4341	2
chr19_KI270918v1_alt	123111	2418	2
chr19_KI270919v1_alt	170701	3138	1
chr19_KI270920v1_alt	198005	3113	1
chr19_KI270921v1_alt	282224	1818	0
chr19_KI270922v1_alt	187935	3819	2
chr19_KI270923v1_alt	189352	1756	0
chr3_KI270924v1_alt	166540	3666	2
chr4_KI270925v1_alt	555799	2399	2
chr6_GL000252v2_alt	4604811	83228	32
chr8_KI270926v1_alt	229282	1371	1
chr11_KI270927v1_alt	218612	834	1
chr19_GL949748v2_alt	1064304	5219	4
chr22_KI270928v1_alt	176103	6028	1
chr19_KI270929v1_alt	186203	3505	0
chr19_KI270930v1_alt	200773	1520	0
chr19_KI270931v1_alt	170148	3466	0
chr19_KI270932v1_alt	215732	1463	1
chr19_KI270933v1_alt	170537	1904	0
chr19_GL000209v2_alt	177381	950	1
chr3_KI270934v1_alt	163458	3193	2
chr6_GL000253v2_alt	4677643	55235	30
chr19_GL949749v2_alt	1091841	5546	1
chr3_KI270935v1_alt	197351	3285	0
chr6_GL000254v2_alt	4827813	75236	31
chr19_GL949750v2_alt	1066390	5159	7
chr3_KI270936v1_alt	164170	3083	1
chr6_GL000255v2_alt	4606388	84345	35
chr19_GL949751v2_alt	1002683	6422	6
chr3_KI270937v1_alt	165607	3076	4
chr6_GL000256v2_alt	4929269	73669	47
chr19_GL949752v1_alt	987100	24463	17
chr6_KI270758v1_alt	76752	753	1
chr19_GL949753v2_alt	796479	14031	11
chr19_KI270938v1_alt	1066800	25572	17
chrM	16569	20082	38
chrUn_KI270302v1	2274	5	0
chrUn_KI270304v1	2165	12	0
chrUn_KI270303v1	1942	12	0
chrUn_KI270305v1	1472	4	0
chrUn_KI270322v1	21476	27	0
chrUn_KI270320v1	4416	54	0
chrUn_KI270310v1	1201	13	0
chrUn_KI270316v1	1444	7	0
chrUn_KI270315v1	2276	9	0
chrUn_KI270312v1	998	2	0
chrUn_KI270311v1	12399	9	0
chrUn_KI270317v1	37690	9	0
chrUn_KI270412v1	1179	6	0
chrUn_KI270411v1	2646	35	0
chrUn_KI270414v1	2489	5	0
chrUn_KI270419v1	1029	2	0
chrUn_KI270418v1	2145	5	0
chrUn_KI270420v1	2321	5	0
chrUn_KI270424v1	2140	1	0
chrUn_KI270417v1	2043	4	0
chrUn_KI270422v1	1445	3	0
chrUn_KI270423v1	981	5	0
chrUn_KI270425v1	1884	0	0
chrUn_KI270429v1	1361	3	0
chrUn_KI270442v1	392061	8612	21
chrUn_KI270466v1	1233	540	0
chrUn_KI270465v1	1774	10	0
chrUn_KI270467v1	3920	1944	2
chrUn_KI270435v1	92983	535	3
chrUn_KI270438v1	112505	6558	14
chrUn_KI270468v1	4055	7	0
chrUn_KI270510v1	2415	17	0
chrUn_KI270509v1	2318	36	0
chrUn_KI270518v1	2186	12	0
chrUn_KI270508v1	1951	10	0
chrUn_KI270516v1	1300	16	0
chrUn_KI270512v1	22689	136	1
chrUn_KI270519v1	138126	783	5
chrUn_KI270522v1	5674	15	0
chrUn_KI270511v1	8127	40	0
chrUn_KI270515v1	6361	61	0
chrUn_KI270507v1	5353	48	0
chrUn_KI270517v1	3253	23	0
chrUn_KI270529v1	1899	9	0
chrUn_KI270528v1	2983	4	0
chrUn_KI270530v1	2168	5	0
chrUn_KI270539v1	993	0	0
chrUn_KI270538v1	91309	328	2
chrUn_KI270544v1	1202	7	0
chrUn_KI270548v1	1599	0	0
chrUn_KI270583v1	1400	14	0
chrUn_KI270587v1	2969	61	1
chrUn_KI270580v1	1553	2	0
chrUn_KI270581v1	7046	30	0
chrUn_KI270579v1	31033	89	0
chrUn_KI270589v1	44474	242	1
chrUn_KI270590v1	4685	85	0
chrUn_KI270584v1	4513	33	1
chrUn_KI270582v1	6504	37	0
chrUn_KI270588v1	6158	51	0
chrUn_KI270593v1	3041	27	0
chrUn_KI270591v1	5796	127	1
chrUn_KI270330v1	1652	95	0
chrUn_KI270329v1	1040	0	0
chrUn_KI270334v1	1368	17	0
chrUn_KI270333v1	2699	474	0
chrUn_KI270335v1	1048	5	0
chrUn_KI270338v1	1428	14	0
chrUn_KI270340v1	1428	16	0
chrUn_KI270336v1	1026	139	1
chrUn_KI270337v1	1121	405	0
chrUn_KI270363v1	1803	3	0
chrUn_KI270364v1	2855	7	0
chrUn_KI270362v1	3530	5	0
chrUn_KI270366v1	8320	20	0
chrUn_KI270378v1	1048	1	0
chrUn_KI270379v1	1045	0	0
chrUn_KI270389v1	1298	2	0
chrUn_KI270390v1	2387	2	0
chrUn_KI270387v1	1537	3	0
chrUn_KI270395v1	1143	7	0
chrUn_KI270396v1	1880	4	0
chrUn_KI270388v1	1216	1	0
chrUn_KI270394v1	970	0	0
chrUn_KI270386v1	1788	0	0
chrUn_KI270391v1	1484	2	0
chrUn_KI270383v1	1750	2	0
chrUn_KI270393v1	1308	1	0
chrUn_KI270384v1	1658	3	0
chrUn_KI270392v1	971	2	0
chrUn_KI270381v1	1930	3	0
chrUn_KI270385v1	990	2	0
chrUn_KI270382v1	4215	4	0
chrUn_KI270376v1	1136	1	0
chrUn_KI270374v1	2656	6	0
chrUn_KI270372v1	1650	0	0
chrUn_KI270373v1	1451	4	0
chrUn_KI270375v1	2378	4	0
chrUn_KI270371v1	2805	3	0
chrUn_KI270448v1	7992	50	0
chrUn_KI270521v1	7642	18	0
chrUn_GL000195v1	182896	1840	1
chrUn_GL000219v1	179198	5804	3
chrUn_GL000220v1	161802	9360	8
chrUn_GL000224v1	179693	3411	3
chrUn_KI270741v1	157432	577	2
chrUn_GL000226v1	15008	139	0
chrUn_GL000213v1	164239	5269	7
chrUn_KI270743v1	210658	1497	2
chrUn_KI270744v1	168472	23863	6
chrUn_KI270745v1	41891	407	0
chrUn_KI270746v1	66486	9603	2
chrUn_KI270747v1	198735	425	0
chrUn_KI270748v1	93321	471	1
chrUn_KI270749v1	158759	1878	0
chrUn_KI270750v1	148850	6807	7
chrUn_KI270751v1	150742	5269	5
chrUn_KI270752v1	27745	1	0
chrUn_KI270753v1	62944	601	0
chrUn_KI270754v1	40191	556	1
chrUn_KI270755v1	36723	86	0
chrUn_KI270756v1	79590	472	1
chrUn_KI270757v1	71251	587	0
chrUn_GL000214v1	137718	4765	3
chrUn_KI270742v1	186739	13507	10
chrUn_GL000216v2	176608	5474	18
chrUn_GL000218v1	161147	3975	1
chrX	156040895	4757135	2706
chrY	57227415	67719	116
chrY_KI270740v1_random	37240	0	0
*	0	0	40486
