chr1	248956422	4702083	129
chr10	133797422	1950178	47
chr11	135086622	2351177	113
chr11_KI270721v1_random	100316	260	0
chr12	133275309	2360157	77
chr13	114364328	860606	44
chr14	107043718	1409211	38
chr14_GL000009v2_random	201709	1454	0
chr14_GL000225v1_random	211173	1673	4
chr14_KI270722v1_random	194050	302	0
chr14_GL000194v1_random	191469	2074	0
chr14_KI270723v1_random	38115	432	0
chr14_KI270724v1_random	39555	718	0
chr14_KI270725v1_random	172810	2210	0
chr14_KI270726v1_random	43739	672	2
chr15	101991189	1652449	65
chr15_KI270727v1_random	448248	8365	0
chr16	90338345	1756574	53
chr16_KI270728v1_random	1872759	13549	2
chr17	83257441	2353341	85
chr17_GL000205v2_random	185591	3870	0
chr17_KI270729v1_random	280839	953	1
chr17_KI270730v1_random	112551	259	1
chr18	80373285	723327	19
chr19	58617616	2263442	504
chr1_KI270706v1_random	175055	1792	0
chr1_KI270707v1_random	32032	33	0
chr1_KI270708v1_random	127682	1736	0
chr1_KI270709v1_random	66860	363	0
chr1_KI270710v1_random	40176	22	0
chr1_KI270711v1_random	42210	20020	2
chr1_KI270712v1_random	176043	1721	0
chr1_KI270713v1_random	40745	2947	0
chr1_KI270714v1_random	41717	799	0
chr2	242193529	3589469	102
chr20	64444167	998762	33
chr21	46709983	483938	22
chr22	50818468	888063	28
chr22_KI270731v1_random	150754	3505	0
chr22_KI270732v1_random	41543	220	0
chr22_KI270733v1_random	179772	4704	1
chr22_KI270734v1_random	165050	4909	0
chr22_KI270735v1_random	42811	194	0
chr22_KI270736v1_random	181920	353	2
chr22_KI270737v1_random	103838	206	0
chr22_KI270738v1_random	99375	56	0
chr22_KI270739v1_random	73985	22	0
chr2_KI270715v1_random	161471	60	0
chr2_KI270716v1_random	153799	74	0
chr3	198295559	2594495	77
chr3_GL000221v1_random	155397	1719	0
chr4	190214555	1766265	43
chr4_GL000008v2_random	209709	1515	0
chr5	181538259	1983331	85
chr5_GL000208v1_random	92689	45	0
chr6	170805979	1992237	74
chr7	159345973	2384169	46
chr8	145138636	1450739	46
chr9	138394717	1896897	47
chr9_KI270717v1_random	40062	577	0
chr9_KI270718v1_random	38054	613	2
chr9_KI270719v1_random	176845	3592	0
chr9_KI270720v1_random	39050	976	0
chr1_KI270762v1_alt	354444	4886	0
chr1_KI270766v1_alt	256271	20030	1
chr1_KI270760v1_alt	109528	33	0
chr1_KI270765v1_alt	185285	1028	0
chr1_GL383518v1_alt	182439	5558	1
chr1_GL383519v1_alt	110268	6712	0
chr1_GL383520v2_alt	366580	1538	0
chr1_KI270764v1_alt	50258	5	0
chr1_KI270763v1_alt	911658	6412	0
chr1_KI270759v1_alt	425601	1747	0
chr1_KI270761v1_alt	165834	3577	0
chr2_KI270770v1_alt	136240	38	0
chr2_KI270773v1_alt	70887	605	0
chr2_KI270774v1_alt	223625	2491	0
chr2_KI270769v1_alt	120616	971	0
chr2_GL383521v1_alt	143390	71	0
chr2_KI270772v1_alt	133041	732	0
chr2_KI270775v1_alt	138019	29	0
chr2_KI270771v1_alt	110395	27	0
chr2_KI270768v1_alt	110099	1079	0
chr2_GL582966v2_alt	96131	2084	1
chr2_GL383522v1_alt	123821	3690	0
chr2_KI270776v1_alt	174166	722	0
chr2_KI270767v1_alt	161578	156	0
chr3_JH636055v2_alt	173151	2241	0
chr3_KI270783v1_alt	109187	20	0
chr3_KI270780v1_alt	224108	2094	0
chr3_GL383526v1_alt	180671	862	0
chr3_KI270777v1_alt	173649	1993	0
chr3_KI270778v1_alt	248252	51	0
chr3_KI270781v1_alt	113034	35	0
chr3_KI270779v1_alt	205312	7870	0
chr3_KI270782v1_alt	162429	653	0
chr3_KI270784v1_alt	184404	3231	1
chr4_KI270790v1_alt	220246	115	0
chr4_GL383528v1_alt	376187	54	0
chr4_KI270787v1_alt	111943	21	0
chr4_GL000257v2_alt	586476	9525	0
chr4_KI270788v1_alt	158965	46	0
chr4_GL383527v1_alt	164536	2207	0
chr4_KI270785v1_alt	119912	24	0
chr4_KI270789v1_alt	205944	462	0
chr4_KI270786v1_alt	244096	43	0
chr5_KI270793v1_alt	126136	334	0
chr5_KI270792v1_alt	179043	1532	0
chr5_KI270791v1_alt	195710	2922	1
chr5_GL383532v1_alt	82728	8	0
chr5_GL949742v1_alt	226852	74	0
chr5_KI270794v1_alt	164558	882	0
chr5_GL339449v2_alt	1612928	19921	0
chr5_GL383530v1_alt	101241	15	0
chr5_KI270796v1_alt	172708	32	0
chr5_GL383531v1_alt	173459	41	0
chr5_KI270795v1_alt	131892	1228	0
chr6_GL000250v2_alt	4672374	5883	0
chr6_KI270800v1_alt	175808	772	0
chr6_KI270799v1_alt	152148	32	0
chr6_GL383533v1_alt	124736	352	0
chr6_KI270801v1_alt	870480	4306	0
chr6_KI270802v1_alt	75005	72	0
chr6_KB021644v2_alt	185823	51	0
chr6_KI270797v1_alt	197536	2860	0
chr6_KI270798v1_alt	271782	2904	0
chr7_KI270804v1_alt	157952	80	0
chr7_KI270809v1_alt	209586	5338	0
chr7_KI270806v1_alt	158166	1528	0
chr7_GL383534v2_alt	119183	2878	0
chr7_KI270803v1_alt	1111570	30062	1
chr7_KI270808v1_alt	271455	577	0
chr7_KI270807v1_alt	126434	35	0
chr7_KI270805v1_alt	209988	135	0
chr8_KI270818v1_alt	145606	62	0
chr8_KI270812v1_alt	282736	71	0
chr8_KI270811v1_alt	292436	164	0
chr8_KI270821v1_alt	985506	6186	0
chr8_KI270813v1_alt	300230	13794	0
chr8_KI270822v1_alt	624492	5385	0
chr8_KI270814v1_alt	141812	128	0
chr8_KI270810v1_alt	374415	85	0
chr8_KI270819v1_alt	133535	1131	0
chr8_KI270820v1_alt	36640	145	0
chr8_KI270817v1_alt	158983	858	0
chr8_KI270816v1_alt	305841	6421	0
chr8_KI270815v1_alt	132244	844	1
chr9_GL383539v1_alt	162988	653	0
chr9_GL383540v1_alt	71551	1124	0
chr9_GL383541v1_alt	171286	1339	0
chr9_GL383542v1_alt	60032	713	0
chr9_KI270823v1_alt	439082	1720	0
chr10_GL383545v1_alt	179254	1315	0
chr10_KI270824v1_alt	181496	850	0
chr10_GL383546v1_alt	309802	2619	0
chr10_KI270825v1_alt	188315	2911	0
chr11_KI270832v1_alt	210133	7340	0
chr11_KI270830v1_alt	177092	1278	0
chr11_KI270831v1_alt	296895	5012	0
chr11_KI270829v1_alt	204059	1875	0
chr11_GL383547v1_alt	154407	21	0
chr11_JH159136v1_alt	200998	3459	0
chr11_JH159137v1_alt	191409	2015	0
chr11_KI270827v1_alt	67707	24	0
chr11_KI270826v1_alt	186169	53	0
chr12_GL877875v1_alt	167313	2296	0
chr12_GL877876v1_alt	408271	6424	0
chr12_KI270837v1_alt	40090	2569	0
chr12_GL383549v1_alt	120804	25	0
chr12_KI270835v1_alt	238139	4656	0
chr12_GL383550v2_alt	169178	1061	0
chr12_GL383552v1_alt	138655	495	0
chr12_GL383553v2_alt	152874	1542	0
chr12_KI270834v1_alt	119498	6710	0
chr12_GL383551v1_alt	184319	35	0
chr12_KI270833v1_alt	76061	2362	0
chr12_KI270836v1_alt	56134	99	0
chr13_KI270840v1_alt	191684	1783	0
chr13_KI270839v1_alt	180306	565	0
chr13_KI270843v1_alt	103832	13	0
chr13_KI270841v1_alt	169134	24	0
chr13_KI270838v1_alt	306913	1369	0
chr13_KI270842v1_alt	37287	179	0
chr14_KI270844v1_alt	322166	3863	0
chr14_KI270847v1_alt	1511111	19734	2
chr14_KI270845v1_alt	180703	516	0
chr14_KI270846v1_alt	1351393	30084	11
chr15_KI270852v1_alt	478999	8781	0
chr15_KI270851v1_alt	263054	12353	0
chr15_KI270848v1_alt	327382	7226	0
chr15_GL383554v1_alt	296527	8764	1
chr15_KI270849v1_alt	244917	2424	0
chr15_GL383555v2_alt	388773	1230	0
chr15_KI270850v1_alt	430880	15516	0
chr16_KI270854v1_alt	134193	1484	0
chr16_KI270856v1_alt	63982	123	0
chr16_KI270855v1_alt	232857	3956	0
chr16_KI270853v1_alt	2659700	74978	4
chr16_GL383556v1_alt	192462	3299	0
chr16_GL383557v1_alt	89672	1458	0
chr17_GL383563v3_alt	375691	1326	0
chr17_KI270862v1_alt	391357	3211	0
chr17_KI270861v1_alt	196688	7936	0
chr17_KI270857v1_alt	2877074	76724	1
chr17_JH159146v1_alt	278131	7930	1
chr17_JH159147v1_alt	70345	2377	0
chr17_GL383564v2_alt	133151	7082	0
chr17_GL000258v2_alt	1821992	11558	0
chr17_GL383565v1_alt	223995	56	0
chr17_KI270858v1_alt	235827	158	0
chr17_KI270859v1_alt	108763	70	0
chr17_GL383566v1_alt	90219	56	0
chr17_KI270860v1_alt	178921	1916	0
chr18_KI270864v1_alt	111737	35	0
chr18_GL383567v1_alt	289831	739	0
chr18_GL383570v1_alt	164789	48	0
chr18_GL383571v1_alt	198278	984	0
chr18_GL383568v1_alt	104552	26	0
chr18_GL383569v1_alt	167950	30	0
chr18_GL383572v1_alt	159547	231	0
chr18_KI270863v1_alt	167999	783	0
chr19_KI270868v1_alt	61734	969	0
chr19_KI270865v1_alt	52969	1092	0
chr19_GL383573v1_alt	385657	3657	0
chr19_GL383575v2_alt	170222	2306	0
chr19_GL383576v1_alt	188024	2056	0
chr19_GL383574v1_alt	155864	1211	0
chr19_KI270866v1_alt	43156	1189	0
chr19_KI270867v1_alt	233762	3299	0
chr19_GL949746v1_alt	987716	14501	0
chr20_GL383577v2_alt	128386	46	0
chr20_KI270869v1_alt	118774	1780	0
chr20_KI270871v1_alt	58661	747	0
chr20_KI270870v1_alt	183433	2789	0
chr21_GL383578v2_alt	63917	14	0
chr21_KI270874v1_alt	166743	34	0
chr21_KI270873v1_alt	143900	246	0
chr21_GL383579v2_alt	201197	76	0
chr21_GL383580v2_alt	74653	444	0
chr21_GL383581v2_alt	116689	2408	0
chr21_KI270872v1_alt	82692	1660	0
chr22_KI270875v1_alt	259914	4257	0
chr22_KI270878v1_alt	186262	846	0
chr22_KI270879v1_alt	304135	6801	1
chr22_KI270876v1_alt	263666	2252	0
chr22_KI270877v1_alt	101331	807	0
chr22_GL383583v2_alt	96924	957	0
chr22_GL383582v2_alt	162811	2836	0
chrX_KI270880v1_alt	284869	505	0
chrX_KI270881v1_alt	144206	1008	0
chr19_KI270882v1_alt	248807	5789	0
chr19_KI270883v1_alt	170399	2173	0
chr19_KI270884v1_alt	157053	2682	0
chr19_KI270885v1_alt	171027	2876	0
chr19_KI270886v1_alt	204239	5319	0
chr19_KI270887v1_alt	209512	2878	0
chr19_KI270888v1_alt	155532	2821	0
chr19_KI270889v1_alt	170698	2986	0
chr19_KI270890v1_alt	184499	2296	0
chr19_KI270891v1_alt	170680	2810	0
chr1_KI270892v1_alt	162212	3527	0
chr2_KI270894v1_alt	214158	4757	0
chr2_KI270893v1_alt	161218	133	0
chr3_KI270895v1_alt	162896	4003	0
chr4_KI270896v1_alt	378547	4355	0
chr5_KI270897v1_alt	1144418	13411	0
chr5_KI270898v1_alt	130957	1270	0
chr6_GL000251v2_alt	4795265	23510	1
chr7_KI270899v1_alt	190869	1945	0
chr8_KI270901v1_alt	136959	38	0
chr8_KI270900v1_alt	318687	631	0
chr11_KI270902v1_alt	106711	22768	1
chr11_KI270903v1_alt	214625	1811	0
chr12_KI270904v1_alt	572349	9070	0
chr15_KI270906v1_alt	196384	4093	0
chr15_KI270905v1_alt	5161414	67724	0
chr17_KI270907v1_alt	137721	187	0
chr17_KI270910v1_alt	157099	2027	0
chr17_KI270909v1_alt	325800	16756	0
chr17_JH159148v1_alt	88070	2467	0
chr17_KI270908v1_alt	1423190	22625	1
chr18_KI270912v1_alt	174061	50	0
chr18_KI270911v1_alt	157710	203	0
chr19_GL949747v2_alt	729520	6846	0
chr22_KB663609v1_alt	74013	854	0
chrX_KI270913v1_alt	274009	1866	1
chr19_KI270914v1_alt	205194	2742	0
chr19_KI270915v1_alt	170665	2823	1
chr19_KI270916v1_alt	184516	2671	0
chr19_KI270917v1_alt	190932	3395	0
chr19_KI270918v1_alt	123111	1674	0
chr19_KI270919v1_alt	170701	2519	0
chr19_KI270920v1_alt	198005	2777	0
chr19_KI270921v1_alt	282224	5730	0
chr19_KI270922v1_alt	187935	2840	0
chr19_KI270923v1_alt	189352	2435	0
chr3_KI270924v1_alt	166540	3893	0
chr4_KI270925v1_alt	555799	681	0
chr6_GL000252v2_alt	4604811	19257	0
chr8_KI270926v1_alt	229282	966	0
chr11_KI270927v1_alt	218612	14071	2
chr19_GL949748v2_alt	1064304	3765	1
chr22_KI270928v1_alt	176103	3076	0
chr19_KI270929v1_alt	186203	2891	0
chr19_KI270930v1_alt	200773	2415	0
chr19_KI270931v1_alt	170148	3018	0
chr19_KI270932v1_alt	215732	3318	0
chr19_KI270933v1_alt	170537	1967	0
chr19_GL000209v2_alt	177381	1936	0
chr3_KI270934v1_alt	163458	4051	1
chr6_GL000253v2_alt	4677643	11108	0
chr19_GL949749v2_alt	1091841	3158	0
chr3_KI270935v1_alt	197351	3176	0
chr6_GL000254v2_alt	4827813	16838	0
chr19_GL949750v2_alt	1066390	2959	0
chr3_KI270936v1_alt	164170	3990	0
chr6_GL000255v2_alt	4606388	19373	0
chr19_GL949751v2_alt	1002683	3568	0
chr3_KI270937v1_alt	165607	3963	0
chr6_GL000256v2_alt	4929269	19370	1
chr19_GL949752v1_alt	987100	16160	0
chr6_KI270758v1_alt	76752	318	0
chr19_GL949753v2_alt	796479	10179	0
chr19_KI270938v1_alt	1066800	17963	0
chrM	16569	13333	1
chrUn_KI270302v1	2274	2	0
chrUn_KI270304v1	2165	0	0
chrUn_KI270303v1	1942	0	0
chrUn_KI270305v1	1472	0	0
chrUn_KI270322v1	21476	6	0
chrUn_KI270320v1	4416	0	0
chrUn_KI270310v1	1201	8	0
chrUn_KI270316v1	1444	0	0
chrUn_KI270315v1	2276	2	0
chrUn_KI270312v1	998	0	0
chrUn_KI270311v1	12399	2	0
chrUn_KI270317v1	37690	2	0
chrUn_KI270412v1	1179	0	0
chrUn_KI270411v1	2646	4	0
chrUn_KI270414v1	2489	0	0
chrUn_KI270419v1	1029	0	0
chrUn_KI270418v1	2145	1	0
chrUn_KI270420v1	2321	2	0
chrUn_KI270424v1	2140	0	0
chrUn_KI270417v1	2043	2	0
chrUn_KI270422v1	1445	0	0
chrUn_KI270423v1	981	0	0
chrUn_KI270425v1	1884	2	0
chrUn_KI270429v1	1361	0	0
chrUn_KI270442v1	392061	4316	3
chrUn_KI270466v1	1233	55	0
chrUn_KI270465v1	1774	4	0
chrUn_KI270467v1	3920	254	0
chrUn_KI270435v1	92983	103	2
chrUn_KI270438v1	112505	2236	2
chrUn_KI270468v1	4055	0	0
chrUn_KI270510v1	2415	2	0
chrUn_KI270509v1	2318	4	0
chrUn_KI270518v1	2186	2	0
chrUn_KI270508v1	1951	6	0
chrUn_KI270516v1	1300	0	0
chrUn_KI270512v1	22689	23	0
chrUn_KI270519v1	138126	128	0
chrUn_KI270522v1	5674	4	0
chrUn_KI270511v1	8127	7	0
chrUn_KI270515v1	6361	10	0
chrUn_KI270507v1	5353	5	0
chrUn_KI270517v1	3253	0	0
chrUn_KI270529v1	1899	0	0
chrUn_KI270528v1	2983	0	0
chrUn_KI270530v1	2168	2	0
chrUn_KI270539v1	993	0	0
chrUn_KI270538v1	91309	60	0
chrUn_KI270544v1	1202	4	0
chrUn_KI270548v1	1599	1	0
chrUn_KI270583v1	1400	4	0
chrUn_KI270587v1	2969	0	0
chrUn_KI270580v1	1553	2	0
chrUn_KI270581v1	7046	6	0
chrUn_KI270579v1	31033	12	0
chrUn_KI270589v1	44474	36	0
chrUn_KI270590v1	4685	6	0
chrUn_KI270584v1	4513	4	0
chrUn_KI270582v1	6504	5	0
chrUn_KI270588v1	6158	4	0
chrUn_KI270593v1	3041	6	0
chrUn_KI270591v1	5796	16	0
chrUn_KI270330v1	1652	20	0
chrUn_KI270329v1	1040	0	0
chrUn_KI270334v1	1368	3	0
chrUn_KI270333v1	2699	31	0
chrUn_KI270335v1	1048	2	0
chrUn_KI270338v1	1428	0	0
chrUn_KI270340v1	1428	3	0
chrUn_KI270336v1	1026	4	0
chrUn_KI270337v1	1121	42	0
chrUn_KI270363v1	1803	0	0
chrUn_KI270364v1	2855	0	0
chrUn_KI270362v1	3530	4	0
chrUn_KI270366v1	8320	5	0
chrUn_KI270378v1	1048	0	0
chrUn_KI270379v1	1045	0	0
chrUn_KI270389v1	1298	0	0
chrUn_KI270390v1	2387	0	0
chrUn_KI270387v1	1537	4	0
chrUn_KI270395v1	1143	0	0
chrUn_KI270396v1	1880	0	0
chrUn_KI270388v1	1216	0	0
chrUn_KI270394v1	970	0	0
chrUn_KI270386v1	1788	2	0
chrUn_KI270391v1	1484	0	0
chrUn_KI270383v1	1750	1	0
chrUn_KI270393v1	1308	0	0
chrUn_KI270384v1	1658	0	0
chrUn_KI270392v1	971	2	0
chrUn_KI270381v1	1930	0	0
chrUn_KI270385v1	990	0	0
chrUn_KI270382v1	4215	2	0
chrUn_KI270376v1	1136	0	0
chrUn_KI270374v1	2656	1	0
chrUn_KI270372v1	1650	0	0
chrUn_KI270373v1	1451	0	0
chrUn_KI270375v1	2378	4	0
chrUn_KI270371v1	2805	2	0
chrUn_KI270448v1	7992	9	0
chrUn_KI270521v1	7642	3	0
chrUn_GL000195v1	182896	709	0
chrUn_GL000219v1	179198	1373	0
chrUn_GL000220v1	161802	3651	0
chrUn_GL000224v1	179693	2370	0
chrUn_KI270741v1	157432	76	0
chrUn_GL000226v1	15008	37	0
chrUn_GL000213v1	164239	5407	0
chrUn_KI270743v1	210658	417	0
chrUn_KI270744v1	168472	6072	1
chrUn_KI270745v1	41891	128	0
chrUn_KI270746v1	66486	7524	0
chrUn_KI270747v1	198735	720	0
chrUn_KI270748v1	93321	67	0
chrUn_KI270749v1	158759	721	0
chrUn_KI270750v1	148850	2431	0
chrUn_KI270751v1	150742	1190	0
chrUn_KI270752v1	27745	1	0
chrUn_KI270753v1	62944	44	0
chrUn_KI270754v1	40191	134	0
chrUn_KI270755v1	36723	4	0
chrUn_KI270756v1	79590	65	0
chrUn_KI270757v1	71251	109	0
chrUn_GL000214v1	137718	1436	0
chrUn_KI270742v1	186739	2413	0
chrUn_GL000216v2	176608	1076	1
chrUn_GL000218v1	161147	6693	1
chrX	156040895	2233763	70
chrY	57227415	39621	9
chrY_KI270740v1_random	37240	0	0
*	0	0	5282
