chr1	248956422	6459762	4
chr10	133797422	2437204	15
chr11	135086622	3014265	15
chr11_KI270721v1_random	100316	839	0
chr12	133275309	2732537	13
chr13	114364328	1031430	3
chr14	107043718	1659231	9
chr14_GL000009v2_random	201709	1431	0
chr14_GL000225v1_random	211173	3681	4
chr14_KI270722v1_random	194050	766	0
chr14_GL000194v1_random	191469	2268	0
chr14_KI270723v1_random	38115	440	0
chr14_KI270724v1_random	39555	572	1
chr14_KI270725v1_random	172810	1701	0
chr14_KI270726v1_random	43739	1398	0
chr15	101991189	1926156	8
chr15_KI270727v1_random	448248	7376	0
chr16	90338345	2280251	6
chr16_KI270728v1_random	1872759	32330	1
chr17	83257441	3085962	9
chr17_GL000205v2_random	185591	2394	0
chr17_KI270729v1_random	280839	3168	1
chr17_KI270730v1_random	112551	577	3
chr18	80373285	852744	3
chr19	58617616	2567194	87
chr1_KI270706v1_random	175055	962	0
chr1_KI270707v1_random	32032	70	0
chr1_KI270708v1_random	127682	986	0
chr1_KI270709v1_random	66860	661	0
chr1_KI270710v1_random	40176	54	0
chr1_KI270711v1_random	42210	15233	0
chr1_KI270712v1_random	176043	1949	0
chr1_KI270713v1_random	40745	5163	0
chr1_KI270714v1_random	41717	1729	0
chr2	242193529	4851081	10
chr20	64444167	1268123	6
chr21	46709983	594910	3
chr22	50818468	1276033	7
chr22_KI270731v1_random	150754	13020	0
chr22_KI270732v1_random	41543	64	0
chr22_KI270733v1_random	179772	3446	0
chr22_KI270734v1_random	165050	13499	1
chr22_KI270735v1_random	42811	319	0
chr22_KI270736v1_random	181920	1203	12
chr22_KI270737v1_random	103838	321	0
chr22_KI270738v1_random	99375	173	0
chr22_KI270739v1_random	73985	15	0
chr2_KI270715v1_random	161471	56	0
chr2_KI270716v1_random	153799	72	0
chr3	198295559	3353333	12
chr3_GL000221v1_random	155397	683	0
chr4	190214555	2290541	10
chr4_GL000008v2_random	209709	1098	0
chr5	181538259	2726313	7
chr5_GL000208v1_random	92689	60	0
chr6	170805979	2348284	2
chr7	159345973	2910324	5
chr8	145138636	1721670	3
chr9	138394717	2388596	3
chr9_KI270717v1_random	40062	345	0
chr9_KI270718v1_random	38054	1493	0
chr9_KI270719v1_random	176845	2174	0
chr9_KI270720v1_random	39050	1771	0
chr1_KI270762v1_alt	354444	8447	0
chr1_KI270766v1_alt	256271	28177	0
chr1_KI270760v1_alt	109528	223	0
chr1_KI270765v1_alt	185285	2014	0
chr1_GL383518v1_alt	182439	6964	0
chr1_GL383519v1_alt	110268	13555	0
chr1_GL383520v2_alt	366580	2222	0
chr1_KI270764v1_alt	50258	63	0
chr1_KI270763v1_alt	911658	12419	0
chr1_KI270759v1_alt	425601	3268	0
chr1_KI270761v1_alt	165834	11143	0
chr2_KI270770v1_alt	136240	170	0
chr2_KI270773v1_alt	70887	703	0
chr2_KI270774v1_alt	223625	2177	0
chr2_KI270769v1_alt	120616	2664	0
chr2_GL383521v1_alt	143390	171	0
chr2_KI270772v1_alt	133041	654	0
chr2_KI270775v1_alt	138019	112	0
chr2_KI270771v1_alt	110395	74	0
chr2_KI270768v1_alt	110099	1418	0
chr2_GL582966v2_alt	96131	2585	0
chr2_GL383522v1_alt	123821	3976	0
chr2_KI270776v1_alt	174166	2613	0
chr2_KI270767v1_alt	161578	490	0
chr3_JH636055v2_alt	173151	2420	0
chr3_KI270783v1_alt	109187	100	0
chr3_KI270780v1_alt	224108	722	0
chr3_GL383526v1_alt	180671	847	0
chr3_KI270777v1_alt	173649	2176	0
chr3_KI270778v1_alt	248252	118	0
chr3_KI270781v1_alt	113034	138	0
chr3_KI270779v1_alt	205312	11143	0
chr3_KI270782v1_alt	162429	1178	0
chr3_KI270784v1_alt	184404	4698	0
chr4_KI270790v1_alt	220246	200	0
chr4_GL383528v1_alt	376187	176	0
chr4_KI270787v1_alt	111943	95	0
chr4_GL000257v2_alt	586476	14745	0
chr4_KI270788v1_alt	158965	96	0
chr4_GL383527v1_alt	164536	2357	0
chr4_KI270785v1_alt	119912	97	0
chr4_KI270789v1_alt	205944	472	0
chr4_KI270786v1_alt	244096	132	0
chr5_KI270793v1_alt	126136	738	0
chr5_KI270792v1_alt	179043	2992	0
chr5_KI270791v1_alt	195710	4853	0
chr5_GL383532v1_alt	82728	64	0
chr5_GL949742v1_alt	226852	158	0
chr5_KI270794v1_alt	164558	1557	0
chr5_GL339449v2_alt	1612928	49095	0
chr5_GL383530v1_alt	101241	54	0
chr5_KI270796v1_alt	172708	127	0
chr5_GL383531v1_alt	173459	142	0
chr5_KI270795v1_alt	131892	3834	0
chr6_GL000250v2_alt	4672374	21477	0
chr6_KI270800v1_alt	175808	1019	0
chr6_KI270799v1_alt	152148	60	0
chr6_GL383533v1_alt	124736	690	0
chr6_KI270801v1_alt	870480	5532	0
chr6_KI270802v1_alt	75005	157	0
chr6_KB021644v2_alt	185823	274	0
chr6_KI270797v1_alt	197536	2320	0
chr6_KI270798v1_alt	271782	2665	0
chr7_KI270804v1_alt	157952	441	0
chr7_KI270809v1_alt	209586	6682	0
chr7_KI270806v1_alt	158166	3261	0
chr7_GL383534v2_alt	119183	2518	0
chr7_KI270803v1_alt	1111570	23457	0
chr7_KI270808v1_alt	271455	1029	0
chr7_KI270807v1_alt	126434	357	0
chr7_KI270805v1_alt	209988	531	0
chr8_KI270818v1_alt	145606	332	0
chr8_KI270812v1_alt	282736	594	0
chr8_KI270811v1_alt	292436	601	0
chr8_KI270821v1_alt	985506	8617	0
chr8_KI270813v1_alt	300230	34683	0
chr8_KI270822v1_alt	624492	5360	0
chr8_KI270814v1_alt	141812	446	0
chr8_KI270810v1_alt	374415	257	0
chr8_KI270819v1_alt	133535	2124	0
chr8_KI270820v1_alt	36640	205	0
chr8_KI270817v1_alt	158983	1243	0
chr8_KI270816v1_alt	305841	11433	0
chr8_KI270815v1_alt	132244	1159	0
chr9_GL383539v1_alt	162988	937	0
chr9_GL383540v1_alt	71551	1384	0
chr9_GL383541v1_alt	171286	1113	0
chr9_GL383542v1_alt	60032	459	0
chr9_KI270823v1_alt	439082	1698	0
chr10_GL383545v1_alt	179254	1204	0
chr10_KI270824v1_alt	181496	915	0
chr10_GL383546v1_alt	309802	3408	0
chr10_KI270825v1_alt	188315	4339	0
chr11_KI270832v1_alt	210133	7742	0
chr11_KI270830v1_alt	177092	1747	0
chr11_KI270831v1_alt	296895	5255	0
chr11_KI270829v1_alt	204059	2058	0
chr11_GL383547v1_alt	154407	70	0
chr11_JH159136v1_alt	200998	6194	0
chr11_JH159137v1_alt	191409	1989	0
chr11_KI270827v1_alt	67707	154	0
chr11_KI270826v1_alt	186169	348	0
chr12_GL877875v1_alt	167313	2877	0
chr12_GL877876v1_alt	408271	6104	0
chr12_KI270837v1_alt	40090	2104	0
chr12_GL383549v1_alt	120804	116	0
chr12_KI270835v1_alt	238139	895	0
chr12_GL383550v2_alt	169178	772	0
chr12_GL383552v1_alt	138655	585	0
chr12_GL383553v2_alt	152874	1575	0
chr12_KI270834v1_alt	119498	6539	0
chr12_GL383551v1_alt	184319	192	0
chr12_KI270833v1_alt	76061	1930	0
chr12_KI270836v1_alt	56134	104	0
chr13_KI270840v1_alt	191684	828	0
chr13_KI270839v1_alt	180306	604	0
chr13_KI270843v1_alt	103832	62	0
chr13_KI270841v1_alt	169134	74	0
chr13_KI270838v1_alt	306913	2058	0
chr13_KI270842v1_alt	37287	101	0
chr14_KI270844v1_alt	322166	3692	0
chr14_KI270847v1_alt	1511111	23642	0
chr14_KI270845v1_alt	180703	1016	0
chr14_KI270846v1_alt	1351393	43668	1
chr15_KI270852v1_alt	478999	7516	0
chr15_KI270851v1_alt	263054	11954	0
chr15_KI270848v1_alt	327382	6445	0
chr15_GL383554v1_alt	296527	4944	0
chr15_KI270849v1_alt	244917	4902	0
chr15_GL383555v2_alt	388773	2952	1
chr15_KI270850v1_alt	430880	5480	0
chr16_KI270854v1_alt	134193	2614	0
chr16_KI270856v1_alt	63982	269	0
chr16_KI270855v1_alt	232857	6602	0
chr16_KI270853v1_alt	2659700	115177	2
chr16_GL383556v1_alt	192462	6709	0
chr16_GL383557v1_alt	89672	1630	0
chr17_GL383563v3_alt	375691	2244	0
chr17_KI270862v1_alt	391357	4045	0
chr17_KI270861v1_alt	196688	11420	0
chr17_KI270857v1_alt	2877074	67928	0
chr17_JH159146v1_alt	278131	10984	0
chr17_JH159147v1_alt	70345	3379	0
chr17_GL383564v2_alt	133151	5830	0
chr17_GL000258v2_alt	1821992	18152	0
chr17_GL383565v1_alt	223995	152	0
chr17_KI270858v1_alt	235827	185	0
chr17_KI270859v1_alt	108763	212	0
chr17_GL383566v1_alt	90219	194	0
chr17_KI270860v1_alt	178921	2993	0
chr18_KI270864v1_alt	111737	60	0
chr18_GL383567v1_alt	289831	1055	0
chr18_GL383570v1_alt	164789	146	0
chr18_GL383571v1_alt	198278	1565	0
chr18_GL383568v1_alt	104552	72	0
chr18_GL383569v1_alt	167950	218	0
chr18_GL383572v1_alt	159547	534	0
chr18_KI270863v1_alt	167999	1245	0
chr19_KI270868v1_alt	61734	1144	0
chr19_KI270865v1_alt	52969	1486	0
chr19_GL383573v1_alt	385657	1589	0
chr19_GL383575v2_alt	170222	1161	0
chr19_GL383576v1_alt	188024	1118	0
chr19_GL383574v1_alt	155864	1576	0
chr19_KI270866v1_alt	43156	1582	0
chr19_KI270867v1_alt	233762	2786	0
chr19_GL949746v1_alt	987716	13721	0
chr20_GL383577v2_alt	128386	199	0
chr20_KI270869v1_alt	118774	2432	0
chr20_KI270871v1_alt	58661	1301	0
chr20_KI270870v1_alt	183433	4178	0
chr21_GL383578v2_alt	63917	53	0
chr21_KI270874v1_alt	166743	114	0
chr21_KI270873v1_alt	143900	323	0
chr21_GL383579v2_alt	201197	126	0
chr21_GL383580v2_alt	74653	1176	0
chr21_GL383581v2_alt	116689	2951	0
chr21_KI270872v1_alt	82692	1896	0
chr22_KI270875v1_alt	259914	5014	0
chr22_KI270878v1_alt	186262	1701	0
chr22_KI270879v1_alt	304135	22582	0
chr22_KI270876v1_alt	263666	2498	0
chr22_KI270877v1_alt	101331	1314	0
chr22_GL383583v2_alt	96924	1345	0
chr22_GL383582v2_alt	162811	4334	0
chrX_KI270880v1_alt	284869	1053	0
chrX_KI270881v1_alt	144206	1389	0
chr19_KI270882v1_alt	248807	583	0
chr19_KI270883v1_alt	170399	498	0
chr19_KI270884v1_alt	157053	428	0
chr19_KI270885v1_alt	171027	594	0
chr19_KI270886v1_alt	204239	534	0
chr19_KI270887v1_alt	209512	568	0
chr19_KI270888v1_alt	155532	532	0
chr19_KI270889v1_alt	170698	592	0
chr19_KI270890v1_alt	184499	504	0
chr19_KI270891v1_alt	170680	591	0
chr1_KI270892v1_alt	162212	11373	0
chr2_KI270894v1_alt	214158	2387	0
chr2_KI270893v1_alt	161218	449	0
chr3_KI270895v1_alt	162896	3779	0
chr4_KI270896v1_alt	378547	4484	0
chr5_KI270897v1_alt	1144418	26990	0
chr5_KI270898v1_alt	130957	4177	0
chr6_GL000251v2_alt	4795265	64512	0
chr7_KI270899v1_alt	190869	3733	0
chr8_KI270901v1_alt	136959	259	0
chr8_KI270900v1_alt	318687	997	0
chr11_KI270902v1_alt	106711	16991	0
chr11_KI270903v1_alt	214625	3157	0
chr12_KI270904v1_alt	572349	9541	0
chr15_KI270906v1_alt	196384	2136	0
chr15_KI270905v1_alt	5161414	74068	1
chr17_KI270907v1_alt	137721	381	0
chr17_KI270910v1_alt	157099	2357	0
chr17_KI270909v1_alt	325800	12854	0
chr17_JH159148v1_alt	88070	3723	0
chr17_KI270908v1_alt	1423190	26155	0
chr18_KI270912v1_alt	174061	299	0
chr18_KI270911v1_alt	157710	491	0
chr19_GL949747v2_alt	729520	5616	0
chr22_KB663609v1_alt	74013	1570	0
chrX_KI270913v1_alt	274009	1837	0
chr19_KI270914v1_alt	205194	416	0
chr19_KI270915v1_alt	170665	615	0
chr19_KI270916v1_alt	184516	446	0
chr19_KI270917v1_alt	190932	761	0
chr19_KI270918v1_alt	123111	344	0
chr19_KI270919v1_alt	170701	452	0
chr19_KI270920v1_alt	198005	939	0
chr19_KI270921v1_alt	282224	769	0
chr19_KI270922v1_alt	187935	805	0
chr19_KI270923v1_alt	189352	573	0
chr3_KI270924v1_alt	166540	5055	0
chr4_KI270925v1_alt	555799	987	0
chr6_GL000252v2_alt	4604811	59327	0
chr8_KI270926v1_alt	229282	1592	0
chr11_KI270927v1_alt	218612	13897	0
chr19_GL949748v2_alt	1064304	3151	0
chr22_KI270928v1_alt	176103	6168	0
chr19_KI270929v1_alt	186203	842	0
chr19_KI270930v1_alt	200773	1821	0
chr19_KI270931v1_alt	170148	744	0
chr19_KI270932v1_alt	215732	591	0
chr19_KI270933v1_alt	170537	589	0
chr19_GL000209v2_alt	177381	442	0
chr3_KI270934v1_alt	163458	3653	0
chr6_GL000253v2_alt	4677643	34133	0
chr19_GL949749v2_alt	1091841	2869	0
chr3_KI270935v1_alt	197351	12495	0
chr6_GL000254v2_alt	4827813	49832	0
chr19_GL949750v2_alt	1066390	2979	0
chr3_KI270936v1_alt	164170	4959	0
chr6_GL000255v2_alt	4606388	54052	0
chr19_GL949751v2_alt	1002683	3023	0
chr3_KI270937v1_alt	165607	3759	0
chr6_GL000256v2_alt	4929269	51123	0
chr19_GL949752v1_alt	987100	13032	0
chr6_KI270758v1_alt	76752	768	0
chr19_GL949753v2_alt	796479	8420	0
chr19_KI270938v1_alt	1066800	14941	0
chrM	16569	11104	0
chrUn_KI270302v1	2274	0	0
chrUn_KI270304v1	2165	0	0
chrUn_KI270303v1	1942	4	0
chrUn_KI270305v1	1472	0	0
chrUn_KI270322v1	21476	6	0
chrUn_KI270320v1	4416	4	0
chrUn_KI270310v1	1201	0	0
chrUn_KI270316v1	1444	0	0
chrUn_KI270315v1	2276	0	0
chrUn_KI270312v1	998	0	0
chrUn_KI270311v1	12399	0	0
chrUn_KI270317v1	37690	0	0
chrUn_KI270412v1	1179	0	0
chrUn_KI270411v1	2646	2	0
chrUn_KI270414v1	2489	0	0
chrUn_KI270419v1	1029	0	0
chrUn_KI270418v1	2145	4	0
chrUn_KI270420v1	2321	2	0
chrUn_KI270424v1	2140	0	0
chrUn_KI270417v1	2043	0	0
chrUn_KI270422v1	1445	0	0
chrUn_KI270423v1	981	0	0
chrUn_KI270425v1	1884	0	0
chrUn_KI270429v1	1361	2	0
chrUn_KI270442v1	392061	3691	5
chrUn_KI270466v1	1233	90	0
chrUn_KI270465v1	1774	0	0
chrUn_KI270467v1	3920	363	0
chrUn_KI270435v1	92983	133	0
chrUn_KI270438v1	112505	4052	2
chrUn_KI270468v1	4055	0	0
chrUn_KI270510v1	2415	2	0
chrUn_KI270509v1	2318	4	0
chrUn_KI270518v1	2186	0	0
chrUn_KI270508v1	1951	6	0
chrUn_KI270516v1	1300	0	0
chrUn_KI270512v1	22689	40	0
chrUn_KI270519v1	138126	174	1
chrUn_KI270522v1	5674	0	0
chrUn_KI270511v1	8127	12	0
chrUn_KI270515v1	6361	12	0
chrUn_KI270507v1	5353	4	0
chrUn_KI270517v1	3253	4	0
chrUn_KI270529v1	1899	0	0
chrUn_KI270528v1	2983	0	0
chrUn_KI270530v1	2168	0	0
chrUn_KI270539v1	993	0	0
chrUn_KI270538v1	91309	120	0
chrUn_KI270544v1	1202	2	0
chrUn_KI270548v1	1599	0	0
chrUn_KI270583v1	1400	2	0
chrUn_KI270587v1	2969	16	0
chrUn_KI270580v1	1553	12	0
chrUn_KI270581v1	7046	4	0
chrUn_KI270579v1	31033	22	0
chrUn_KI270589v1	44474	112	0
chrUn_KI270590v1	4685	5	0
chrUn_KI270584v1	4513	12	0
chrUn_KI270582v1	6504	4	0
chrUn_KI270588v1	6158	8	0
chrUn_KI270593v1	3041	6	0
chrUn_KI270591v1	5796	30	0
chrUn_KI270330v1	1652	51	0
chrUn_KI270329v1	1040	0	0
chrUn_KI270334v1	1368	0	0
chrUn_KI270333v1	2699	58	0
chrUn_KI270335v1	1048	0	0
chrUn_KI270338v1	1428	2	0
chrUn_KI270340v1	1428	4	0
chrUn_KI270336v1	1026	8	0
chrUn_KI270337v1	1121	36	0
chrUn_KI270363v1	1803	1	0
chrUn_KI270364v1	2855	0	0
chrUn_KI270362v1	3530	2	0
chrUn_KI270366v1	8320	8	0
chrUn_KI270378v1	1048	0	0
chrUn_KI270379v1	1045	0	0
chrUn_KI270389v1	1298	0	0
chrUn_KI270390v1	2387	0	0
chrUn_KI270387v1	1537	0	0
chrUn_KI270395v1	1143	4	0
chrUn_KI270396v1	1880	2	0
chrUn_KI270388v1	1216	0	0
chrUn_KI270394v1	970	0	0
chrUn_KI270386v1	1788	0	0
chrUn_KI270391v1	1484	0	0
chrUn_KI270383v1	1750	2	0
chrUn_KI270393v1	1308	0	0
chrUn_KI270384v1	1658	0	0
chrUn_KI270392v1	971	0	0
chrUn_KI270381v1	1930	0	0
chrUn_KI270385v1	990	0	0
chrUn_KI270382v1	4215	0	0
chrUn_KI270376v1	1136	0	0
chrUn_KI270374v1	2656	0	0
chrUn_KI270372v1	1650	0	0
chrUn_KI270373v1	1451	0	0
chrUn_KI270375v1	2378	2	0
chrUn_KI270371v1	2805	0	0
chrUn_KI270448v1	7992	12	0
chrUn_KI270521v1	7642	10	0
chrUn_GL000195v1	182896	673	0
chrUn_GL000219v1	179198	1480	0
chrUn_GL000220v1	161802	3144	0
chrUn_GL000224v1	179693	1494	1
chrUn_KI270741v1	157432	170	0
chrUn_GL000226v1	15008	35	0
chrUn_GL000213v1	164239	7689	0
chrUn_KI270743v1	210658	588	0
chrUn_KI270744v1	168472	2264	0
chrUn_KI270745v1	41891	42	0
chrUn_KI270746v1	66486	15491	0
chrUn_KI270747v1	198735	365	0
chrUn_KI270748v1	93321	90	0
chrUn_KI270749v1	158759	1186	0
chrUn_KI270750v1	148850	4140	0
chrUn_KI270751v1	150742	673	0
chrUn_KI270752v1	27745	0	0
chrUn_KI270753v1	62944	181	0
chrUn_KI270754v1	40191	1213	0
chrUn_KI270755v1	36723	39	0
chrUn_KI270756v1	79590	158	0
chrUn_KI270757v1	71251	143	0
chrUn_GL000214v1	137718	1298	0
chrUn_KI270742v1	186739	1141	0
chrUn_GL000216v2	176608	2911	0
chrUn_GL000218v1	161147	1999	0
chrX	156040895	3761933	8
chrY	57227415	67355	14
chrY_KI270740v1_random	37240	0	0
*	0	0	36122
