chr1	248956422	6637131	293
chr10	133797422	2651897	186
chr11	135086622	3065961	208
chr11_KI270721v1_random	100316	401	0
chr12	133275309	3101289	153
chr13	114364328	1264334	74
chr14	107043718	1911335	91
chr14_GL000009v2_random	201709	6097	1
chr14_GL000225v1_random	211173	10650	53
chr14_KI270722v1_random	194050	453	0
chr14_GL000194v1_random	191469	2057	0
chr14_KI270723v1_random	38115	1755	5
chr14_KI270724v1_random	39555	1269	2
chr14_KI270725v1_random	172810	2641	0
chr14_KI270726v1_random	43739	2904	2
chr15	101991189	2125231	91
chr15_KI270727v1_random	448248	8065	2
chr16	90338345	2023391	85
chr16_KI270728v1_random	1872759	33514	2
chr17	83257441	2793375	148
chr17_GL000205v2_random	185591	4661	1
chr17_KI270729v1_random	280839	3508	6
chr17_KI270730v1_random	112551	1135	6
chr18	80373285	1011558	51
chr19	58617616	2464312	627
chr1_KI270706v1_random	175055	6109	1
chr1_KI270707v1_random	32032	97	0
chr1_KI270708v1_random	127682	247	0
chr1_KI270709v1_random	66860	1298	0
chr1_KI270710v1_random	40176	83	0
chr1_KI270711v1_random	42210	63623	0
chr1_KI270712v1_random	176043	2262	0
chr1_KI270713v1_random	40745	2254	0
chr1_KI270714v1_random	41717	1926	0
chr2	242193529	4731687	231
chr20	64444167	1231818	78
chr21	46709983	667883	43
chr22	50818468	944251	61
chr22_KI270731v1_random	150754	2264	3
chr22_KI270732v1_random	41543	866	0
chr22_KI270733v1_random	179772	28618	1
chr22_KI270734v1_random	165050	3035	1
chr22_KI270735v1_random	42811	761	1
chr22_KI270736v1_random	181920	2535	28
chr22_KI270737v1_random	103838	419	0
chr22_KI270738v1_random	99375	230	0
chr22_KI270739v1_random	73985	39	0
chr2_KI270715v1_random	161471	156	1
chr2_KI270716v1_random	153799	131	0
chr3	198295559	3512942	223
chr3_GL000221v1_random	155397	8519	1
chr4	190214555	2744187	142
chr4_GL000008v2_random	209709	5919	2
chr5	181538259	2864078	155
chr5_GL000208v1_random	92689	179	0
chr6	170805979	2932231	150
chr7	159345973	2958116	474
chr8	145138636	2025167	118
chr9	138394717	2471681	113
chr9_KI270717v1_random	40062	879	0
chr9_KI270718v1_random	38054	1573	0
chr9_KI270719v1_random	176845	2842	0
chr9_KI270720v1_random	39050	2274	0
chr1_KI270762v1_alt	354444	3192	0
chr1_KI270766v1_alt	256271	31816	0
chr1_KI270760v1_alt	109528	228	0
chr1_KI270765v1_alt	185285	2290	0
chr1_GL383518v1_alt	182439	8492	0
chr1_GL383519v1_alt	110268	6776	1
chr1_GL383520v2_alt	366580	3537	0
chr1_KI270764v1_alt	50258	104	0
chr1_KI270763v1_alt	911658	7704	0
chr1_KI270759v1_alt	425601	1427	0
chr1_KI270761v1_alt	165834	5437	0
chr2_KI270770v1_alt	136240	189	0
chr2_KI270773v1_alt	70887	426	0
chr2_KI270774v1_alt	223625	1336	0
chr2_KI270769v1_alt	120616	1306	0
chr2_GL383521v1_alt	143390	205	0
chr2_KI270772v1_alt	133041	1377	0
chr2_KI270775v1_alt	138019	114	0
chr2_KI270771v1_alt	110395	112	0
chr2_KI270768v1_alt	110099	1040	0
chr2_GL582966v2_alt	96131	1136	0
chr2_GL383522v1_alt	123821	4544	0
chr2_KI270776v1_alt	174166	816	0
chr2_KI270767v1_alt	161578	445	0
chr3_JH636055v2_alt	173151	2430	0
chr3_KI270783v1_alt	109187	139	0
chr3_KI270780v1_alt	224108	1522	1
chr3_GL383526v1_alt	180671	1405	1
chr3_KI270777v1_alt	173649	1526	0
chr3_KI270778v1_alt	248252	204	0
chr3_KI270781v1_alt	113034	189	0
chr3_KI270779v1_alt	205312	3232	0
chr3_KI270782v1_alt	162429	807	0
chr3_KI270784v1_alt	184404	1111	0
chr4_KI270790v1_alt	220246	333	1
chr4_GL383528v1_alt	376187	316	0
chr4_KI270787v1_alt	111943	122	0
chr4_GL000257v2_alt	586476	17776	0
chr4_KI270788v1_alt	158965	198	0
chr4_GL383527v1_alt	164536	3459	0
chr4_KI270785v1_alt	119912	120	0
chr4_KI270789v1_alt	205944	682	0
chr4_KI270786v1_alt	244096	190	0
chr5_KI270793v1_alt	126136	470	0
chr5_KI270792v1_alt	179043	1600	0
chr5_KI270791v1_alt	195710	2806	0
chr5_GL383532v1_alt	82728	83	0
chr5_GL949742v1_alt	226852	274	0
chr5_KI270794v1_alt	164558	1780	0
chr5_GL339449v2_alt	1612928	29615	1
chr5_GL383530v1_alt	101241	119	0
chr5_KI270796v1_alt	172708	178	0
chr5_GL383531v1_alt	173459	181	0
chr5_KI270795v1_alt	131892	1801	0
chr6_GL000250v2_alt	4672374	20406	1
chr6_KI270800v1_alt	175808	905	0
chr6_KI270799v1_alt	152148	138	0
chr6_GL383533v1_alt	124736	992	1
chr6_KI270801v1_alt	870480	6886	0
chr6_KI270802v1_alt	75005	83	0
chr6_KB021644v2_alt	185823	209	0
chr6_KI270797v1_alt	197536	2348	0
chr6_KI270798v1_alt	271782	3180	0
chr7_KI270804v1_alt	157952	289	0
chr7_KI270809v1_alt	209586	4300	1
chr7_KI270806v1_alt	158166	3218	0
chr7_GL383534v2_alt	119183	3955	0
chr7_KI270803v1_alt	1111570	35387	4
chr7_KI270808v1_alt	271455	1108	0
chr7_KI270807v1_alt	126434	252	0
chr7_KI270805v1_alt	209988	405	0
chr8_KI270818v1_alt	145606	180	0
chr8_KI270812v1_alt	282736	436	0
chr8_KI270811v1_alt	292436	378	0
chr8_KI270821v1_alt	985506	7657	0
chr8_KI270813v1_alt	300230	21498	3
chr8_KI270822v1_alt	624492	7560	0
chr8_KI270814v1_alt	141812	483	0
chr8_KI270810v1_alt	374415	462	0
chr8_KI270819v1_alt	133535	1005	0
chr8_KI270820v1_alt	36640	142	0
chr8_KI270817v1_alt	158983	932	0
chr8_KI270816v1_alt	305841	5132	0
chr8_KI270815v1_alt	132244	995	0
chr9_GL383539v1_alt	162988	540	0
chr9_GL383540v1_alt	71551	1589	0
chr9_GL383541v1_alt	171286	1612	0
chr9_GL383542v1_alt	60032	582	1
chr9_KI270823v1_alt	439082	2377	0
chr10_GL383545v1_alt	179254	2373	0
chr10_KI270824v1_alt	181496	1960	0
chr10_GL383546v1_alt	309802	3218	0
chr10_KI270825v1_alt	188315	3176	0
chr11_KI270832v1_alt	210133	3240	2
chr11_KI270830v1_alt	177092	1500	0
chr11_KI270831v1_alt	296895	5036	0
chr11_KI270829v1_alt	204059	3535	0
chr11_GL383547v1_alt	154407	162	0
chr11_JH159136v1_alt	200998	9918	0
chr11_JH159137v1_alt	191409	2385	1
chr11_KI270827v1_alt	67707	160	0
chr11_KI270826v1_alt	186169	280	0
chr12_GL877875v1_alt	167313	1947	0
chr12_GL877876v1_alt	408271	11874	1
chr12_KI270837v1_alt	40090	2845	0
chr12_GL383549v1_alt	120804	150	0
chr12_KI270835v1_alt	238139	5380	0
chr12_GL383550v2_alt	169178	1777	0
chr12_GL383552v1_alt	138655	470	0
chr12_GL383553v2_alt	152874	2573	0
chr12_KI270834v1_alt	119498	4812	0
chr12_GL383551v1_alt	184319	225	0
chr12_KI270833v1_alt	76061	2652	0
chr12_KI270836v1_alt	56134	95	0
chr13_KI270840v1_alt	191684	3470	0
chr13_KI270839v1_alt	180306	639	0
chr13_KI270843v1_alt	103832	98	0
chr13_KI270841v1_alt	169134	185	0
chr13_KI270838v1_alt	306913	1366	0
chr13_KI270842v1_alt	37287	42	0
chr14_KI270844v1_alt	322166	6310	0
chr14_KI270847v1_alt	1511111	25355	0
chr14_KI270845v1_alt	180703	500	0
chr14_KI270846v1_alt	1351393	32473	1
chr15_KI270852v1_alt	478999	7994	1
chr15_KI270851v1_alt	263054	12458	0
chr15_KI270848v1_alt	327382	7752	0
chr15_GL383554v1_alt	296527	7220	0
chr15_KI270849v1_alt	244917	2530	0
chr15_GL383555v2_alt	388773	1292	1
chr15_KI270850v1_alt	430880	8549	2
chr16_KI270854v1_alt	134193	1040	0
chr16_KI270856v1_alt	63982	166	0
chr16_KI270855v1_alt	232857	3702	0
chr16_KI270853v1_alt	2659700	75069	2
chr16_GL383556v1_alt	192462	4444	0
chr16_GL383557v1_alt	89672	1809	0
chr17_GL383563v3_alt	375691	960	1
chr17_KI270862v1_alt	391357	3250	0
chr17_KI270861v1_alt	196688	10512	0
chr17_KI270857v1_alt	2877074	75906	4
chr17_JH159146v1_alt	278131	8424	0
chr17_JH159147v1_alt	70345	1998	0
chr17_GL383564v2_alt	133151	4984	1
chr17_GL000258v2_alt	1821992	39704	2
chr17_GL383565v1_alt	223995	225	0
chr17_KI270858v1_alt	235827	290	0
chr17_KI270859v1_alt	108763	298	0
chr17_GL383566v1_alt	90219	164	0
chr17_KI270860v1_alt	178921	1170	0
chr18_KI270864v1_alt	111737	97	0
chr18_GL383567v1_alt	289831	1643	0
chr18_GL383570v1_alt	164789	231	0
chr18_GL383571v1_alt	198278	2037	0
chr18_GL383568v1_alt	104552	127	0
chr18_GL383569v1_alt	167950	118	0
chr18_GL383572v1_alt	159547	442	0
chr18_KI270863v1_alt	167999	999	0
chr19_KI270868v1_alt	61734	666	0
chr19_KI270865v1_alt	52969	318	0
chr19_GL383573v1_alt	385657	4826	0
chr19_GL383575v2_alt	170222	3821	0
chr19_GL383576v1_alt	188024	2987	0
chr19_GL383574v1_alt	155864	1572	0
chr19_KI270866v1_alt	43156	761	0
chr19_KI270867v1_alt	233762	2793	0
chr19_GL949746v1_alt	987716	11000	0
chr20_GL383577v2_alt	128386	226	0
chr20_KI270869v1_alt	118774	2203	0
chr20_KI270871v1_alt	58661	815	0
chr20_KI270870v1_alt	183433	3730	1
chr21_GL383578v2_alt	63917	55	0
chr21_KI270874v1_alt	166743	149	0
chr21_KI270873v1_alt	143900	467	0
chr21_GL383579v2_alt	201197	229	0
chr21_GL383580v2_alt	74653	476	0
chr21_GL383581v2_alt	116689	4064	0
chr21_KI270872v1_alt	82692	859	0
chr22_KI270875v1_alt	259914	7259	0
chr22_KI270878v1_alt	186262	1119	0
chr22_KI270879v1_alt	304135	4949	0
chr22_KI270876v1_alt	263666	4324	0
chr22_KI270877v1_alt	101331	1073	0
chr22_GL383583v2_alt	96924	911	0
chr22_GL383582v2_alt	162811	3178	1
chrX_KI270880v1_alt	284869	440	0
chrX_KI270881v1_alt	144206	650	0
chr19_KI270882v1_alt	248807	2304	0
chr19_KI270883v1_alt	170399	725	0
chr19_KI270884v1_alt	157053	1648	1
chr19_KI270885v1_alt	171027	808	0
chr19_KI270886v1_alt	204239	1690	1
chr19_KI270887v1_alt	209512	1163	0
chr19_KI270888v1_alt	155532	1659	0
chr19_KI270889v1_alt	170698	827	0
chr19_KI270890v1_alt	184499	2179	0
chr19_KI270891v1_alt	170680	809	0
chr1_KI270892v1_alt	162212	5415	0
chr2_KI270894v1_alt	214158	3965	0
chr2_KI270893v1_alt	161218	407	0
chr3_KI270895v1_alt	162896	2236	0
chr4_KI270896v1_alt	378547	4208	1
chr5_KI270897v1_alt	1144418	19379	1
chr5_KI270898v1_alt	130957	1774	0
chr6_GL000251v2_alt	4795265	62995	1
chr7_KI270899v1_alt	190869	331	0
chr8_KI270901v1_alt	136959	203	0
chr8_KI270900v1_alt	318687	811	0
chr11_KI270902v1_alt	106711	14116	1
chr11_KI270903v1_alt	214625	2422	0
chr12_KI270904v1_alt	572349	12067	1
chr15_KI270906v1_alt	196384	3990	1
chr15_KI270905v1_alt	5161414	71900	6
chr17_KI270907v1_alt	137721	361	0
chr17_KI270910v1_alt	157099	1357	0
chr17_KI270909v1_alt	325800	9955	0
chr17_JH159148v1_alt	88070	1210	0
chr17_KI270908v1_alt	1423190	31235	0
chr18_KI270912v1_alt	174061	148	0
chr18_KI270911v1_alt	157710	427	0
chr19_GL949747v2_alt	729520	6069	0
chr22_KB663609v1_alt	74013	938	0
chrX_KI270913v1_alt	274009	787	1
chr19_KI270914v1_alt	205194	1782	1
chr19_KI270915v1_alt	170665	712	0
chr19_KI270916v1_alt	184516	1641	0
chr19_KI270917v1_alt	190932	947	0
chr19_KI270918v1_alt	123111	383	0
chr19_KI270919v1_alt	170701	871	0
chr19_KI270920v1_alt	198005	1270	0
chr19_KI270921v1_alt	282224	2500	0
chr19_KI270922v1_alt	187935	1608	0
chr19_KI270923v1_alt	189352	1819	0
chr3_KI270924v1_alt	166540	2229	0
chr4_KI270925v1_alt	555799	1220	0
chr6_GL000252v2_alt	4604811	60779	5
chr8_KI270926v1_alt	229282	970	0
chr11_KI270927v1_alt	218612	6959	0
chr19_GL949748v2_alt	1064304	3586	0
chr22_KI270928v1_alt	176103	3336	0
chr19_KI270929v1_alt	186203	1080	0
chr19_KI270930v1_alt	200773	1144	0
chr19_KI270931v1_alt	170148	820	0
chr19_KI270932v1_alt	215732	2000	0
chr19_KI270933v1_alt	170537	683	0
chr19_GL000209v2_alt	177381	2080	0
chr3_KI270934v1_alt	163458	2197	0
chr6_GL000253v2_alt	4677643	42029	2
chr19_GL949749v2_alt	1091841	2832	0
chr3_KI270935v1_alt	197351	2842	0
chr6_GL000254v2_alt	4827813	54592	1
chr19_GL949750v2_alt	1066390	2933	0
chr3_KI270936v1_alt	164170	2374	0
chr6_GL000255v2_alt	4606388	51204	1
chr19_GL949751v2_alt	1002683	3165	0
chr3_KI270937v1_alt	165607	2087	0
chr6_GL000256v2_alt	4929269	59508	2
chr19_GL949752v1_alt	987100	10194	0
chr6_KI270758v1_alt	76752	249	0
chr19_GL949753v2_alt	796479	7405	0
chr19_KI270938v1_alt	1066800	11925	1
chrM	16569	19266	4
chrUn_KI270302v1	2274	2	0
chrUn_KI270304v1	2165	3	0
chrUn_KI270303v1	1942	4	0
chrUn_KI270305v1	1472	5	0
chrUn_KI270322v1	21476	11	0
chrUn_KI270320v1	4416	22	0
chrUn_KI270310v1	1201	5	0
chrUn_KI270316v1	1444	1	0
chrUn_KI270315v1	2276	4	0
chrUn_KI270312v1	998	2	0
chrUn_KI270311v1	12399	35	0
chrUn_KI270317v1	37690	3	0
chrUn_KI270412v1	1179	4	0
chrUn_KI270411v1	2646	3	0
chrUn_KI270414v1	2489	1	0
chrUn_KI270419v1	1029	0	0
chrUn_KI270418v1	2145	1	0
chrUn_KI270420v1	2321	5	0
chrUn_KI270424v1	2140	2	0
chrUn_KI270417v1	2043	2	0
chrUn_KI270422v1	1445	4	0
chrUn_KI270423v1	981	0	0
chrUn_KI270425v1	1884	0	0
chrUn_KI270429v1	1361	4	0
chrUn_KI270442v1	392061	7431	9
chrUn_KI270466v1	1233	384	1
chrUn_KI270465v1	1774	11	0
chrUn_KI270467v1	3920	1571	1
chrUn_KI270435v1	92983	328	1
chrUn_KI270438v1	112505	7402	2
chrUn_KI270468v1	4055	3	0
chrUn_KI270510v1	2415	12	0
chrUn_KI270509v1	2318	6	0
chrUn_KI270518v1	2186	14	0
chrUn_KI270508v1	1951	19	0
chrUn_KI270516v1	1300	11	0
chrUn_KI270512v1	22689	90	1
chrUn_KI270519v1	138126	405	0
chrUn_KI270522v1	5674	8	0
chrUn_KI270511v1	8127	7	0
chrUn_KI270515v1	6361	36	0
chrUn_KI270507v1	5353	19	0
chrUn_KI270517v1	3253	19	0
chrUn_KI270529v1	1899	1	0
chrUn_KI270528v1	2983	4	0
chrUn_KI270530v1	2168	1	0
chrUn_KI270539v1	993	0	0
chrUn_KI270538v1	91309	247	0
chrUn_KI270544v1	1202	2	0
chrUn_KI270548v1	1599	0	0
chrUn_KI270583v1	1400	12	0
chrUn_KI270587v1	2969	110	0
chrUn_KI270580v1	1553	10	0
chrUn_KI270581v1	7046	9	0
chrUn_KI270579v1	31033	34	0
chrUn_KI270589v1	44474	193	2
chrUn_KI270590v1	4685	17	0
chrUn_KI270584v1	4513	15	0
chrUn_KI270582v1	6504	19	0
chrUn_KI270588v1	6158	27	0
chrUn_KI270593v1	3041	14	0
chrUn_KI270591v1	5796	77	0
chrUn_KI270330v1	1652	82	0
chrUn_KI270329v1	1040	4	0
chrUn_KI270334v1	1368	0	0
chrUn_KI270333v1	2699	160	0
chrUn_KI270335v1	1048	2	0
chrUn_KI270338v1	1428	0	0
chrUn_KI270340v1	1428	4	0
chrUn_KI270336v1	1026	39	0
chrUn_KI270337v1	1121	268	0
chrUn_KI270363v1	1803	0	0
chrUn_KI270364v1	2855	2	0
chrUn_KI270362v1	3530	1	0
chrUn_KI270366v1	8320	5	0
chrUn_KI270378v1	1048	0	0
chrUn_KI270379v1	1045	0	0
chrUn_KI270389v1	1298	2	0
chrUn_KI270390v1	2387	0	0
chrUn_KI270387v1	1537	5	0
chrUn_KI270395v1	1143	11	0
chrUn_KI270396v1	1880	7	0
chrUn_KI270388v1	1216	3	0
chrUn_KI270394v1	970	4	0
chrUn_KI270386v1	1788	2	0
chrUn_KI270391v1	1484	0	0
chrUn_KI270383v1	1750	0	0
chrUn_KI270393v1	1308	0	0
chrUn_KI270384v1	1658	9	0
chrUn_KI270392v1	971	0	0
chrUn_KI270381v1	1930	0	0
chrUn_KI270385v1	990	1	0
chrUn_KI270382v1	4215	2	0
chrUn_KI270376v1	1136	0	0
chrUn_KI270374v1	2656	2	0
chrUn_KI270372v1	1650	0	0
chrUn_KI270373v1	1451	0	0
chrUn_KI270375v1	2378	0	0
chrUn_KI270371v1	2805	0	0
chrUn_KI270448v1	7992	32	0
chrUn_KI270521v1	7642	18	0
chrUn_GL000195v1	182896	1210	0
chrUn_GL000219v1	179198	6727	2
chrUn_GL000220v1	161802	15817	1
chrUn_GL000224v1	179693	3188	0
chrUn_KI270741v1	157432	455	0
chrUn_GL000226v1	15008	91	0
chrUn_GL000213v1	164239	2378	0
chrUn_KI270743v1	210658	1529	1
chrUn_KI270744v1	168472	12678	0
chrUn_KI270745v1	41891	783	0
chrUn_KI270746v1	66486	7945	2
chrUn_KI270747v1	198735	1100	0
chrUn_KI270748v1	93321	270	0
chrUn_KI270749v1	158759	817	0
chrUn_KI270750v1	148850	1078	0
chrUn_KI270751v1	150742	3540	1
chrUn_KI270752v1	27745	1	0
chrUn_KI270753v1	62944	223	0
chrUn_KI270754v1	40191	898	0
chrUn_KI270755v1	36723	27	0
chrUn_KI270756v1	79590	380	1
chrUn_KI270757v1	71251	331	0
chrUn_GL000214v1	137718	3620	0
chrUn_KI270742v1	186739	9404	1
chrUn_GL000216v2	176608	4174	13
chrUn_GL000218v1	161147	2343	0
chrX	156040895	1570793	76
chrY	57227415	260179	88
chrY_KI270740v1_random	37240	38	0
*	0	0	38826
