chr1	248956422	5398966	14
chr10	133797422	2141229	13
chr11	135086622	2449368	11
chr11_KI270721v1_random	100316	597	0
chr12	133275309	2326669	8
chr13	114364328	963004	6
chr14	107043718	1418047	5
chr14_GL000009v2_random	201709	1222	0
chr14_GL000225v1_random	211173	2165	1
chr14_KI270722v1_random	194050	195	0
chr14_GL000194v1_random	191469	2491	0
chr14_KI270723v1_random	38115	282	0
chr14_KI270724v1_random	39555	335	0
chr14_KI270725v1_random	172810	1425	0
chr14_KI270726v1_random	43739	707	0
chr15	101991189	1640530	11
chr15_KI270727v1_random	448248	7615	0
chr16	90338345	1753616	4
chr16_KI270728v1_random	1872759	27145	0
chr17	83257441	2406067	10
chr17_GL000205v2_random	185591	1976	0
chr17_KI270729v1_random	280839	1998	1
chr17_KI270730v1_random	112551	354	1
chr18	80373285	774292	3
chr19	58617616	1913374	88
chr1_KI270706v1_random	175055	1057	0
chr1_KI270707v1_random	32032	46	0
chr1_KI270708v1_random	127682	434	0
chr1_KI270709v1_random	66860	851	0
chr1_KI270710v1_random	40176	40	0
chr1_KI270711v1_random	42210	8448	0
chr1_KI270712v1_random	176043	1638	0
chr1_KI270713v1_random	40745	3119	0
chr1_KI270714v1_random	41717	845	0
chr2	242193529	4362686	16
chr20	64444167	1003639	5
chr21	46709983	501193	3
chr22	50818468	912125	4
chr22_KI270731v1_random	150754	5364	0
chr22_KI270732v1_random	41543	77	0
chr22_KI270733v1_random	179772	2498	0
chr22_KI270734v1_random	165050	6518	0
chr22_KI270735v1_random	42811	245	0
chr22_KI270736v1_random	181920	751	7
chr22_KI270737v1_random	103838	187	0
chr22_KI270738v1_random	99375	182	0
chr22_KI270739v1_random	73985	21	0
chr2_KI270715v1_random	161471	73	0
chr2_KI270716v1_random	153799	87	0
chr3	198295559	2896439	11
chr3_GL000221v1_random	155397	897	0
chr4	190214555	2135069	7
chr4_GL000008v2_random	209709	989	0
chr5	181538259	2417776	14
chr5_GL000208v1_random	92689	40	0
chr6	170805979	2107303	8
chr7	159345973	2531338	10
chr8	145138636	1516269	7
chr9	138394717	2034359	6
chr9_KI270717v1_random	40062	319	0
chr9_KI270718v1_random	38054	1427	0
chr9_KI270719v1_random	176845	1585	0
chr9_KI270720v1_random	39050	2327	0
chr1_KI270762v1_alt	354444	5121	0
chr1_KI270766v1_alt	256271	21644	0
chr1_KI270760v1_alt	109528	173	0
chr1_KI270765v1_alt	185285	1987	0
chr1_GL383518v1_alt	182439	5402	0
chr1_GL383519v1_alt	110268	9542	0
chr1_GL383520v2_alt	366580	2402	0
chr1_KI270764v1_alt	50258	60	0
chr1_KI270763v1_alt	911658	12921	0
chr1_KI270759v1_alt	425601	2544	0
chr1_KI270761v1_alt	165834	8999	0
chr2_KI270770v1_alt	136240	190	0
chr2_KI270773v1_alt	70887	440	0
chr2_KI270774v1_alt	223625	1623	0
chr2_KI270769v1_alt	120616	2087	0
chr2_GL383521v1_alt	143390	158	0
chr2_KI270772v1_alt	133041	642	0
chr2_KI270775v1_alt	138019	77	0
chr2_KI270771v1_alt	110395	92	0
chr2_KI270768v1_alt	110099	1180	0
chr2_GL582966v2_alt	96131	2422	0
chr2_GL383522v1_alt	123821	3650	1
chr2_KI270776v1_alt	174166	1667	0
chr2_KI270767v1_alt	161578	453	0
chr3_JH636055v2_alt	173151	2251	0
chr3_KI270783v1_alt	109187	86	0
chr3_KI270780v1_alt	224108	632	0
chr3_GL383526v1_alt	180671	928	0
chr3_KI270777v1_alt	173649	2161	0
chr3_KI270778v1_alt	248252	130	0
chr3_KI270781v1_alt	113034	111	0
chr3_KI270779v1_alt	205312	7236	0
chr3_KI270782v1_alt	162429	1119	0
chr3_KI270784v1_alt	184404	3438	0
chr4_KI270790v1_alt	220246	181	0
chr4_GL383528v1_alt	376187	194	0
chr4_KI270787v1_alt	111943	66	0
chr4_GL000257v2_alt	586476	13513	0
chr4_KI270788v1_alt	158965	117	0
chr4_GL383527v1_alt	164536	2615	0
chr4_KI270785v1_alt	119912	86	0
chr4_KI270789v1_alt	205944	429	0
chr4_KI270786v1_alt	244096	140	0
chr5_KI270793v1_alt	126136	528	0
chr5_KI270792v1_alt	179043	2091	0
chr5_KI270791v1_alt	195710	3420	0
chr5_GL383532v1_alt	82728	66	0
chr5_GL949742v1_alt	226852	148	0
chr5_KI270794v1_alt	164558	1077	0
chr5_GL339449v2_alt	1612928	48326	0
chr5_GL383530v1_alt	101241	70	0
chr5_KI270796v1_alt	172708	126	0
chr5_GL383531v1_alt	173459	106	0
chr5_KI270795v1_alt	131892	3290	0
chr6_GL000250v2_alt	4672374	17297	0
chr6_KI270800v1_alt	175808	1019	0
chr6_KI270799v1_alt	152148	82	0
chr6_GL383533v1_alt	124736	468	0
chr6_KI270801v1_alt	870480	5311	0
chr6_KI270802v1_alt	75005	154	0
chr6_KB021644v2_alt	185823	250	0
chr6_KI270797v1_alt	197536	2098	0
chr6_KI270798v1_alt	271782	2074	0
chr7_KI270804v1_alt	157952	326	0
chr7_KI270809v1_alt	209586	4733	0
chr7_KI270806v1_alt	158166	3673	0
chr7_GL383534v2_alt	119183	2238	0
chr7_KI270803v1_alt	1111570	16047	0
chr7_KI270808v1_alt	271455	856	0
chr7_KI270807v1_alt	126434	260	0
chr7_KI270805v1_alt	209988	362	0
chr8_KI270818v1_alt	145606	270	0
chr8_KI270812v1_alt	282736	380	0
chr8_KI270811v1_alt	292436	447	0
chr8_KI270821v1_alt	985506	7364	0
chr8_KI270813v1_alt	300230	32569	0
chr8_KI270822v1_alt	624492	6117	0
chr8_KI270814v1_alt	141812	254	0
chr8_KI270810v1_alt	374415	299	0
chr8_KI270819v1_alt	133535	1361	0
chr8_KI270820v1_alt	36640	191	0
chr8_KI270817v1_alt	158983	852	0
chr8_KI270816v1_alt	305841	7895	1
chr8_KI270815v1_alt	132244	1146	0
chr9_GL383539v1_alt	162988	832	0
chr9_GL383540v1_alt	71551	1005	0
chr9_GL383541v1_alt	171286	978	0
chr9_GL383542v1_alt	60032	453	0
chr9_KI270823v1_alt	439082	1451	0
chr10_GL383545v1_alt	179254	1329	0
chr10_KI270824v1_alt	181496	812	0
chr10_GL383546v1_alt	309802	2498	0
chr10_KI270825v1_alt	188315	2981	0
chr11_KI270832v1_alt	210133	5066	0
chr11_KI270830v1_alt	177092	1155	0
chr11_KI270831v1_alt	296895	4304	0
chr11_KI270829v1_alt	204059	2203	0
chr11_GL383547v1_alt	154407	86	0
chr11_JH159136v1_alt	200998	5922	0
chr11_JH159137v1_alt	191409	1552	0
chr11_KI270827v1_alt	67707	108	0
chr11_KI270826v1_alt	186169	275	0
chr12_GL877875v1_alt	167313	2410	0
chr12_GL877876v1_alt	408271	5456	0
chr12_KI270837v1_alt	40090	1098	0
chr12_GL383549v1_alt	120804	104	0
chr12_KI270835v1_alt	238139	865	0
chr12_GL383550v2_alt	169178	855	0
chr12_GL383552v1_alt	138655	604	0
chr12_GL383553v2_alt	152874	1485	0
chr12_KI270834v1_alt	119498	5146	0
chr12_GL383551v1_alt	184319	206	0
chr12_KI270833v1_alt	76061	1839	0
chr12_KI270836v1_alt	56134	54	0
chr13_KI270840v1_alt	191684	753	0
chr13_KI270839v1_alt	180306	609	0
chr13_KI270843v1_alt	103832	61	0
chr13_KI270841v1_alt	169134	106	0
chr13_KI270838v1_alt	306913	1562	0
chr13_KI270842v1_alt	37287	74	0
chr14_KI270844v1_alt	322166	3947	0
chr14_KI270847v1_alt	1511111	19676	0
chr14_KI270845v1_alt	180703	621	0
chr14_KI270846v1_alt	1351393	27204	1
chr15_KI270852v1_alt	478999	8184	0
chr15_KI270851v1_alt	263054	7873	0
chr15_KI270848v1_alt	327382	3812	0
chr15_GL383554v1_alt	296527	2756	0
chr15_KI270849v1_alt	244917	3028	0
chr15_GL383555v2_alt	388773	2217	0
chr15_KI270850v1_alt	430880	3649	0
chr16_KI270854v1_alt	134193	1635	0
chr16_KI270856v1_alt	63982	168	0
chr16_KI270855v1_alt	232857	4301	0
chr16_KI270853v1_alt	2659700	94549	0
chr16_GL383556v1_alt	192462	5327	0
chr16_GL383557v1_alt	89672	1391	0
chr17_GL383563v3_alt	375691	1371	0
chr17_KI270862v1_alt	391357	3130	0
chr17_KI270861v1_alt	196688	7604	0
chr17_KI270857v1_alt	2877074	54499	0
chr17_JH159146v1_alt	278131	7878	0
chr17_JH159147v1_alt	70345	2866	0
chr17_GL383564v2_alt	133151	3827	0
chr17_GL000258v2_alt	1821992	38638	0
chr17_GL383565v1_alt	223995	138	0
chr17_KI270858v1_alt	235827	168	0
chr17_KI270859v1_alt	108763	160	0
chr17_GL383566v1_alt	90219	132	0
chr17_KI270860v1_alt	178921	1793	0
chr18_KI270864v1_alt	111737	54	0
chr18_GL383567v1_alt	289831	1145	0
chr18_GL383570v1_alt	164789	140	0
chr18_GL383571v1_alt	198278	1507	0
chr18_GL383568v1_alt	104552	78	0
chr18_GL383569v1_alt	167950	183	0
chr18_GL383572v1_alt	159547	372	0
chr18_KI270863v1_alt	167999	839	0
chr19_KI270868v1_alt	61734	695	0
chr19_KI270865v1_alt	52969	945	0
chr19_GL383573v1_alt	385657	1597	0
chr19_GL383575v2_alt	170222	1100	0
chr19_GL383576v1_alt	188024	1113	0
chr19_GL383574v1_alt	155864	1319	0
chr19_KI270866v1_alt	43156	878	1
chr19_KI270867v1_alt	233762	2141	0
chr19_GL949746v1_alt	987716	9166	0
chr20_GL383577v2_alt	128386	140	0
chr20_KI270869v1_alt	118774	1678	0
chr20_KI270871v1_alt	58661	826	0
chr20_KI270870v1_alt	183433	2801	0
chr21_GL383578v2_alt	63917	58	0
chr21_KI270874v1_alt	166743	120	0
chr21_KI270873v1_alt	143900	342	0
chr21_GL383579v2_alt	201197	113	0
chr21_GL383580v2_alt	74653	979	0
chr21_GL383581v2_alt	116689	2992	0
chr21_KI270872v1_alt	82692	1259	0
chr22_KI270875v1_alt	259914	2559	0
chr22_KI270878v1_alt	186262	1264	0
chr22_KI270879v1_alt	304135	9614	0
chr22_KI270876v1_alt	263666	2030	0
chr22_KI270877v1_alt	101331	1163	0
chr22_GL383583v2_alt	96924	929	0
chr22_GL383582v2_alt	162811	3406	0
chrX_KI270880v1_alt	284869	487	0
chrX_KI270881v1_alt	144206	579	0
chr19_KI270882v1_alt	248807	727	0
chr19_KI270883v1_alt	170399	327	0
chr19_KI270884v1_alt	157053	370	0
chr19_KI270885v1_alt	171027	474	0
chr19_KI270886v1_alt	204239	687	0
chr19_KI270887v1_alt	209512	372	0
chr19_KI270888v1_alt	155532	453	0
chr19_KI270889v1_alt	170698	474	0
chr19_KI270890v1_alt	184499	344	0
chr19_KI270891v1_alt	170680	405	0
chr1_KI270892v1_alt	162212	9042	0
chr2_KI270894v1_alt	214158	2640	0
chr2_KI270893v1_alt	161218	415	0
chr3_KI270895v1_alt	162896	3847	0
chr4_KI270896v1_alt	378547	4114	0
chr5_KI270897v1_alt	1144418	28107	0
chr5_KI270898v1_alt	130957	3277	0
chr6_GL000251v2_alt	4795265	48077	0
chr7_KI270899v1_alt	190869	2769	0
chr8_KI270901v1_alt	136959	267	0
chr8_KI270900v1_alt	318687	644	0
chr11_KI270902v1_alt	106711	9939	0
chr11_KI270903v1_alt	214625	1514	0
chr12_KI270904v1_alt	572349	9058	0
chr15_KI270906v1_alt	196384	728	0
chr15_KI270905v1_alt	5161414	62903	0
chr17_KI270907v1_alt	137721	299	0
chr17_KI270910v1_alt	157099	1495	0
chr17_KI270909v1_alt	325800	8012	0
chr17_JH159148v1_alt	88070	4080	0
chr17_KI270908v1_alt	1423190	22234	0
chr18_KI270912v1_alt	174061	196	0
chr18_KI270911v1_alt	157710	378	0
chr19_GL949747v2_alt	729520	3825	0
chr22_KB663609v1_alt	74013	2904	0
chrX_KI270913v1_alt	274009	1446	0
chr19_KI270914v1_alt	205194	431	0
chr19_KI270915v1_alt	170665	410	0
chr19_KI270916v1_alt	184516	402	0
chr19_KI270917v1_alt	190932	506	0
chr19_KI270918v1_alt	123111	213	0
chr19_KI270919v1_alt	170701	454	0
chr19_KI270920v1_alt	198005	476	0
chr19_KI270921v1_alt	282224	770	0
chr19_KI270922v1_alt	187935	487	0
chr19_KI270923v1_alt	189352	645	0
chr3_KI270924v1_alt	166540	3566	0
chr4_KI270925v1_alt	555799	849	0
chr6_GL000252v2_alt	4604811	43245	0
chr8_KI270926v1_alt	229282	1152	0
chr11_KI270927v1_alt	218612	9373	0
chr19_GL949748v2_alt	1064304	2238	0
chr22_KI270928v1_alt	176103	4232	0
chr19_KI270929v1_alt	186203	676	0
chr19_KI270930v1_alt	200773	771	0
chr19_KI270931v1_alt	170148	417	0
chr19_KI270932v1_alt	215732	543	0
chr19_KI270933v1_alt	170537	447	0
chr19_GL000209v2_alt	177381	329	0
chr3_KI270934v1_alt	163458	3888	0
chr6_GL000253v2_alt	4677643	27357	0
chr19_GL949749v2_alt	1091841	2041	0
chr3_KI270935v1_alt	197351	3792	1
chr6_GL000254v2_alt	4827813	37307	0
chr19_GL949750v2_alt	1066390	2158	0
chr3_KI270936v1_alt	164170	4094	0
chr6_GL000255v2_alt	4606388	38679	0
chr19_GL949751v2_alt	1002683	2144	0
chr3_KI270937v1_alt	165607	4089	0
chr6_GL000256v2_alt	4929269	38552	1
chr19_GL949752v1_alt	987100	11199	0
chr6_KI270758v1_alt	76752	589	0
chr19_GL949753v2_alt	796479	5569	0
chr19_KI270938v1_alt	1066800	11381	0
chrM	16569	12182	0
chrUn_KI270302v1	2274	0	0
chrUn_KI270304v1	2165	0	0
chrUn_KI270303v1	1942	2	0
chrUn_KI270305v1	1472	2	0
chrUn_KI270322v1	21476	2	0
chrUn_KI270320v1	4416	2	0
chrUn_KI270310v1	1201	2	0
chrUn_KI270316v1	1444	0	0
chrUn_KI270315v1	2276	0	0
chrUn_KI270312v1	998	0	0
chrUn_KI270311v1	12399	8	0
chrUn_KI270317v1	37690	0	0
chrUn_KI270412v1	1179	0	0
chrUn_KI270411v1	2646	0	0
chrUn_KI270414v1	2489	0	0
chrUn_KI270419v1	1029	0	0
chrUn_KI270418v1	2145	0	0
chrUn_KI270420v1	2321	0	0
chrUn_KI270424v1	2140	0	0
chrUn_KI270417v1	2043	4	0
chrUn_KI270422v1	1445	2	0
chrUn_KI270423v1	981	0	0
chrUn_KI270425v1	1884	0	0
chrUn_KI270429v1	1361	2	0
chrUn_KI270442v1	392061	3348	3
chrUn_KI270466v1	1233	73	0
chrUn_KI270465v1	1774	0	0
chrUn_KI270467v1	3920	191	0
chrUn_KI270435v1	92983	123	1
chrUn_KI270438v1	112505	4641	0
chrUn_KI270468v1	4055	2	0
chrUn_KI270510v1	2415	2	0
chrUn_KI270509v1	2318	2	0
chrUn_KI270518v1	2186	10	0
chrUn_KI270508v1	1951	8	0
chrUn_KI270516v1	1300	2	0
chrUn_KI270512v1	22689	42	0
chrUn_KI270519v1	138126	157	0
chrUn_KI270522v1	5674	0	0
chrUn_KI270511v1	8127	6	0
chrUn_KI270515v1	6361	12	0
chrUn_KI270507v1	5353	8	0
chrUn_KI270517v1	3253	10	0
chrUn_KI270529v1	1899	0	0
chrUn_KI270528v1	2983	5	0
chrUn_KI270530v1	2168	0	0
chrUn_KI270539v1	993	0	0
chrUn_KI270538v1	91309	147	0
chrUn_KI270544v1	1202	0	0
chrUn_KI270548v1	1599	0	0
chrUn_KI270583v1	1400	2	0
chrUn_KI270587v1	2969	16	0
chrUn_KI270580v1	1553	0	0
chrUn_KI270581v1	7046	6	0
chrUn_KI270579v1	31033	22	0
chrUn_KI270589v1	44474	49	0
chrUn_KI270590v1	4685	14	0
chrUn_KI270584v1	4513	15	0
chrUn_KI270582v1	6504	0	0
chrUn_KI270588v1	6158	8	0
chrUn_KI270593v1	3041	2	0
chrUn_KI270591v1	5796	18	0
chrUn_KI270330v1	1652	42	0
chrUn_KI270329v1	1040	0	0
chrUn_KI270334v1	1368	0	0
chrUn_KI270333v1	2699	61	0
chrUn_KI270335v1	1048	0	0
chrUn_KI270338v1	1428	0	0
chrUn_KI270340v1	1428	0	0
chrUn_KI270336v1	1026	14	0
chrUn_KI270337v1	1121	115	0
chrUn_KI270363v1	1803	0	0
chrUn_KI270364v1	2855	0	0
chrUn_KI270362v1	3530	2	0
chrUn_KI270366v1	8320	1	0
chrUn_KI270378v1	1048	0	0
chrUn_KI270379v1	1045	2	0
chrUn_KI270389v1	1298	0	0
chrUn_KI270390v1	2387	0	0
chrUn_KI270387v1	1537	0	0
chrUn_KI270395v1	1143	0	0
chrUn_KI270396v1	1880	0	0
chrUn_KI270388v1	1216	2	0
chrUn_KI270394v1	970	0	0
chrUn_KI270386v1	1788	0	0
chrUn_KI270391v1	1484	0	0
chrUn_KI270383v1	1750	0	0
chrUn_KI270393v1	1308	0	0
chrUn_KI270384v1	1658	0	0
chrUn_KI270392v1	971	0	0
chrUn_KI270381v1	1930	0	0
chrUn_KI270385v1	990	0	0
chrUn_KI270382v1	4215	4	0
chrUn_KI270376v1	1136	0	0
chrUn_KI270374v1	2656	0	0
chrUn_KI270372v1	1650	2	0
chrUn_KI270373v1	1451	0	0
chrUn_KI270375v1	2378	4	0
chrUn_KI270371v1	2805	0	0
chrUn_KI270448v1	7992	12	0
chrUn_KI270521v1	7642	12	0
chrUn_GL000195v1	182896	515	0
chrUn_GL000219v1	179198	1627	1
chrUn_GL000220v1	161802	2156	0
chrUn_GL000224v1	179693	1280	0
chrUn_KI270741v1	157432	65	0
chrUn_GL000226v1	15008	58	0
chrUn_GL000213v1	164239	7934	0
chrUn_KI270743v1	210658	596	0
chrUn_KI270744v1	168472	2584	0
chrUn_KI270745v1	41891	49	0
chrUn_KI270746v1	66486	12966	0
chrUn_KI270747v1	198735	305	0
chrUn_KI270748v1	93321	74	0
chrUn_KI270749v1	158759	1234	0
chrUn_KI270750v1	148850	2337	0
chrUn_KI270751v1	150742	811	0
chrUn_KI270752v1	27745	1	0
chrUn_KI270753v1	62944	197	0
chrUn_KI270754v1	40191	984	0
chrUn_KI270755v1	36723	34	0
chrUn_KI270756v1	79590	148	2
chrUn_KI270757v1	71251	111	0
chrUn_GL000214v1	137718	1145	0
chrUn_KI270742v1	186739	1357	0
chrUn_GL000216v2	176608	1528	2
chrUn_GL000218v1	161147	720	0
chrX	156040895	1671495	4
chrY	57227415	196160	15
chrY_KI270740v1_random	37240	12	0
*	0	0	30276
