chr1	248956422	6040807	207
chr10	133797422	2577273	97
chr11	135086622	3014744	168
chr11_KI270721v1_random	100316	206	0
chr12	133275309	3120221	137
chr13	114364328	1216369	61
chr14	107043718	1855000	74
chr14_GL000009v2_random	201709	3770	0
chr14_GL000225v1_random	211173	2793	1
chr14_KI270722v1_random	194050	3319	0
chr14_GL000194v1_random	191469	3770	2
chr14_KI270723v1_random	38115	622	0
chr14_KI270724v1_random	39555	1461	0
chr14_KI270725v1_random	172810	3278	0
chr14_KI270726v1_random	43739	5192	0
chr15	101991189	2115817	79
chr15_KI270727v1_random	448248	8217	0
chr16	90338345	2154757	85
chr16_KI270728v1_random	1872759	28235	1
chr17	83257441	2951989	110
chr17_GL000205v2_random	185591	4637	0
chr17_KI270729v1_random	280839	2550	0
chr17_KI270730v1_random	112551	490	0
chr18	80373285	1000876	24
chr19	58617616	2751623	559
chr1_KI270706v1_random	175055	3268	0
chr1_KI270707v1_random	32032	50	0
chr1_KI270708v1_random	127682	2595	0
chr1_KI270709v1_random	66860	661	0
chr1_KI270710v1_random	40176	64	0
chr1_KI270711v1_random	42210	28776	1
chr1_KI270712v1_random	176043	2785	0
chr1_KI270713v1_random	40745	3923	0
chr1_KI270714v1_random	41717	1181	0
chr2	242193529	4893956	179
chr20	64444167	1269122	51
chr21	46709983	638990	26
chr22	50818468	1074270	44
chr22_KI270731v1_random	150754	3556	0
chr22_KI270732v1_random	41543	266	0
chr22_KI270733v1_random	179772	7282	1
chr22_KI270734v1_random	165050	4947	1
chr22_KI270735v1_random	42811	368	0
chr22_KI270736v1_random	181920	677	3
chr22_KI270737v1_random	103838	348	0
chr22_KI270738v1_random	99375	110	0
chr22_KI270739v1_random	73985	41	0
chr2_KI270715v1_random	161471	116	0
chr2_KI270716v1_random	153799	129	0
chr3	198295559	3475149	138
chr3_GL000221v1_random	155397	4153	0
chr4	190214555	2535186	91
chr4_GL000008v2_random	209709	2630	0
chr5	181538259	2711834	157
chr5_GL000208v1_random	92689	104	0
chr6	170805979	2708816	119
chr7	159345973	3094454	116
chr8	145138636	1984673	70
chr9	138394717	2455927	89
chr9_KI270717v1_random	40062	645	0
chr9_KI270718v1_random	38054	948	0
chr9_KI270719v1_random	176845	3621	0
chr9_KI270720v1_random	39050	1721	0
chr1_KI270762v1_alt	354444	6223	0
chr1_KI270766v1_alt	256271	16654	1
chr1_KI270760v1_alt	109528	55	0
chr1_KI270765v1_alt	185285	1866	0
chr1_GL383518v1_alt	182439	6818	0
chr1_GL383519v1_alt	110268	7921	0
chr1_GL383520v2_alt	366580	2631	0
chr1_KI270764v1_alt	50258	32	0
chr1_KI270763v1_alt	911658	9640	0
chr1_KI270759v1_alt	425601	2096	0
chr1_KI270761v1_alt	165834	3728	0
chr2_KI270770v1_alt	136240	78	0
chr2_KI270773v1_alt	70887	734	0
chr2_KI270774v1_alt	223625	3169	0
chr2_KI270769v1_alt	120616	1283	0
chr2_GL383521v1_alt	143390	133	0
chr2_KI270772v1_alt	133041	1092	0
chr2_KI270775v1_alt	138019	80	0
chr2_KI270771v1_alt	110395	55	0
chr2_KI270768v1_alt	110099	1519	0
chr2_GL582966v2_alt	96131	2550	0
chr2_GL383522v1_alt	123821	4507	0
chr2_KI270776v1_alt	174166	941	0
chr2_KI270767v1_alt	161578	272	0
chr3_JH636055v2_alt	173151	3050	1
chr3_KI270783v1_alt	109187	47	0
chr3_KI270780v1_alt	224108	2479	0
chr3_GL383526v1_alt	180671	1162	0
chr3_KI270777v1_alt	173649	2714	0
chr3_KI270778v1_alt	248252	78	0
chr3_KI270781v1_alt	113034	74	0
chr3_KI270779v1_alt	205312	4912	0
chr3_KI270782v1_alt	162429	845	1
chr3_KI270784v1_alt	184404	4287	0
chr4_KI270790v1_alt	220246	231	0
chr4_GL383528v1_alt	376187	112	0
chr4_KI270787v1_alt	111943	70	0
chr4_GL000257v2_alt	586476	13507	0
chr4_KI270788v1_alt	158965	70	0
chr4_GL383527v1_alt	164536	3516	0
chr4_KI270785v1_alt	119912	55	0
chr4_KI270789v1_alt	205944	617	0
chr4_KI270786v1_alt	244096	72	0
chr5_KI270793v1_alt	126136	458	0
chr5_KI270792v1_alt	179043	1940	0
chr5_KI270791v1_alt	195710	3678	0
chr5_GL383532v1_alt	82728	26	0
chr5_GL949742v1_alt	226852	141	0
chr5_KI270794v1_alt	164558	1059	0
chr5_GL339449v2_alt	1612928	31573	3
chr5_GL383530v1_alt	101241	46	0
chr5_KI270796v1_alt	172708	71	0
chr5_GL383531v1_alt	173459	79	0
chr5_KI270795v1_alt	131892	1330	0
chr6_GL000250v2_alt	4672374	7927	0
chr6_KI270800v1_alt	175808	1008	0
chr6_KI270799v1_alt	152148	45	0
chr6_GL383533v1_alt	124736	682	0
chr6_KI270801v1_alt	870480	6294	0
chr6_KI270802v1_alt	75005	67	0
chr6_KB021644v2_alt	185823	95	0
chr6_KI270797v1_alt	197536	3870	0
chr6_KI270798v1_alt	271782	3413	0
chr7_KI270804v1_alt	157952	117	0
chr7_KI270809v1_alt	209586	5816	0
chr7_KI270806v1_alt	158166	2454	0
chr7_GL383534v2_alt	119183	4063	0
chr7_KI270803v1_alt	1111570	36616	0
chr7_KI270808v1_alt	271455	782	0
chr7_KI270807v1_alt	126434	85	0
chr7_KI270805v1_alt	209988	185	0
chr8_KI270818v1_alt	145606	107	0
chr8_KI270812v1_alt	282736	177	0
chr8_KI270811v1_alt	292436	180	0
chr8_KI270821v1_alt	985506	7901	0
chr8_KI270813v1_alt	300230	12270	0
chr8_KI270822v1_alt	624492	10292	0
chr8_KI270814v1_alt	141812	245	0
chr8_KI270810v1_alt	374415	162	0
chr8_KI270819v1_alt	133535	1391	0
chr8_KI270820v1_alt	36640	176	0
chr8_KI270817v1_alt	158983	1035	0
chr8_KI270816v1_alt	305841	7695	0
chr8_KI270815v1_alt	132244	1131	0
chr9_GL383539v1_alt	162988	759	0
chr9_GL383540v1_alt	71551	1264	0
chr9_GL383541v1_alt	171286	1643	0
chr9_GL383542v1_alt	60032	909	0
chr9_KI270823v1_alt	439082	2263	0
chr10_GL383545v1_alt	179254	1794	1
chr10_KI270824v1_alt	181496	1138	0
chr10_GL383546v1_alt	309802	3208	0
chr10_KI270825v1_alt	188315	3333	0
chr11_KI270832v1_alt	210133	8555	1
chr11_KI270830v1_alt	177092	1759	0
chr11_KI270831v1_alt	296895	6473	1
chr11_KI270829v1_alt	204059	2026	0
chr11_GL383547v1_alt	154407	55	0
chr11_JH159136v1_alt	200998	5310	0
chr11_JH159137v1_alt	191409	2099	0
chr11_KI270827v1_alt	67707	23	0
chr11_KI270826v1_alt	186169	106	0
chr12_GL877875v1_alt	167313	2448	0
chr12_GL877876v1_alt	408271	7841	0
chr12_KI270837v1_alt	40090	4293	0
chr12_GL383549v1_alt	120804	48	0
chr12_KI270835v1_alt	238139	6177	0
chr12_GL383550v2_alt	169178	1683	0
chr12_GL383552v1_alt	138655	593	0
chr12_GL383553v2_alt	152874	2032	0
chr12_KI270834v1_alt	119498	7397	1
chr12_GL383551v1_alt	184319	92	0
chr12_KI270833v1_alt	76061	2961	0
chr12_KI270836v1_alt	56134	137	0
chr13_KI270840v1_alt	191684	2912	0
chr13_KI270839v1_alt	180306	648	0
chr13_KI270843v1_alt	103832	43	0
chr13_KI270841v1_alt	169134	52	0
chr13_KI270838v1_alt	306913	1740	0
chr13_KI270842v1_alt	37287	255	0
chr14_KI270844v1_alt	322166	6193	1
chr14_KI270847v1_alt	1511111	26054	1
chr14_KI270845v1_alt	180703	666	0
chr14_KI270846v1_alt	1351393	36524	5
chr15_KI270852v1_alt	478999	9013	0
chr15_KI270851v1_alt	263054	12957	0
chr15_KI270848v1_alt	327382	9731	0
chr15_GL383554v1_alt	296527	9386	1
chr15_KI270849v1_alt	244917	3006	0
chr15_GL383555v2_alt	388773	1492	0
chr15_KI270850v1_alt	430880	18765	3
chr16_KI270854v1_alt	134193	1845	0
chr16_KI270856v1_alt	63982	217	0
chr16_KI270855v1_alt	232857	4823	0
chr16_KI270853v1_alt	2659700	82633	3
chr16_GL383556v1_alt	192462	4050	0
chr16_GL383557v1_alt	89672	1888	0
chr17_GL383563v3_alt	375691	1715	0
chr17_KI270862v1_alt	391357	3756	0
chr17_KI270861v1_alt	196688	9474	0
chr17_KI270857v1_alt	2877074	99996	3
chr17_JH159146v1_alt	278131	9251	0
chr17_JH159147v1_alt	70345	1602	0
chr17_GL383564v2_alt	133151	6498	0
chr17_GL000258v2_alt	1821992	15714	0
chr17_GL383565v1_alt	223995	90	0
chr17_KI270858v1_alt	235827	234	0
chr17_KI270859v1_alt	108763	125	0
chr17_GL383566v1_alt	90219	89	0
chr17_KI270860v1_alt	178921	2285	0
chr18_KI270864v1_alt	111737	86	0
chr18_GL383567v1_alt	289831	1091	0
chr18_GL383570v1_alt	164789	85	0
chr18_GL383571v1_alt	198278	1137	0
chr18_GL383568v1_alt	104552	58	0
chr18_GL383569v1_alt	167950	61	0
chr18_GL383572v1_alt	159547	294	0
chr18_KI270863v1_alt	167999	1127	0
chr19_KI270868v1_alt	61734	971	0
chr19_KI270865v1_alt	52969	1432	0
chr19_GL383573v1_alt	385657	4910	0
chr19_GL383575v2_alt	170222	2956	1
chr19_GL383576v1_alt	188024	2771	0
chr19_GL383574v1_alt	155864	1656	0
chr19_KI270866v1_alt	43156	1585	0
chr19_KI270867v1_alt	233762	3729	1
chr19_GL949746v1_alt	987716	17793	0
chr20_GL383577v2_alt	128386	96	0
chr20_KI270869v1_alt	118774	1898	0
chr20_KI270871v1_alt	58661	1055	0
chr20_KI270870v1_alt	183433	3458	1
chr21_GL383578v2_alt	63917	61	0
chr21_KI270874v1_alt	166743	95	0
chr21_KI270873v1_alt	143900	438	0
chr21_GL383579v2_alt	201197	138	0
chr21_GL383580v2_alt	74653	648	0
chr21_GL383581v2_alt	116689	3576	0
chr21_KI270872v1_alt	82692	2014	0
chr22_KI270875v1_alt	259914	3970	0
chr22_KI270878v1_alt	186262	1080	0
chr22_KI270879v1_alt	304135	8374	1
chr22_KI270876v1_alt	263666	2793	0
chr22_KI270877v1_alt	101331	957	0
chr22_GL383583v2_alt	96924	1086	0
chr22_GL383582v2_alt	162811	3192	0
chrX_KI270880v1_alt	284869	690	0
chrX_KI270881v1_alt	144206	703	0
chr19_KI270882v1_alt	248807	2074	0
chr19_KI270883v1_alt	170399	3751	0
chr19_KI270884v1_alt	157053	1389	0
chr19_KI270885v1_alt	171027	2486	0
chr19_KI270886v1_alt	204239	1894	0
chr19_KI270887v1_alt	209512	2731	0
chr19_KI270888v1_alt	155532	1427	0
chr19_KI270889v1_alt	170698	2704	0
chr19_KI270890v1_alt	184499	1524	0
chr19_KI270891v1_alt	170680	2710	0
chr1_KI270892v1_alt	162212	3695	0
chr2_KI270894v1_alt	214158	4746	0
chr2_KI270893v1_alt	161218	274	0
chr3_KI270895v1_alt	162896	2339	0
chr4_KI270896v1_alt	378547	5102	0
chr5_KI270897v1_alt	1144418	16930	1
chr5_KI270898v1_alt	130957	1506	0
chr6_GL000251v2_alt	4795265	30003	0
chr7_KI270899v1_alt	190869	1857	0
chr8_KI270901v1_alt	136959	56	0
chr8_KI270900v1_alt	318687	949	0
chr11_KI270902v1_alt	106711	24695	0
chr11_KI270903v1_alt	214625	2568	0
chr12_KI270904v1_alt	572349	12170	0
chr15_KI270906v1_alt	196384	5319	0
chr15_KI270905v1_alt	5161414	80834	2
chr17_KI270907v1_alt	137721	310	0
chr17_KI270910v1_alt	157099	2050	0
chr17_KI270909v1_alt	325800	23057	1
chr17_JH159148v1_alt	88070	2750	0
chr17_KI270908v1_alt	1423190	26112	1
chr18_KI270912v1_alt	174061	68	0
chr18_KI270911v1_alt	157710	309	0
chr19_GL949747v2_alt	729520	7634	1
chr22_KB663609v1_alt	74013	1873	0
chrX_KI270913v1_alt	274009	1736	0
chr19_KI270914v1_alt	205194	2965	0
chr19_KI270915v1_alt	170665	2639	0
chr19_KI270916v1_alt	184516	1644	0
chr19_KI270917v1_alt	190932	2779	0
chr19_KI270918v1_alt	123111	1854	0
chr19_KI270919v1_alt	170701	3485	0
chr19_KI270920v1_alt	198005	2548	0
chr19_KI270921v1_alt	282224	2528	0
chr19_KI270922v1_alt	187935	3106	0
chr19_KI270923v1_alt	189352	2550	0
chr3_KI270924v1_alt	166540	2997	0
chr4_KI270925v1_alt	555799	900	0
chr6_GL000252v2_alt	4604811	25467	0
chr8_KI270926v1_alt	229282	988	0
chr11_KI270927v1_alt	218612	16293	0
chr19_GL949748v2_alt	1064304	3907	0
chr22_KI270928v1_alt	176103	4183	0
chr19_KI270929v1_alt	186203	3108	0
chr19_KI270930v1_alt	200773	6468	0
chr19_KI270931v1_alt	170148	2708	0
chr19_KI270932v1_alt	215732	3755	0
chr19_KI270933v1_alt	170537	3113	0
chr19_GL000209v2_alt	177381	1461	0
chr3_KI270934v1_alt	163458	2328	0
chr6_GL000253v2_alt	4677643	15215	0
chr19_GL949749v2_alt	1091841	3369	0
chr3_KI270935v1_alt	197351	13470	0
chr6_GL000254v2_alt	4827813	21295	0
chr19_GL949750v2_alt	1066390	3297	0
chr3_KI270936v1_alt	164170	2304	0
chr6_GL000255v2_alt	4606388	24210	1
chr19_GL949751v2_alt	1002683	4138	1
chr3_KI270937v1_alt	165607	2303	0
chr6_GL000256v2_alt	4929269	25556	4
chr19_GL949752v1_alt	987100	18545	1
chr6_KI270758v1_alt	76752	31	0
chr19_GL949753v2_alt	796479	11521	0
chr19_KI270938v1_alt	1066800	21029	0
chrM	16569	16702	0
chrUn_KI270302v1	2274	2	0
chrUn_KI270304v1	2165	5	0
chrUn_KI270303v1	1942	5	0
chrUn_KI270305v1	1472	1	0
chrUn_KI270322v1	21476	3	0
chrUn_KI270320v1	4416	16	0
chrUn_KI270310v1	1201	19	0
chrUn_KI270316v1	1444	0	0
chrUn_KI270315v1	2276	0	0
chrUn_KI270312v1	998	0	0
chrUn_KI270311v1	12399	0	0
chrUn_KI270317v1	37690	0	0
chrUn_KI270412v1	1179	0	0
chrUn_KI270411v1	2646	2	0
chrUn_KI270414v1	2489	0	0
chrUn_KI270419v1	1029	0	0
chrUn_KI270418v1	2145	0	0
chrUn_KI270420v1	2321	4	0
chrUn_KI270424v1	2140	0	0
chrUn_KI270417v1	2043	5	0
chrUn_KI270422v1	1445	2	0
chrUn_KI270423v1	981	0	0
chrUn_KI270425v1	1884	0	0
chrUn_KI270429v1	1361	1	0
chrUn_KI270442v1	392061	6083	2
chrUn_KI270466v1	1233	223	0
chrUn_KI270465v1	1774	16	0
chrUn_KI270467v1	3920	879	1
chrUn_KI270435v1	92983	193	0
chrUn_KI270438v1	112505	3011	0
chrUn_KI270468v1	4055	6	0
chrUn_KI270510v1	2415	4	0
chrUn_KI270509v1	2318	4	0
chrUn_KI270518v1	2186	11	0
chrUn_KI270508v1	1951	7	0
chrUn_KI270516v1	1300	4	0
chrUn_KI270512v1	22689	39	0
chrUn_KI270519v1	138126	292	0
chrUn_KI270522v1	5674	3	0
chrUn_KI270511v1	8127	8	0
chrUn_KI270515v1	6361	28	0
chrUn_KI270507v1	5353	19	0
chrUn_KI270517v1	3253	6	0
chrUn_KI270529v1	1899	0	0
chrUn_KI270528v1	2983	2	0
chrUn_KI270530v1	2168	0	0
chrUn_KI270539v1	993	0	0
chrUn_KI270538v1	91309	156	0
chrUn_KI270544v1	1202	5	0
chrUn_KI270548v1	1599	2	0
chrUn_KI270583v1	1400	3	0
chrUn_KI270587v1	2969	16	0
chrUn_KI270580v1	1553	7	0
chrUn_KI270581v1	7046	8	0
chrUn_KI270579v1	31033	21	0
chrUn_KI270589v1	44474	103	1
chrUn_KI270590v1	4685	26	0
chrUn_KI270584v1	4513	11	0
chrUn_KI270582v1	6504	8	0
chrUn_KI270588v1	6158	16	0
chrUn_KI270593v1	3041	4	0
chrUn_KI270591v1	5796	20	0
chrUn_KI270330v1	1652	26	0
chrUn_KI270329v1	1040	1	0
chrUn_KI270334v1	1368	11	0
chrUn_KI270333v1	2699	109	0
chrUn_KI270335v1	1048	4	0
chrUn_KI270338v1	1428	1	0
chrUn_KI270340v1	1428	3	0
chrUn_KI270336v1	1026	25	0
chrUn_KI270337v1	1121	74	0
chrUn_KI270363v1	1803	0	0
chrUn_KI270364v1	2855	2	0
chrUn_KI270362v1	3530	9	0
chrUn_KI270366v1	8320	4	0
chrUn_KI270378v1	1048	2	0
chrUn_KI270379v1	1045	0	0
chrUn_KI270389v1	1298	0	0
chrUn_KI270390v1	2387	0	0
chrUn_KI270387v1	1537	0	0
chrUn_KI270395v1	1143	0	0
chrUn_KI270396v1	1880	0	0
chrUn_KI270388v1	1216	1	0
chrUn_KI270394v1	970	0	0
chrUn_KI270386v1	1788	0	0
chrUn_KI270391v1	1484	0	0
chrUn_KI270383v1	1750	1	0
chrUn_KI270393v1	1308	0	0
chrUn_KI270384v1	1658	0	0
chrUn_KI270392v1	971	0	0
chrUn_KI270381v1	1930	2	0
chrUn_KI270385v1	990	0	0
chrUn_KI270382v1	4215	3	0
chrUn_KI270376v1	1136	0	0
chrUn_KI270374v1	2656	0	0
chrUn_KI270372v1	1650	2	0
chrUn_KI270373v1	1451	0	0
chrUn_KI270375v1	2378	0	0
chrUn_KI270371v1	2805	0	0
chrUn_KI270448v1	7992	14	0
chrUn_KI270521v1	7642	3	0
chrUn_GL000195v1	182896	979	0
chrUn_GL000219v1	179198	2286	0
chrUn_GL000220v1	161802	5539	0
chrUn_GL000224v1	179693	3304	0
chrUn_KI270741v1	157432	125	0
chrUn_GL000226v1	15008	43	0
chrUn_GL000213v1	164239	7642	0
chrUn_KI270743v1	210658	619	0
chrUn_KI270744v1	168472	11815	0
chrUn_KI270745v1	41891	104	0
chrUn_KI270746v1	66486	11450	1
chrUn_KI270747v1	198735	976	1
chrUn_KI270748v1	93321	167	0
chrUn_KI270749v1	158759	1483	0
chrUn_KI270750v1	148850	2920	1
chrUn_KI270751v1	150742	1558	0
chrUn_KI270752v1	27745	1	0
chrUn_KI270753v1	62944	76	0
chrUn_KI270754v1	40191	187	0
chrUn_KI270755v1	36723	13	0
chrUn_KI270756v1	79590	142	0
chrUn_KI270757v1	71251	202	0
chrUn_GL000214v1	137718	2105	0
chrUn_KI270742v1	186739	5505	0
chrUn_GL000216v2	176608	2328	1
chrUn_GL000218v1	161147	6009	0
chrX	156040895	1518331	55
chrY	57227415	336012	31
chrY_KI270740v1_random	37240	11	0
*	0	0	3906
