chr1	248956422	6679398	100
chr10	133797422	2823530	62
chr11	135086622	3269984	111
chr11_KI270721v1_random	100316	257	0
chr12	133275309	3419201	61
chr13	114364328	1337533	39
chr14	107043718	2057172	38
chr14_GL000009v2_random	201709	3371	0
chr14_GL000225v1_random	211173	3121	1
chr14_KI270722v1_random	194050	3518	0
chr14_GL000194v1_random	191469	4435	0
chr14_KI270723v1_random	38115	670	0
chr14_KI270724v1_random	39555	1710	1
chr14_KI270725v1_random	172810	4370	0
chr14_KI270726v1_random	43739	1399	1
chr15	101991189	2319297	26
chr15_KI270727v1_random	448248	10956	0
chr16	90338345	2394402	42
chr16_KI270728v1_random	1872759	42898	2
chr17	83257441	3197395	54
chr17_GL000205v2_random	185591	4631	0
chr17_KI270729v1_random	280839	3885	3
chr17_KI270730v1_random	112551	536	2
chr18	80373285	1094897	15
chr19	58617616	2956273	618
chr1_KI270706v1_random	175055	3307	0
chr1_KI270707v1_random	32032	41	0
chr1_KI270708v1_random	127682	2976	0
chr1_KI270709v1_random	66860	681	0
chr1_KI270710v1_random	40176	56	0
chr1_KI270711v1_random	42210	31631	0
chr1_KI270712v1_random	176043	3210	0
chr1_KI270713v1_random	40745	2992	0
chr1_KI270714v1_random	41717	1210	0
chr2	242193529	5388438	74
chr20	64444167	1386243	30
chr21	46709983	694274	17
chr22	50818468	1160613	22
chr22_KI270731v1_random	150754	3074	3
chr22_KI270732v1_random	41543	541	0
chr22_KI270733v1_random	179772	6104	0
chr22_KI270734v1_random	165050	4531	0
chr22_KI270735v1_random	42811	491	0
chr22_KI270736v1_random	181920	885	5
chr22_KI270737v1_random	103838	559	2
chr22_KI270738v1_random	99375	154	0
chr22_KI270739v1_random	73985	48	0
chr2_KI270715v1_random	161471	135	0
chr2_KI270716v1_random	153799	167	0
chr3	198295559	3812906	66
chr3_GL000221v1_random	155397	3948	0
chr4	190214555	2804753	45
chr4_GL000008v2_random	209709	2889	0
chr5	181538259	3001690	84
chr5_GL000208v1_random	92689	150	0
chr6	170805979	2968509	39
chr7	159345973	3338384	77
chr8	145138636	2202157	46
chr9	138394717	2695758	36
chr9_KI270717v1_random	40062	750	0
chr9_KI270718v1_random	38054	1010	0
chr9_KI270719v1_random	176845	3885	0
chr9_KI270720v1_random	39050	1855	0
chr1_KI270762v1_alt	354444	5962	0
chr1_KI270766v1_alt	256271	25294	0
chr1_KI270760v1_alt	109528	70	0
chr1_KI270765v1_alt	185285	2001	0
chr1_GL383518v1_alt	182439	7143	0
chr1_GL383519v1_alt	110268	8741	0
chr1_GL383520v2_alt	366580	2818	0
chr1_KI270764v1_alt	50258	55	0
chr1_KI270763v1_alt	911658	10381	0
chr1_KI270759v1_alt	425601	2245	0
chr1_KI270761v1_alt	165834	4074	0
chr2_KI270770v1_alt	136240	72	0
chr2_KI270773v1_alt	70887	816	0
chr2_KI270774v1_alt	223625	3725	0
chr2_KI270769v1_alt	120616	1258	0
chr2_GL383521v1_alt	143390	160	0
chr2_KI270772v1_alt	133041	1068	0
chr2_KI270775v1_alt	138019	62	0
chr2_KI270771v1_alt	110395	49	0
chr2_KI270768v1_alt	110099	1578	0
chr2_GL582966v2_alt	96131	2977	0
chr2_GL383522v1_alt	123821	4818	0
chr2_KI270776v1_alt	174166	1092	0
chr2_KI270767v1_alt	161578	268	0
chr3_JH636055v2_alt	173151	3296	0
chr3_KI270783v1_alt	109187	67	0
chr3_KI270780v1_alt	224108	2797	0
chr3_GL383526v1_alt	180671	1338	0
chr3_KI270777v1_alt	173649	3163	0
chr3_KI270778v1_alt	248252	106	0
chr3_KI270781v1_alt	113034	98	0
chr3_KI270779v1_alt	205312	16841	1
chr3_KI270782v1_alt	162429	857	0
chr3_KI270784v1_alt	184404	4540	0
chr4_KI270790v1_alt	220246	237	0
chr4_GL383528v1_alt	376187	190	0
chr4_KI270787v1_alt	111943	78	0
chr4_GL000257v2_alt	586476	14544	0
chr4_KI270788v1_alt	158965	64	0
chr4_GL383527v1_alt	164536	3614	0
chr4_KI270785v1_alt	119912	86	0
chr4_KI270789v1_alt	205944	699	0
chr4_KI270786v1_alt	244096	82	0
chr5_KI270793v1_alt	126136	510	0
chr5_KI270792v1_alt	179043	2137	0
chr5_KI270791v1_alt	195710	3736	0
chr5_GL383532v1_alt	82728	43	0
chr5_GL949742v1_alt	226852	128	0
chr5_KI270794v1_alt	164558	1193	1
chr5_GL339449v2_alt	1612928	41773	2
chr5_GL383530v1_alt	101241	51	0
chr5_KI270796v1_alt	172708	92	0
chr5_GL383531v1_alt	173459	71	0
chr5_KI270795v1_alt	131892	1657	0
chr6_GL000250v2_alt	4672374	7598	0
chr6_KI270800v1_alt	175808	933	0
chr6_KI270799v1_alt	152148	94	0
chr6_GL383533v1_alt	124736	819	0
chr6_KI270801v1_alt	870480	6749	0
chr6_KI270802v1_alt	75005	91	0
chr6_KB021644v2_alt	185823	109	0
chr6_KI270797v1_alt	197536	4096	0
chr6_KI270798v1_alt	271782	3595	0
chr7_KI270804v1_alt	157952	149	0
chr7_KI270809v1_alt	209586	7123	0
chr7_KI270806v1_alt	158166	2620	0
chr7_GL383534v2_alt	119183	4343	0
chr7_KI270803v1_alt	1111570	35987	0
chr7_KI270808v1_alt	271455	881	0
chr7_KI270807v1_alt	126434	74	0
chr7_KI270805v1_alt	209988	165	0
chr8_KI270818v1_alt	145606	104	0
chr8_KI270812v1_alt	282736	180	0
chr8_KI270811v1_alt	292436	228	0
chr8_KI270821v1_alt	985506	8640	0
chr8_KI270813v1_alt	300230	22088	0
chr8_KI270822v1_alt	624492	11268	0
chr8_KI270814v1_alt	141812	226	0
chr8_KI270810v1_alt	374415	202	0
chr8_KI270819v1_alt	133535	1397	0
chr8_KI270820v1_alt	36640	232	0
chr8_KI270817v1_alt	158983	1062	0
chr8_KI270816v1_alt	305841	7989	0
chr8_KI270815v1_alt	132244	1097	0
chr9_GL383539v1_alt	162988	907	0
chr9_GL383540v1_alt	71551	1451	0
chr9_GL383541v1_alt	171286	1608	0
chr9_GL383542v1_alt	60032	973	0
chr9_KI270823v1_alt	439082	2381	0
chr10_GL383545v1_alt	179254	2536	0
chr10_KI270824v1_alt	181496	1361	1
chr10_GL383546v1_alt	309802	3442	0
chr10_KI270825v1_alt	188315	3373	0
chr11_KI270832v1_alt	210133	9553	0
chr11_KI270830v1_alt	177092	1524	0
chr11_KI270831v1_alt	296895	6765	0
chr11_KI270829v1_alt	204059	2378	0
chr11_GL383547v1_alt	154407	46	0
chr11_JH159136v1_alt	200998	5762	0
chr11_JH159137v1_alt	191409	2413	1
chr11_KI270827v1_alt	67707	22	0
chr11_KI270826v1_alt	186169	180	0
chr12_GL877875v1_alt	167313	3136	0
chr12_GL877876v1_alt	408271	7553	0
chr12_KI270837v1_alt	40090	6133	0
chr12_GL383549v1_alt	120804	74	0
chr12_KI270835v1_alt	238139	7340	0
chr12_GL383550v2_alt	169178	1870	0
chr12_GL383552v1_alt	138655	727	0
chr12_GL383553v2_alt	152874	2425	0
chr12_KI270834v1_alt	119498	8450	0
chr12_GL383551v1_alt	184319	81	0
chr12_KI270833v1_alt	76061	3368	0
chr12_KI270836v1_alt	56134	151	0
chr13_KI270840v1_alt	191684	3806	1
chr13_KI270839v1_alt	180306	797	0
chr13_KI270843v1_alt	103832	61	0
chr13_KI270841v1_alt	169134	80	0
chr13_KI270838v1_alt	306913	1827	0
chr13_KI270842v1_alt	37287	204	0
chr14_KI270844v1_alt	322166	7128	0
chr14_KI270847v1_alt	1511111	27755	0
chr14_KI270845v1_alt	180703	657	0
chr14_KI270846v1_alt	1351393	37145	2
chr15_KI270852v1_alt	478999	12293	1
chr15_KI270851v1_alt	263054	14767	0
chr15_KI270848v1_alt	327382	10480	0
chr15_GL383554v1_alt	296527	9791	0
chr15_KI270849v1_alt	244917	3284	0
chr15_GL383555v2_alt	388773	1582	0
chr15_KI270850v1_alt	430880	21397	0
chr16_KI270854v1_alt	134193	1993	0
chr16_KI270856v1_alt	63982	255	0
chr16_KI270855v1_alt	232857	4934	0
chr16_KI270853v1_alt	2659700	98094	2
chr16_GL383556v1_alt	192462	4332	0
chr16_GL383557v1_alt	89672	2055	0
chr17_GL383563v3_alt	375691	1755	1
chr17_KI270862v1_alt	391357	4573	0
chr17_KI270861v1_alt	196688	10101	0
chr17_KI270857v1_alt	2877074	102984	1
chr17_JH159146v1_alt	278131	10351	0
chr17_JH159147v1_alt	70345	2432	0
chr17_GL383564v2_alt	133151	7282	0
chr17_GL000258v2_alt	1821992	17031	0
chr17_GL383565v1_alt	223995	124	0
chr17_KI270858v1_alt	235827	236	0
chr17_KI270859v1_alt	108763	144	0
chr17_GL383566v1_alt	90219	77	0
chr17_KI270860v1_alt	178921	2449	0
chr18_KI270864v1_alt	111737	75	0
chr18_GL383567v1_alt	289831	1329	0
chr18_GL383570v1_alt	164789	104	0
chr18_GL383571v1_alt	198278	1413	0
chr18_GL383568v1_alt	104552	58	0
chr18_GL383569v1_alt	167950	73	0
chr18_GL383572v1_alt	159547	349	0
chr18_KI270863v1_alt	167999	1141	0
chr19_KI270868v1_alt	61734	1104	0
chr19_KI270865v1_alt	52969	1481	0
chr19_GL383573v1_alt	385657	4811	0
chr19_GL383575v2_alt	170222	3383	0
chr19_GL383576v1_alt	188024	3006	0
chr19_GL383574v1_alt	155864	1946	0
chr19_KI270866v1_alt	43156	1430	0
chr19_KI270867v1_alt	233762	4081	0
chr19_GL949746v1_alt	987716	17976	0
chr20_GL383577v2_alt	128386	114	0
chr20_KI270869v1_alt	118774	2214	0
chr20_KI270871v1_alt	58661	1117	0
chr20_KI270870v1_alt	183433	3772	0
chr21_GL383578v2_alt	63917	49	0
chr21_KI270874v1_alt	166743	96	0
chr21_KI270873v1_alt	143900	470	0
chr21_GL383579v2_alt	201197	131	0
chr21_GL383580v2_alt	74653	630	0
chr21_GL383581v2_alt	116689	4024	0
chr21_KI270872v1_alt	82692	1951	0
chr22_KI270875v1_alt	259914	5431	0
chr22_KI270878v1_alt	186262	1159	0
chr22_KI270879v1_alt	304135	8599	0
chr22_KI270876v1_alt	263666	3241	0
chr22_KI270877v1_alt	101331	1216	0
chr22_GL383583v2_alt	96924	1223	0
chr22_GL383582v2_alt	162811	3300	0
chrX_KI270880v1_alt	284869	751	0
chrX_KI270881v1_alt	144206	670	0
chr19_KI270882v1_alt	248807	6862	0
chr19_KI270883v1_alt	170399	3265	1
chr19_KI270884v1_alt	157053	2929	0
chr19_KI270885v1_alt	171027	2967	0
chr19_KI270886v1_alt	204239	6969	0
chr19_KI270887v1_alt	209512	3579	0
chr19_KI270888v1_alt	155532	2615	0
chr19_KI270889v1_alt	170698	2760	0
chr19_KI270890v1_alt	184499	2759	0
chr19_KI270891v1_alt	170680	2977	0
chr1_KI270892v1_alt	162212	4174	0
chr2_KI270894v1_alt	214158	5067	0
chr2_KI270893v1_alt	161218	285	0
chr3_KI270895v1_alt	162896	4771	1
chr4_KI270896v1_alt	378547	4777	0
chr5_KI270897v1_alt	1144418	27053	0
chr5_KI270898v1_alt	130957	1588	0
chr6_GL000251v2_alt	4795265	32458	0
chr7_KI270899v1_alt	190869	2363	0
chr8_KI270901v1_alt	136959	79	0
chr8_KI270900v1_alt	318687	942	0
chr11_KI270902v1_alt	106711	21927	2
chr11_KI270903v1_alt	214625	2907	0
chr12_KI270904v1_alt	572349	16232	0
chr15_KI270906v1_alt	196384	5552	0
chr15_KI270905v1_alt	5161414	87608	1
chr17_KI270907v1_alt	137721	301	0
chr17_KI270910v1_alt	157099	2643	0
chr17_KI270909v1_alt	325800	18529	0
chr17_JH159148v1_alt	88070	2131	0
chr17_KI270908v1_alt	1423190	25966	0
chr18_KI270912v1_alt	174061	54	0
chr18_KI270911v1_alt	157710	369	0
chr19_GL949747v2_alt	729520	8111	0
chr22_KB663609v1_alt	74013	1602	0
chrX_KI270913v1_alt	274009	1275	1
chr19_KI270914v1_alt	205194	3854	0
chr19_KI270915v1_alt	170665	3038	0
chr19_KI270916v1_alt	184516	3226	0
chr19_KI270917v1_alt	190932	3030	0
chr19_KI270918v1_alt	123111	1688	0
chr19_KI270919v1_alt	170701	3107	0
chr19_KI270920v1_alt	198005	2615	0
chr19_KI270921v1_alt	282224	7007	0
chr19_KI270922v1_alt	187935	3068	0
chr19_KI270923v1_alt	189352	3216	0
chr3_KI270924v1_alt	166540	7726	0
chr4_KI270925v1_alt	555799	600	0
chr6_GL000252v2_alt	4604811	26348	0
chr8_KI270926v1_alt	229282	987	0
chr11_KI270927v1_alt	218612	15943	0
chr19_GL949748v2_alt	1064304	4926	0
chr22_KI270928v1_alt	176103	4165	0
chr19_KI270929v1_alt	186203	2979	0
chr19_KI270930v1_alt	200773	4930	0
chr19_KI270931v1_alt	170148	3163	0
chr19_KI270932v1_alt	215732	4483	0
chr19_KI270933v1_alt	170537	4664	0
chr19_GL000209v2_alt	177381	2706	0
chr3_KI270934v1_alt	163458	4837	0
chr6_GL000253v2_alt	4677643	14013	0
chr19_GL949749v2_alt	1091841	3925	0
chr3_KI270935v1_alt	197351	4669	0
chr6_GL000254v2_alt	4827813	23989	0
chr19_GL949750v2_alt	1066390	3637	0
chr3_KI270936v1_alt	164170	5301	0
chr6_GL000255v2_alt	4606388	27608	1
chr19_GL949751v2_alt	1002683	4410	0
chr3_KI270937v1_alt	165607	4855	0
chr6_GL000256v2_alt	4929269	27188	0
chr19_GL949752v1_alt	987100	18063	0
chr6_KI270758v1_alt	76752	287	0
chr19_GL949753v2_alt	796479	13136	0
chr19_KI270938v1_alt	1066800	21101	0
chrM	16569	17277	1
chrUn_KI270302v1	2274	2	0
chrUn_KI270304v1	2165	0	0
chrUn_KI270303v1	1942	3	0
chrUn_KI270305v1	1472	2	0
chrUn_KI270322v1	21476	8	0
chrUn_KI270320v1	4416	4	0
chrUn_KI270310v1	1201	7	0
chrUn_KI270316v1	1444	0	0
chrUn_KI270315v1	2276	0	0
chrUn_KI270312v1	998	0	0
chrUn_KI270311v1	12399	4	0
chrUn_KI270317v1	37690	0	0
chrUn_KI270412v1	1179	4	0
chrUn_KI270411v1	2646	2	0
chrUn_KI270414v1	2489	4	0
chrUn_KI270419v1	1029	0	0
chrUn_KI270418v1	2145	6	0
chrUn_KI270420v1	2321	5	0
chrUn_KI270424v1	2140	2	0
chrUn_KI270417v1	2043	2	0
chrUn_KI270422v1	1445	0	0
chrUn_KI270423v1	981	2	0
chrUn_KI270425v1	1884	0	0
chrUn_KI270429v1	1361	0	0
chrUn_KI270442v1	392061	6684	1
chrUn_KI270466v1	1233	156	0
chrUn_KI270465v1	1774	8	0
chrUn_KI270467v1	3920	557	0
chrUn_KI270435v1	92983	238	2
chrUn_KI270438v1	112505	6164	1
chrUn_KI270468v1	4055	4	0
chrUn_KI270510v1	2415	4	0
chrUn_KI270509v1	2318	22	0
chrUn_KI270518v1	2186	10	0
chrUn_KI270508v1	1951	12	0
chrUn_KI270516v1	1300	2	0
chrUn_KI270512v1	22689	39	0
chrUn_KI270519v1	138126	316	0
chrUn_KI270522v1	5674	0	0
chrUn_KI270511v1	8127	12	0
chrUn_KI270515v1	6361	33	0
chrUn_KI270507v1	5353	13	0
chrUn_KI270517v1	3253	23	0
chrUn_KI270529v1	1899	4	0
chrUn_KI270528v1	2983	2	0
chrUn_KI270530v1	2168	4	0
chrUn_KI270539v1	993	1	0
chrUn_KI270538v1	91309	232	0
chrUn_KI270544v1	1202	0	0
chrUn_KI270548v1	1599	0	0
chrUn_KI270583v1	1400	0	0
chrUn_KI270587v1	2969	6	0
chrUn_KI270580v1	1553	4	0
chrUn_KI270581v1	7046	22	0
chrUn_KI270579v1	31033	24	0
chrUn_KI270589v1	44474	92	3
chrUn_KI270590v1	4685	23	0
chrUn_KI270584v1	4513	16	0
chrUn_KI270582v1	6504	4	0
chrUn_KI270588v1	6158	12	0
chrUn_KI270593v1	3041	7	0
chrUn_KI270591v1	5796	36	0
chrUn_KI270330v1	1652	57	0
chrUn_KI270329v1	1040	2	0
chrUn_KI270334v1	1368	6	0
chrUn_KI270333v1	2699	77	0
chrUn_KI270335v1	1048	2	0
chrUn_KI270338v1	1428	2	0
chrUn_KI270340v1	1428	6	0
chrUn_KI270336v1	1026	6	0
chrUn_KI270337v1	1121	48	0
chrUn_KI270363v1	1803	3	0
chrUn_KI270364v1	2855	4	0
chrUn_KI270362v1	3530	4	0
chrUn_KI270366v1	8320	4	0
chrUn_KI270378v1	1048	0	0
chrUn_KI270379v1	1045	0	0
chrUn_KI270389v1	1298	0	0
chrUn_KI270390v1	2387	0	0
chrUn_KI270387v1	1537	4	0
chrUn_KI270395v1	1143	6	0
chrUn_KI270396v1	1880	4	0
chrUn_KI270388v1	1216	0	0
chrUn_KI270394v1	970	0	0
chrUn_KI270386v1	1788	0	0
chrUn_KI270391v1	1484	0	0
chrUn_KI270383v1	1750	1	0
chrUn_KI270393v1	1308	0	0
chrUn_KI270384v1	1658	1	0
chrUn_KI270392v1	971	0	0
chrUn_KI270381v1	1930	0	0
chrUn_KI270385v1	990	4	0
chrUn_KI270382v1	4215	1	0
chrUn_KI270376v1	1136	0	0
chrUn_KI270374v1	2656	3	0
chrUn_KI270372v1	1650	0	0
chrUn_KI270373v1	1451	2	0
chrUn_KI270375v1	2378	2	0
chrUn_KI270371v1	2805	2	0
chrUn_KI270448v1	7992	24	0
chrUn_KI270521v1	7642	4	0
chrUn_GL000195v1	182896	876	0
chrUn_GL000219v1	179198	3407	0
chrUn_GL000220v1	161802	4991	0
chrUn_GL000224v1	179693	3968	0
chrUn_KI270741v1	157432	248	0
chrUn_GL000226v1	15008	116	0
chrUn_GL000213v1	164239	8579	0
chrUn_KI270743v1	210658	553	0
chrUn_KI270744v1	168472	9492	0
chrUn_KI270745v1	41891	122	0
chrUn_KI270746v1	66486	12674	0
chrUn_KI270747v1	198735	1046	0
chrUn_KI270748v1	93321	151	0
chrUn_KI270749v1	158759	1306	0
chrUn_KI270750v1	148850	4001	0
chrUn_KI270751v1	150742	2039	0
chrUn_KI270752v1	27745	0	0
chrUn_KI270753v1	62944	88	0
chrUn_KI270754v1	40191	107	0
chrUn_KI270755v1	36723	8	0
chrUn_KI270756v1	79590	190	0
chrUn_KI270757v1	71251	250	0
chrUn_GL000214v1	137718	2458	0
chrUn_KI270742v1	186739	4302	0
chrUn_GL000216v2	176608	2991	2
chrUn_GL000218v1	161147	5687	0
chrX	156040895	1674082	35
chrY	57227415	385579	35
chrY_KI270740v1_random	37240	26	0
*	0	0	7390
