chr1	248956422	5989223	16
chr10	133797422	2233172	15
chr11	135086622	2798157	11
chr11_KI270721v1_random	100316	792	0
chr12	133275309	2484460	10
chr13	114364328	876172	4
chr14	107043718	1507562	3
chr14_GL000009v2_random	201709	953	0
chr14_GL000225v1_random	211173	3252	1
chr14_KI270722v1_random	194050	433	0
chr14_GL000194v1_random	191469	2417	0
chr14_KI270723v1_random	38115	279	0
chr14_KI270724v1_random	39555	197	0
chr14_KI270725v1_random	172810	1018	0
chr14_KI270726v1_random	43739	74	0
chr15	101991189	1795468	5
chr15_KI270727v1_random	448248	12433	0
chr16	90338345	2132316	9
chr16_KI270728v1_random	1872759	30897	0
chr17	83257441	2868057	17
chr17_GL000205v2_random	185591	1562	0
chr17_KI270729v1_random	280839	3561	2
chr17_KI270730v1_random	112551	651	0
chr18	80373285	727274	3
chr19	58617616	2476125	109
chr1_KI270706v1_random	175055	809	0
chr1_KI270707v1_random	32032	40	0
chr1_KI270708v1_random	127682	117	0
chr1_KI270709v1_random	66860	1557	0
chr1_KI270710v1_random	40176	25	0
chr1_KI270711v1_random	42210	7463	0
chr1_KI270712v1_random	176043	1531	0
chr1_KI270713v1_random	40745	4729	0
chr1_KI270714v1_random	41717	1708	0
chr2	242193529	4323259	11
chr20	64444167	1162549	10
chr21	46709983	522495	7
chr22	50818468	1214623	6
chr22_KI270731v1_random	150754	7870	0
chr22_KI270732v1_random	41543	157	0
chr22_KI270733v1_random	179772	1981	1
chr22_KI270734v1_random	165050	10425	0
chr22_KI270735v1_random	42811	354	0
chr22_KI270736v1_random	181920	1395	6
chr22_KI270737v1_random	103838	353	2
chr22_KI270738v1_random	99375	173	0
chr22_KI270739v1_random	73985	20	0
chr2_KI270715v1_random	161471	87	0
chr2_KI270716v1_random	153799	88	0
chr3	198295559	3067780	11
chr3_GL000221v1_random	155397	593	0
chr4	190214555	1989044	13
chr4_GL000008v2_random	209709	1079	0
chr5	181538259	2419758	13
chr5_GL000208v1_random	92689	91	0
chr6	170805979	2080463	7
chr7	159345973	2633594	17
chr8	145138636	1482229	2
chr9	138394717	2172570	4
chr9_KI270717v1_random	40062	318	0
chr9_KI270718v1_random	38054	994	0
chr9_KI270719v1_random	176845	1831	0
chr9_KI270720v1_random	39050	1349	0
chr1_KI270762v1_alt	354444	7989	0
chr1_KI270766v1_alt	256271	29158	0
chr1_KI270760v1_alt	109528	145	0
chr1_KI270765v1_alt	185285	1772	0
chr1_GL383518v1_alt	182439	6896	0
chr1_GL383519v1_alt	110268	14237	0
chr1_GL383520v2_alt	366580	2005	0
chr1_KI270764v1_alt	50258	64	0
chr1_KI270763v1_alt	911658	11052	0
chr1_KI270759v1_alt	425601	3347	0
chr1_KI270761v1_alt	165834	13252	0
chr2_KI270770v1_alt	136240	92	0
chr2_KI270773v1_alt	70887	722	0
chr2_KI270774v1_alt	223625	1801	0
chr2_KI270769v1_alt	120616	2461	0
chr2_GL383521v1_alt	143390	160	0
chr2_KI270772v1_alt	133041	732	0
chr2_KI270775v1_alt	138019	58	0
chr2_KI270771v1_alt	110395	50	0
chr2_KI270768v1_alt	110099	1170	0
chr2_GL582966v2_alt	96131	2454	0
chr2_GL383522v1_alt	123821	3374	0
chr2_KI270776v1_alt	174166	2088	0
chr2_KI270767v1_alt	161578	316	0
chr3_JH636055v2_alt	173151	1974	0
chr3_KI270783v1_alt	109187	63	0
chr3_KI270780v1_alt	224108	610	0
chr3_GL383526v1_alt	180671	734	0
chr3_KI270777v1_alt	173649	1989	0
chr3_KI270778v1_alt	248252	96	0
chr3_KI270781v1_alt	113034	126	0
chr3_KI270779v1_alt	205312	24879	0
chr3_KI270782v1_alt	162429	1092	0
chr3_KI270784v1_alt	184404	4230	0
chr4_KI270790v1_alt	220246	158	0
chr4_GL383528v1_alt	376187	157	0
chr4_KI270787v1_alt	111943	71	0
chr4_GL000257v2_alt	586476	11196	0
chr4_KI270788v1_alt	158965	92	0
chr4_GL383527v1_alt	164536	2115	0
chr4_KI270785v1_alt	119912	100	0
chr4_KI270789v1_alt	205944	376	0
chr4_KI270786v1_alt	244096	113	0
chr5_KI270793v1_alt	126136	534	0
chr5_KI270792v1_alt	179043	2932	0
chr5_KI270791v1_alt	195710	4971	0
chr5_GL383532v1_alt	82728	36	0
chr5_GL949742v1_alt	226852	148	0
chr5_KI270794v1_alt	164558	1487	0
chr5_GL339449v2_alt	1612928	34530	0
chr5_GL383530v1_alt	101241	47	0
chr5_KI270796v1_alt	172708	79	0
chr5_GL383531v1_alt	173459	108	0
chr5_KI270795v1_alt	131892	3352	0
chr6_GL000250v2_alt	4672374	20937	0
chr6_KI270800v1_alt	175808	1022	0
chr6_KI270799v1_alt	152148	53	0
chr6_GL383533v1_alt	124736	497	0
chr6_KI270801v1_alt	870480	4479	0
chr6_KI270802v1_alt	75005	88	0
chr6_KB021644v2_alt	185823	148	0
chr6_KI270797v1_alt	197536	1932	0
chr6_KI270798v1_alt	271782	2643	0
chr7_KI270804v1_alt	157952	368	0
chr7_KI270809v1_alt	209586	5870	0
chr7_KI270806v1_alt	158166	2619	0
chr7_GL383534v2_alt	119183	2087	0
chr7_KI270803v1_alt	1111570	19583	0
chr7_KI270808v1_alt	271455	923	0
chr7_KI270807v1_alt	126434	189	0
chr7_KI270805v1_alt	209988	264	0
chr8_KI270818v1_alt	145606	164	0
chr8_KI270812v1_alt	282736	332	0
chr8_KI270811v1_alt	292436	302	0
chr8_KI270821v1_alt	985506	7486	0
chr8_KI270813v1_alt	300230	25136	0
chr8_KI270822v1_alt	624492	4596	0
chr8_KI270814v1_alt	141812	193	0
chr8_KI270810v1_alt	374415	195	0
chr8_KI270819v1_alt	133535	1719	0
chr8_KI270820v1_alt	36640	145	0
chr8_KI270817v1_alt	158983	1102	0
chr8_KI270816v1_alt	305841	10705	0
chr8_KI270815v1_alt	132244	1176	0
chr9_GL383539v1_alt	162988	779	0
chr9_GL383540v1_alt	71551	1103	0
chr9_GL383541v1_alt	171286	1027	0
chr9_GL383542v1_alt	60032	404	0
chr9_KI270823v1_alt	439082	1411	0
chr10_GL383545v1_alt	179254	1187	0
chr10_KI270824v1_alt	181496	736	0
chr10_GL383546v1_alt	309802	3250	0
chr10_KI270825v1_alt	188315	4588	0
chr11_KI270832v1_alt	210133	7639	0
chr11_KI270830v1_alt	177092	1899	0
chr11_KI270831v1_alt	296895	4994	0
chr11_KI270829v1_alt	204059	2356	0
chr11_GL383547v1_alt	154407	63	0
chr11_JH159136v1_alt	200998	4621	0
chr11_JH159137v1_alt	191409	1806	0
chr11_KI270827v1_alt	67707	99	0
chr11_KI270826v1_alt	186169	207	0
chr12_GL877875v1_alt	167313	2896	0
chr12_GL877876v1_alt	408271	6108	0
chr12_KI270837v1_alt	40090	1251	0
chr12_GL383549v1_alt	120804	58	0
chr12_KI270835v1_alt	238139	734	0
chr12_GL383550v2_alt	169178	538	0
chr12_GL383552v1_alt	138655	574	0
chr12_GL383553v2_alt	152874	1409	0
chr12_KI270834v1_alt	119498	6109	0
chr12_GL383551v1_alt	184319	170	0
chr12_KI270833v1_alt	76061	1715	0
chr12_KI270836v1_alt	56134	56	0
chr13_KI270840v1_alt	191684	568	0
chr13_KI270839v1_alt	180306	467	0
chr13_KI270843v1_alt	103832	34	0
chr13_KI270841v1_alt	169134	88	0
chr13_KI270838v1_alt	306913	1664	0
chr13_KI270842v1_alt	37287	38	0
chr14_KI270844v1_alt	322166	2910	0
chr14_KI270847v1_alt	1511111	20079	0
chr14_KI270845v1_alt	180703	810	0
chr14_KI270846v1_alt	1351393	41381	0
chr15_KI270852v1_alt	478999	12918	0
chr15_KI270851v1_alt	263054	11888	0
chr15_KI270848v1_alt	327382	5008	0
chr15_GL383554v1_alt	296527	5449	0
chr15_KI270849v1_alt	244917	3423	0
chr15_GL383555v2_alt	388773	3082	0
chr15_KI270850v1_alt	430880	4998	0
chr16_KI270854v1_alt	134193	2366	0
chr16_KI270856v1_alt	63982	120	0
chr16_KI270855v1_alt	232857	6576	0
chr16_KI270853v1_alt	2659700	107142	0
chr16_GL383556v1_alt	192462	7235	0
chr16_GL383557v1_alt	89672	1497	0
chr17_GL383563v3_alt	375691	1845	0
chr17_KI270862v1_alt	391357	3565	0
chr17_KI270861v1_alt	196688	11353	0
chr17_KI270857v1_alt	2877074	51493	1
chr17_JH159146v1_alt	278131	10517	0
chr17_JH159147v1_alt	70345	3894	0
chr17_GL383564v2_alt	133151	6141	0
chr17_GL000258v2_alt	1821992	21062	0
chr17_GL383565v1_alt	223995	110	0
chr17_KI270858v1_alt	235827	170	0
chr17_KI270859v1_alt	108763	183	0
chr17_GL383566v1_alt	90219	105	0
chr17_KI270860v1_alt	178921	2718	0
chr18_KI270864v1_alt	111737	32	0
chr18_GL383567v1_alt	289831	614	0
chr18_GL383570v1_alt	164789	123	0
chr18_GL383571v1_alt	198278	1267	0
chr18_GL383568v1_alt	104552	44	0
chr18_GL383569v1_alt	167950	109	0
chr18_GL383572v1_alt	159547	434	0
chr18_KI270863v1_alt	167999	1052	0
chr19_KI270868v1_alt	61734	882	0
chr19_KI270865v1_alt	52969	1374	0
chr19_GL383573v1_alt	385657	1182	0
chr19_GL383575v2_alt	170222	740	0
chr19_GL383576v1_alt	188024	839	0
chr19_GL383574v1_alt	155864	1290	0
chr19_KI270866v1_alt	43156	1287	0
chr19_KI270867v1_alt	233762	2536	0
chr19_GL949746v1_alt	987716	14156	0
chr20_GL383577v2_alt	128386	92	0
chr20_KI270869v1_alt	118774	2278	0
chr20_KI270871v1_alt	58661	1299	0
chr20_KI270870v1_alt	183433	3884	0
chr21_GL383578v2_alt	63917	36	0
chr21_KI270874v1_alt	166743	82	0
chr21_KI270873v1_alt	143900	255	0
chr21_GL383579v2_alt	201197	138	0
chr21_GL383580v2_alt	74653	911	0
chr21_GL383581v2_alt	116689	2593	0
chr21_KI270872v1_alt	82692	2103	0
chr22_KI270875v1_alt	259914	4014	0
chr22_KI270878v1_alt	186262	1644	0
chr22_KI270879v1_alt	304135	23269	0
chr22_KI270876v1_alt	263666	1964	0
chr22_KI270877v1_alt	101331	1640	0
chr22_GL383583v2_alt	96924	1234	0
chr22_GL383582v2_alt	162811	4601	0
chrX_KI270880v1_alt	284869	773	0
chrX_KI270881v1_alt	144206	1341	0
chr19_KI270882v1_alt	248807	411	0
chr19_KI270883v1_alt	170399	590	0
chr19_KI270884v1_alt	157053	324	0
chr19_KI270885v1_alt	171027	536	0
chr19_KI270886v1_alt	204239	392	0
chr19_KI270887v1_alt	209512	437	0
chr19_KI270888v1_alt	155532	535	0
chr19_KI270889v1_alt	170698	570	0
chr19_KI270890v1_alt	184499	289	0
chr19_KI270891v1_alt	170680	562	0
chr1_KI270892v1_alt	162212	13274	0
chr2_KI270894v1_alt	214158	2533	0
chr2_KI270893v1_alt	161218	304	0
chr3_KI270895v1_alt	162896	6595	0
chr4_KI270896v1_alt	378547	4061	0
chr5_KI270897v1_alt	1144418	18774	0
chr5_KI270898v1_alt	130957	3661	0
chr6_GL000251v2_alt	4795265	59316	0
chr7_KI270899v1_alt	190869	3839	0
chr8_KI270901v1_alt	136959	175	0
chr8_KI270900v1_alt	318687	860	0
chr11_KI270902v1_alt	106711	14634	0
chr11_KI270903v1_alt	214625	2701	0
chr12_KI270904v1_alt	572349	7002	0
chr15_KI270906v1_alt	196384	1545	0
chr15_KI270905v1_alt	5161414	71561	0
chr17_KI270907v1_alt	137721	320	0
chr17_KI270910v1_alt	157099	2261	1
chr17_KI270909v1_alt	325800	2987	0
chr17_JH159148v1_alt	88070	2793	0
chr17_KI270908v1_alt	1423190	26077	0
chr18_KI270912v1_alt	174061	126	0
chr18_KI270911v1_alt	157710	425	0
chr19_GL949747v2_alt	729520	5495	0
chr22_KB663609v1_alt	74013	3823	0
chrX_KI270913v1_alt	274009	1547	0
chr19_KI270914v1_alt	205194	536	0
chr19_KI270915v1_alt	170665	635	0
chr19_KI270916v1_alt	184516	311	0
chr19_KI270917v1_alt	190932	686	0
chr19_KI270918v1_alt	123111	353	0
chr19_KI270919v1_alt	170701	501	0
chr19_KI270920v1_alt	198005	933	0
chr19_KI270921v1_alt	282224	585	0
chr19_KI270922v1_alt	187935	646	0
chr19_KI270923v1_alt	189352	596	0
chr3_KI270924v1_alt	166540	10607	0
chr4_KI270925v1_alt	555799	740	0
chr6_GL000252v2_alt	4604811	71122	0
chr8_KI270926v1_alt	229282	1414	0
chr11_KI270927v1_alt	218612	14419	0
chr19_GL949748v2_alt	1064304	3294	0
chr22_KI270928v1_alt	176103	5144	0
chr19_KI270929v1_alt	186203	918	0
chr19_KI270930v1_alt	200773	1352	0
chr19_KI270931v1_alt	170148	557	0
chr19_KI270932v1_alt	215732	543	0
chr19_KI270933v1_alt	170537	1313	0
chr19_GL000209v2_alt	177381	340	0
chr3_KI270934v1_alt	163458	6795	0
chr6_GL000253v2_alt	4677643	36325	0
chr19_GL949749v2_alt	1091841	3174	0
chr3_KI270935v1_alt	197351	6088	0
chr6_GL000254v2_alt	4827813	52136	0
chr19_GL949750v2_alt	1066390	3236	0
chr3_KI270936v1_alt	164170	6666	0
chr6_GL000255v2_alt	4606388	51450	0
chr19_GL949751v2_alt	1002683	3244	0
chr3_KI270937v1_alt	165607	6021	0
chr6_GL000256v2_alt	4929269	52275	0
chr19_GL949752v1_alt	987100	13792	0
chr6_KI270758v1_alt	76752	314	0
chr19_GL949753v2_alt	796479	9867	0
chr19_KI270938v1_alt	1066800	15000	0
chrM	16569	8536	0
chrUn_KI270302v1	2274	0	0
chrUn_KI270304v1	2165	4	0
chrUn_KI270303v1	1942	0	0
chrUn_KI270305v1	1472	0	0
chrUn_KI270322v1	21476	4	0
chrUn_KI270320v1	4416	4	0
chrUn_KI270310v1	1201	2	0
chrUn_KI270316v1	1444	2	0
chrUn_KI270315v1	2276	0	0
chrUn_KI270312v1	998	0	0
chrUn_KI270311v1	12399	0	0
chrUn_KI270317v1	37690	2	0
chrUn_KI270412v1	1179	0	0
chrUn_KI270411v1	2646	4	0
chrUn_KI270414v1	2489	2	0
chrUn_KI270419v1	1029	0	0
chrUn_KI270418v1	2145	4	0
chrUn_KI270420v1	2321	0	0
chrUn_KI270424v1	2140	0	0
chrUn_KI270417v1	2043	2	0
chrUn_KI270422v1	1445	0	0
chrUn_KI270423v1	981	0	0
chrUn_KI270425v1	1884	0	0
chrUn_KI270429v1	1361	4	0
chrUn_KI270442v1	392061	3350	2
chrUn_KI270466v1	1233	46	0
chrUn_KI270465v1	1774	8	0
chrUn_KI270467v1	3920	168	0
chrUn_KI270435v1	92983	164	0
chrUn_KI270438v1	112505	8562	2
chrUn_KI270468v1	4055	4	0
chrUn_KI270510v1	2415	8	0
chrUn_KI270509v1	2318	6	0
chrUn_KI270518v1	2186	4	0
chrUn_KI270508v1	1951	4	0
chrUn_KI270516v1	1300	4	0
chrUn_KI270512v1	22689	46	0
chrUn_KI270519v1	138126	260	0
chrUn_KI270522v1	5674	0	0
chrUn_KI270511v1	8127	11	0
chrUn_KI270515v1	6361	6	0
chrUn_KI270507v1	5353	20	0
chrUn_KI270517v1	3253	4	0
chrUn_KI270529v1	1899	0	0
chrUn_KI270528v1	2983	5	0
chrUn_KI270530v1	2168	4	0
chrUn_KI270539v1	993	0	0
chrUn_KI270538v1	91309	105	0
chrUn_KI270544v1	1202	2	0
chrUn_KI270548v1	1599	0	0
chrUn_KI270583v1	1400	6	0
chrUn_KI270587v1	2969	0	0
chrUn_KI270580v1	1553	2	0
chrUn_KI270581v1	7046	12	0
chrUn_KI270579v1	31033	6	0
chrUn_KI270589v1	44474	151	1
chrUn_KI270590v1	4685	12	0
chrUn_KI270584v1	4513	12	0
chrUn_KI270582v1	6504	0	0
chrUn_KI270588v1	6158	2	0
chrUn_KI270593v1	3041	6	0
chrUn_KI270591v1	5796	60	0
chrUn_KI270330v1	1652	59	0
chrUn_KI270329v1	1040	0	0
chrUn_KI270334v1	1368	0	0
chrUn_KI270333v1	2699	83	0
chrUn_KI270335v1	1048	0	0
chrUn_KI270338v1	1428	0	0
chrUn_KI270340v1	1428	0	0
chrUn_KI270336v1	1026	39	0
chrUn_KI270337v1	1121	126	0
chrUn_KI270363v1	1803	4	0
chrUn_KI270364v1	2855	0	0
chrUn_KI270362v1	3530	3	0
chrUn_KI270366v1	8320	12	0
chrUn_KI270378v1	1048	0	0
chrUn_KI270379v1	1045	0	0
chrUn_KI270389v1	1298	0	0
chrUn_KI270390v1	2387	2	0
chrUn_KI270387v1	1537	4	0
chrUn_KI270395v1	1143	4	0
chrUn_KI270396v1	1880	4	0
chrUn_KI270388v1	1216	0	0
chrUn_KI270394v1	970	2	0
chrUn_KI270386v1	1788	2	0
chrUn_KI270391v1	1484	0	0
chrUn_KI270383v1	1750	0	0
chrUn_KI270393v1	1308	0	0
chrUn_KI270384v1	1658	4	0
chrUn_KI270392v1	971	0	0
chrUn_KI270381v1	1930	4	0
chrUn_KI270385v1	990	0	0
chrUn_KI270382v1	4215	0	0
chrUn_KI270376v1	1136	2	0
chrUn_KI270374v1	2656	0	0
chrUn_KI270372v1	1650	0	0
chrUn_KI270373v1	1451	2	0
chrUn_KI270375v1	2378	2	0
chrUn_KI270371v1	2805	2	0
chrUn_KI270448v1	7992	6	0
chrUn_KI270521v1	7642	12	0
chrUn_GL000195v1	182896	584	0
chrUn_GL000219v1	179198	2147	0
chrUn_GL000220v1	161802	2211	0
chrUn_GL000224v1	179693	2322	0
chrUn_KI270741v1	157432	173	0
chrUn_GL000226v1	15008	114	0
chrUn_GL000213v1	164239	4951	0
chrUn_KI270743v1	210658	757	0
chrUn_KI270744v1	168472	3044	0
chrUn_KI270745v1	41891	66	0
chrUn_KI270746v1	66486	5623	0
chrUn_KI270747v1	198735	342	0
chrUn_KI270748v1	93321	107	0
chrUn_KI270749v1	158759	852	0
chrUn_KI270750v1	148850	3089	0
chrUn_KI270751v1	150742	656	0
chrUn_KI270752v1	27745	1	0
chrUn_KI270753v1	62944	102	0
chrUn_KI270754v1	40191	1188	0
chrUn_KI270755v1	36723	8	0
chrUn_KI270756v1	79590	294	0
chrUn_KI270757v1	71251	207	0
chrUn_GL000214v1	137718	982	0
chrUn_KI270742v1	186739	996	0
chrUn_GL000216v2	176608	2632	1
chrUn_GL000218v1	161147	1570	0
chrX	156040895	3425112	8
chrY	57227415	62473	16
chrY_KI270740v1_random	37240	0	0
*	0	0	89580
