chr1	248956422	11533925	365
chr10	133797422	5319306	196
chr11	135086622	5959684	276
chr11_KI270721v1_random	100316	981	0
chr12	133275309	6093549	196
chr13	114364328	2488813	114
chr14	107043718	3322296	91
chr14_GL000009v2_random	201709	8398	0
chr14_GL000225v1_random	211173	4597	11
chr14_KI270722v1_random	194050	757	0
chr14_GL000194v1_random	191469	4760	0
chr14_KI270723v1_random	38115	1004	1
chr14_KI270724v1_random	39555	1366	0
chr14_KI270725v1_random	172810	833	0
chr14_KI270726v1_random	43739	247	0
chr15	101991189	3538915	114
chr15_KI270727v1_random	448248	18638	1
chr16	90338345	3495804	105
chr16_KI270728v1_random	1872759	53224	1
chr17	83257441	5313322	181
chr17_GL000205v2_random	185591	13912	0
chr17_KI270729v1_random	280839	2262	6
chr17_KI270730v1_random	112551	623	2
chr18	80373285	1834622	62
chr19	58617616	4524376	203
chr1_KI270706v1_random	175055	8914	0
chr1_KI270707v1_random	32032	90	0
chr1_KI270708v1_random	127682	851	0
chr1_KI270709v1_random	66860	637	0
chr1_KI270710v1_random	40176	97	0
chr1_KI270711v1_random	42210	20852	1
chr1_KI270712v1_random	176043	2472	0
chr1_KI270713v1_random	40745	3543	0
chr1_KI270714v1_random	41717	2398	0
chr2	242193529	7576906	269
chr20	64444167	2715624	112
chr21	46709983	1215159	40
chr22	50818468	1951203	77
chr22_KI270731v1_random	150754	5217	2
chr22_KI270732v1_random	41543	452	0
chr22_KI270733v1_random	179772	7452	0
chr22_KI270734v1_random	165050	6901	3
chr22_KI270735v1_random	42811	389	2
chr22_KI270736v1_random	181920	1578	11
chr22_KI270737v1_random	103838	306	1
chr22_KI270738v1_random	99375	167	0
chr22_KI270739v1_random	73985	55	0
chr2_KI270715v1_random	161471	253	0
chr2_KI270716v1_random	153799	198	0
chr3	198295559	6263205	191
chr3_GL000221v1_random	155397	11541	0
chr4	190214555	4464615	149
chr4_GL000008v2_random	209709	6138	0
chr5	181538259	4957118	270
chr5_GL000208v1_random	92689	142	0
chr6	170805979	5543437	178
chr7	159345973	5451069	202
chr8	145138636	3781222	134
chr9	138394717	4861620	152
chr9_KI270717v1_random	40062	202	0
chr9_KI270718v1_random	38054	2214	1
chr9_KI270719v1_random	176845	1932	0
chr9_KI270720v1_random	39050	3040	0
chr1_KI270762v1_alt	354444	7845	0
chr1_KI270766v1_alt	256271	20285	0
chr1_KI270760v1_alt	109528	492	0
chr1_KI270765v1_alt	185285	1894	0
chr1_GL383518v1_alt	182439	15976	0
chr1_GL383519v1_alt	110268	17251	0
chr1_GL383520v2_alt	366580	6697	1
chr1_KI270764v1_alt	50258	136	0
chr1_KI270763v1_alt	911658	11308	0
chr1_KI270759v1_alt	425601	1283	0
chr1_KI270761v1_alt	165834	8887	0
chr2_KI270770v1_alt	136240	436	0
chr2_KI270773v1_alt	70887	225	0
chr2_KI270774v1_alt	223625	3880	0
chr2_KI270769v1_alt	120616	2945	0
chr2_GL383521v1_alt	143390	345	0
chr2_KI270772v1_alt	133041	744	0
chr2_KI270775v1_alt	138019	201	0
chr2_KI270771v1_alt	110395	155	0
chr2_KI270768v1_alt	110099	1799	0
chr2_GL582966v2_alt	96131	288	0
chr2_GL383522v1_alt	123821	3549	0
chr2_KI270776v1_alt	174166	1527	0
chr2_KI270767v1_alt	161578	793	0
chr3_JH636055v2_alt	173151	5821	0
chr3_KI270783v1_alt	109187	135	0
chr3_KI270780v1_alt	224108	1532	0
chr3_GL383526v1_alt	180671	2344	0
chr3_KI270777v1_alt	173649	1413	0
chr3_KI270778v1_alt	248252	252	0
chr3_KI270781v1_alt	113034	399	0
chr3_KI270779v1_alt	205312	3446	0
chr3_KI270782v1_alt	162429	2568	0
chr3_KI270784v1_alt	184404	3013	0
chr4_KI270790v1_alt	220246	388	0
chr4_GL383528v1_alt	376187	508	0
chr4_KI270787v1_alt	111943	194	0
chr4_GL000257v2_alt	586476	24151	0
chr4_KI270788v1_alt	158965	227	0
chr4_GL383527v1_alt	164536	7629	0
chr4_KI270785v1_alt	119912	215	0
chr4_KI270789v1_alt	205944	1440	0
chr4_KI270786v1_alt	244096	270	0
chr5_KI270793v1_alt	126136	1249	0
chr5_KI270792v1_alt	179043	4542	0
chr5_KI270791v1_alt	195710	9700	0
chr5_GL383532v1_alt	82728	101	0
chr5_GL949742v1_alt	226852	321	0
chr5_KI270794v1_alt	164558	2411	1
chr5_GL339449v2_alt	1612928	46684	1
chr5_GL383530v1_alt	101241	158	0
chr5_KI270796v1_alt	172708	272	0
chr5_GL383531v1_alt	173459	222	0
chr5_KI270795v1_alt	131892	1973	0
chr6_GL000250v2_alt	4672374	40999	3
chr6_KI270800v1_alt	175808	943	0
chr6_KI270799v1_alt	152148	134	0
chr6_GL383533v1_alt	124736	1384	0
chr6_KI270801v1_alt	870480	14053	1
chr6_KI270802v1_alt	75005	205	0
chr6_KB021644v2_alt	185823	596	0
chr6_KI270797v1_alt	197536	8546	0
chr6_KI270798v1_alt	271782	6640	0
chr7_KI270804v1_alt	157952	539	0
chr7_KI270809v1_alt	209586	11503	0
chr7_KI270806v1_alt	158166	6514	0
chr7_GL383534v2_alt	119183	3797	2
chr7_KI270803v1_alt	1111570	29088	2
chr7_KI270808v1_alt	271455	2578	0
chr7_KI270807v1_alt	126434	465	0
chr7_KI270805v1_alt	209988	948	0
chr8_KI270818v1_alt	145606	592	0
chr8_KI270812v1_alt	282736	1062	0
chr8_KI270811v1_alt	292436	854	0
chr8_KI270821v1_alt	985506	20548	1
chr8_KI270813v1_alt	300230	20711	1
chr8_KI270822v1_alt	624492	13547	0
chr8_KI270814v1_alt	141812	810	0
chr8_KI270810v1_alt	374415	629	0
chr8_KI270819v1_alt	133535	1888	0
chr8_KI270820v1_alt	36640	327	0
chr8_KI270817v1_alt	158983	2500	1
chr8_KI270816v1_alt	305841	9954	0
chr8_KI270815v1_alt	132244	730	0
chr9_GL383539v1_alt	162988	1545	0
chr9_GL383540v1_alt	71551	4253	1
chr9_GL383541v1_alt	171286	4090	0
chr9_GL383542v1_alt	60032	1680	0
chr9_KI270823v1_alt	439082	5653	0
chr10_GL383545v1_alt	179254	2739	0
chr10_KI270824v1_alt	181496	1517	0
chr10_GL383546v1_alt	309802	6115	0
chr10_KI270825v1_alt	188315	9507	1
chr11_KI270832v1_alt	210133	11901	0
chr11_KI270830v1_alt	177092	1808	0
chr11_KI270831v1_alt	296895	11306	0
chr11_KI270829v1_alt	204059	7042	1
chr11_GL383547v1_alt	154407	173	0
chr11_JH159136v1_alt	200998	11859	1
chr11_JH159137v1_alt	191409	4248	0
chr11_KI270827v1_alt	67707	256	0
chr11_KI270826v1_alt	186169	595	0
chr12_GL877875v1_alt	167313	3588	0
chr12_GL877876v1_alt	408271	7818	0
chr12_KI270837v1_alt	40090	3134	0
chr12_GL383549v1_alt	120804	191	0
chr12_KI270835v1_alt	238139	2630	0
chr12_GL383550v2_alt	169178	1557	0
chr12_GL383552v1_alt	138655	1321	0
chr12_GL383553v2_alt	152874	6547	0
chr12_KI270834v1_alt	119498	1884	0
chr12_GL383551v1_alt	184319	423	0
chr12_KI270833v1_alt	76061	6436	0
chr12_KI270836v1_alt	56134	165	0
chr13_KI270840v1_alt	191684	5015	0
chr13_KI270839v1_alt	180306	477	0
chr13_KI270843v1_alt	103832	111	0
chr13_KI270841v1_alt	169134	207	0
chr13_KI270838v1_alt	306913	4752	0
chr13_KI270842v1_alt	37287	127	0
chr14_KI270844v1_alt	322166	11810	0
chr14_KI270847v1_alt	1511111	57076	0
chr14_KI270845v1_alt	180703	1100	0
chr14_KI270846v1_alt	1351393	3804	0
chr15_KI270852v1_alt	478999	18385	2
chr15_KI270851v1_alt	263054	20425	2
chr15_KI270848v1_alt	327382	13615	0
chr15_GL383554v1_alt	296527	8691	0
chr15_KI270849v1_alt	244917	6469	0
chr15_GL383555v2_alt	388773	4391	1
chr15_KI270850v1_alt	430880	11827	1
chr16_KI270854v1_alt	134193	3452	0
chr16_KI270856v1_alt	63982	219	0
chr16_KI270855v1_alt	232857	10583	0
chr16_KI270853v1_alt	2659700	106857	2
chr16_GL383556v1_alt	192462	10632	1
chr16_GL383557v1_alt	89672	4359	0
chr17_GL383563v3_alt	375691	1964	0
chr17_KI270862v1_alt	391357	11768	0
chr17_KI270861v1_alt	196688	18228	0
chr17_KI270857v1_alt	2877074	132922	9
chr17_JH159146v1_alt	278131	17175	0
chr17_JH159147v1_alt	70345	4710	1
chr17_GL383564v2_alt	133151	14283	0
chr17_GL000258v2_alt	1821992	53420	0
chr17_GL383565v1_alt	223995	326	0
chr17_KI270858v1_alt	235827	681	0
chr17_KI270859v1_alt	108763	633	0
chr17_GL383566v1_alt	90219	340	0
chr17_KI270860v1_alt	178921	2678	0
chr18_KI270864v1_alt	111737	144	0
chr18_GL383567v1_alt	289831	2476	0
chr18_GL383570v1_alt	164789	322	0
chr18_GL383571v1_alt	198278	2639	0
chr18_GL383568v1_alt	104552	186	0
chr18_GL383569v1_alt	167950	445	0
chr18_GL383572v1_alt	159547	709	0
chr18_KI270863v1_alt	167999	2388	0
chr19_KI270868v1_alt	61734	1508	0
chr19_KI270865v1_alt	52969	182	0
chr19_GL383573v1_alt	385657	5598	0
chr19_GL383575v2_alt	170222	3039	0
chr19_GL383576v1_alt	188024	2701	0
chr19_GL383574v1_alt	155864	4444	0
chr19_KI270866v1_alt	43156	3510	0
chr19_KI270867v1_alt	233762	6857	0
chr19_GL949746v1_alt	987716	26265	0
chr20_GL383577v2_alt	128386	427	0
chr20_KI270869v1_alt	118774	5391	0
chr20_KI270871v1_alt	58661	2514	1
chr20_KI270870v1_alt	183433	8106	0
chr21_GL383578v2_alt	63917	135	0
chr21_KI270874v1_alt	166743	292	0
chr21_KI270873v1_alt	143900	1254	0
chr21_GL383579v2_alt	201197	282	0
chr21_GL383580v2_alt	74653	620	1
chr21_GL383581v2_alt	116689	7929	0
chr21_KI270872v1_alt	82692	4124	1
chr22_KI270875v1_alt	259914	6974	0
chr22_KI270878v1_alt	186262	2728	0
chr22_KI270879v1_alt	304135	15328	0
chr22_KI270876v1_alt	263666	6693	0
chr22_KI270877v1_alt	101331	3440	0
chr22_GL383583v2_alt	96924	2953	0
chr22_GL383582v2_alt	162811	6858	0
chrX_KI270880v1_alt	284869	548	0
chrX_KI270881v1_alt	144206	2929	0
chr19_KI270882v1_alt	248807	3555	0
chr19_KI270883v1_alt	170399	2648	0
chr19_KI270884v1_alt	157053	1726	0
chr19_KI270885v1_alt	171027	2316	0
chr19_KI270886v1_alt	204239	2428	0
chr19_KI270887v1_alt	209512	3185	0
chr19_KI270888v1_alt	155532	2266	0
chr19_KI270889v1_alt	170698	2374	0
chr19_KI270890v1_alt	184499	3522	0
chr19_KI270891v1_alt	170680	2708	1
chr1_KI270892v1_alt	162212	9142	0
chr2_KI270894v1_alt	214158	1048	0
chr2_KI270893v1_alt	161218	786	0
chr3_KI270895v1_alt	162896	3212	0
chr4_KI270896v1_alt	378547	5038	0
chr5_KI270897v1_alt	1144418	29692	3
chr5_KI270898v1_alt	130957	2304	0
chr6_GL000251v2_alt	4795265	106612	4
chr7_KI270899v1_alt	190869	532	0
chr8_KI270901v1_alt	136959	491	0
chr8_KI270900v1_alt	318687	923	0
chr11_KI270902v1_alt	106711	594	0
chr11_KI270903v1_alt	214625	2223	0
chr12_KI270904v1_alt	572349	14380	0
chr15_KI270906v1_alt	196384	5476	0
chr15_KI270905v1_alt	5161414	107445	2
chr17_KI270907v1_alt	137721	817	0
chr17_KI270910v1_alt	157099	6740	0
chr17_KI270909v1_alt	325800	22983	0
chr17_JH159148v1_alt	88070	1155	0
chr17_KI270908v1_alt	1423190	44159	6
chr18_KI270912v1_alt	174061	485	0
chr18_KI270911v1_alt	157710	664	0
chr19_GL949747v2_alt	729520	14398	0
chr22_KB663609v1_alt	74013	2739	0
chrX_KI270913v1_alt	274009	678	0
chr19_KI270914v1_alt	205194	3457	0
chr19_KI270915v1_alt	170665	2583	0
chr19_KI270916v1_alt	184516	2629	0
chr19_KI270917v1_alt	190932	2736	0
chr19_KI270918v1_alt	123111	1818	0
chr19_KI270919v1_alt	170701	2630	0
chr19_KI270920v1_alt	198005	2250	0
chr19_KI270921v1_alt	282224	3676	0
chr19_KI270922v1_alt	187935	3099	0
chr19_KI270923v1_alt	189352	3318	0
chr3_KI270924v1_alt	166540	3971	1
chr4_KI270925v1_alt	555799	2250	0
chr6_GL000252v2_alt	4604811	93719	1
chr8_KI270926v1_alt	229282	1610	0
chr11_KI270927v1_alt	218612	1048	0
chr19_GL949748v2_alt	1064304	7682	0
chr22_KI270928v1_alt	176103	7554	0
chr19_KI270929v1_alt	186203	2161	0
chr19_KI270930v1_alt	200773	2858	0
chr19_KI270931v1_alt	170148	2590	1
chr19_KI270932v1_alt	215732	3432	0
chr19_KI270933v1_alt	170537	2053	0
chr19_GL000209v2_alt	177381	3502	0
chr3_KI270934v1_alt	163458	3092	0
chr6_GL000253v2_alt	4677643	71967	5
chr19_GL949749v2_alt	1091841	6855	0
chr3_KI270935v1_alt	197351	4082	0
chr6_GL000254v2_alt	4827813	85965	1
chr19_GL949750v2_alt	1066390	6270	0
chr3_KI270936v1_alt	164170	3264	0
chr6_GL000255v2_alt	4606388	98570	2
chr19_GL949751v2_alt	1002683	7557	1
chr3_KI270937v1_alt	165607	3209	0
chr6_GL000256v2_alt	4929269	84103	4
chr19_GL949752v1_alt	987100	26358	0
chr6_KI270758v1_alt	76752	543	0
chr19_GL949753v2_alt	796479	19624	0
chr19_KI270938v1_alt	1066800	32975	1
chrM	16569	14912	1
chrUn_KI270302v1	2274	0	0
chrUn_KI270304v1	2165	6	0
chrUn_KI270303v1	1942	10	0
chrUn_KI270305v1	1472	2	0
chrUn_KI270322v1	21476	32	0
chrUn_KI270320v1	4416	37	0
chrUn_KI270310v1	1201	10	0
chrUn_KI270316v1	1444	0	0
chrUn_KI270315v1	2276	3	0
chrUn_KI270312v1	998	0	0
chrUn_KI270311v1	12399	6	0
chrUn_KI270317v1	37690	0	0
chrUn_KI270412v1	1179	0	0
chrUn_KI270411v1	2646	5	0
chrUn_KI270414v1	2489	4	0
chrUn_KI270419v1	1029	1	0
chrUn_KI270418v1	2145	0	0
chrUn_KI270420v1	2321	12	0
chrUn_KI270424v1	2140	0	0
chrUn_KI270417v1	2043	4	0
chrUn_KI270422v1	1445	0	0
chrUn_KI270423v1	981	2	0
chrUn_KI270425v1	1884	0	0
chrUn_KI270429v1	1361	0	0
chrUn_KI270442v1	392061	5276	4
chrUn_KI270466v1	1233	378	2
chrUn_KI270465v1	1774	14	0
chrUn_KI270467v1	3920	1428	0
chrUn_KI270435v1	92983	246	0
chrUn_KI270438v1	112505	5864	2
chrUn_KI270468v1	4055	4	0
chrUn_KI270510v1	2415	2	0
chrUn_KI270509v1	2318	4	0
chrUn_KI270518v1	2186	13	0
chrUn_KI270508v1	1951	9	0
chrUn_KI270516v1	1300	4	0
chrUn_KI270512v1	22689	49	0
chrUn_KI270519v1	138126	356	0
chrUn_KI270522v1	5674	5	0
chrUn_KI270511v1	8127	18	0
chrUn_KI270515v1	6361	26	0
chrUn_KI270507v1	5353	16	0
chrUn_KI270517v1	3253	14	0
chrUn_KI270529v1	1899	6	0
chrUn_KI270528v1	2983	2	0
chrUn_KI270530v1	2168	3	0
chrUn_KI270539v1	993	0	0
chrUn_KI270538v1	91309	285	0
chrUn_KI270544v1	1202	12	0
chrUn_KI270548v1	1599	2	0
chrUn_KI270583v1	1400	6	0
chrUn_KI270587v1	2969	5	0
chrUn_KI270580v1	1553	6	0
chrUn_KI270581v1	7046	11	0
chrUn_KI270579v1	31033	38	0
chrUn_KI270589v1	44474	166	0
chrUn_KI270590v1	4685	36	0
chrUn_KI270584v1	4513	19	0
chrUn_KI270582v1	6504	22	0
chrUn_KI270588v1	6158	19	0
chrUn_KI270593v1	3041	3	0
chrUn_KI270591v1	5796	43	0
chrUn_KI270330v1	1652	64	0
chrUn_KI270329v1	1040	0	0
chrUn_KI270334v1	1368	6	0
chrUn_KI270333v1	2699	144	0
chrUn_KI270335v1	1048	1	0
chrUn_KI270338v1	1428	2	0
chrUn_KI270340v1	1428	23	0
chrUn_KI270336v1	1026	48	1
chrUn_KI270337v1	1121	136	0
chrUn_KI270363v1	1803	0	0
chrUn_KI270364v1	2855	6	0
chrUn_KI270362v1	3530	0	0
chrUn_KI270366v1	8320	4	0
chrUn_KI270378v1	1048	0	0
chrUn_KI270379v1	1045	0	0
chrUn_KI270389v1	1298	2	0
chrUn_KI270390v1	2387	6	0
chrUn_KI270387v1	1537	2	0
chrUn_KI270395v1	1143	2	0
chrUn_KI270396v1	1880	9	0
chrUn_KI270388v1	1216	2	0
chrUn_KI270394v1	970	0	0
chrUn_KI270386v1	1788	4	0
chrUn_KI270391v1	1484	0	0
chrUn_KI270383v1	1750	0	0
chrUn_KI270393v1	1308	2	0
chrUn_KI270384v1	1658	6	0
chrUn_KI270392v1	971	0	0
chrUn_KI270381v1	1930	4	0
chrUn_KI270385v1	990	0	0
chrUn_KI270382v1	4215	4	0
chrUn_KI270376v1	1136	0	0
chrUn_KI270374v1	2656	2	0
chrUn_KI270372v1	1650	0	0
chrUn_KI270373v1	1451	2	0
chrUn_KI270375v1	2378	2	0
chrUn_KI270371v1	2805	0	0
chrUn_KI270448v1	7992	21	0
chrUn_KI270521v1	7642	15	0
chrUn_GL000195v1	182896	1622	0
chrUn_GL000219v1	179198	5681	1
chrUn_GL000220v1	161802	4848	1
chrUn_GL000224v1	179693	2530	0
chrUn_KI270741v1	157432	465	0
chrUn_GL000226v1	15008	111	0
chrUn_GL000213v1	164239	5458	0
chrUn_KI270743v1	210658	863	0
chrUn_KI270744v1	168472	24376	0
chrUn_KI270745v1	41891	448	0
chrUn_KI270746v1	66486	5176	3
chrUn_KI270747v1	198735	203	0
chrUn_KI270748v1	93321	505	0
chrUn_KI270749v1	158759	1477	0
chrUn_KI270750v1	148850	5993	0
chrUn_KI270751v1	150742	5527	0
chrUn_KI270752v1	27745	1	0
chrUn_KI270753v1	62944	328	0
chrUn_KI270754v1	40191	291	0
chrUn_KI270755v1	36723	48	0
chrUn_KI270756v1	79590	202	0
chrUn_KI270757v1	71251	280	2
chrUn_GL000214v1	137718	6091	0
chrUn_KI270742v1	186739	18114	0
chrUn_GL000216v2	176608	3274	5
chrUn_GL000218v1	161147	3213	0
chrX	156040895	5252899	175
chrY	57227415	66850	47
chrY_KI270740v1_random	37240	0	0
*	0	0	12570
