# This file was produced by samtools stats (1.23+htslib-1.23) and can be plotted using plot-bamstats
# This file contains statistics for all reads.
# The command line was:  stats data/EAS/KHV/HG01596/aligned/HG01596.bam
# CHK, Checksum	[2]Read Names	[3]Sequences	[4]Qualities
# CHK, CRC32 of reads which passed filtering followed by addition (32bit overflow)
CHK	5bab27b4	f20af819	3454257b
# Summary Numbers. Use `grep ^SN | cut -f 2-` to extract this part.
SN	raw total sequences:	244774	# excluding supplementary and secondary reads
SN	filtered sequences:	0
SN	sequences:	244774
SN	is sorted:	1	# sorted by coordinate
SN	1st fragments:	122387
SN	last fragments:	122387
SN	reads mapped:	244653
SN	reads mapped and paired:	244644	# paired-end technology bit set + both mates mapped
SN	reads unmapped:	121
SN	reads properly paired:	242220	# proper-pair bit set
SN	reads paired:	244774	# paired-end technology bit set
SN	reads duplicated:	0	# PCR or optical duplicate bit set
SN	reads MQ0:	15502	# mapped and MQ=0
SN	reads QC failed:	0
SN	non-primary alignments:	0
SN	supplementary alignments:	150
SN	total length:	22022182	# ignores clipping
SN	total first fragment length:	11011091	# ignores clipping
SN	total last fragment length:	11011091	# ignores clipping
SN	bases mapped:	22011292	# ignores clipping
SN	bases mapped (cigar):	21940343	# more accurate
SN	bases trimmed:	0
SN	bases duplicated:	0
SN	mismatches:	83361	# from NM fields
SN	error rate:	3.799439e-03	# mismatches / bases mapped (cigar)
SN	average length:	90
SN	average first fragment length:	90
SN	average last fragment length:	90
SN	maximum length:	90
SN	maximum first fragment length:	90
SN	maximum last fragment length:	90
SN	average quality:	35.9
SN	insert size average:	231.6
SN	insert size standard deviation:	76.1
SN	inward oriented pairs:	121740
SN	outward oriented pairs:	26
SN	pairs with other orientation:	36
SN	pairs on different chromosomes:	520
SN	percentage of properly paired reads (%):	99.0
# First Fragment Qualities. Use `grep ^FFQ | cut -f 2-` to extract this part.
# Columns correspond to qualities and rows to cycles. First column is the cycle number.
FFQ	1	0	0	50	0	0	0	0	0	0	0	57	0	0	0	0	0	173	0	0	5	0	0	42	244	0	244	854	1320	764	0	5121	39284	0	9774	64455	0	0	0	0	0	0	0	0
FFQ	2	0	0	116	0	0	0	0	0	0	0	66	0	0	0	0	0	210	0	0	3	0	0	99	248	0	227	773	1454	628	0	4376	32642	0	4649	76896	0	0	0	0	0	0	0	0
FFQ	3	0	0	0	0	0	0	0	0	0	0	50	0	0	0	0	0	271	0	0	14	0	0	93	169	0	263	647	1478	679	0	4165	30412	0	4403	79743	0	0	0	0	0	0	0	0
FFQ	4	0	0	0	0	0	0	0	0	0	0	62	0	0	0	0	0	104	0	0	78	0	0	83	0	0	219	388	24	528	8	994	27	1559	2568	0	22473	0	93272	0	0	0	0	0
FFQ	5	0	0	49	0	0	0	0	0	0	0	110	0	0	0	0	0	181	0	0	120	0	0	107	0	0	273	462	39	607	7	1282	34	1719	2724	0	23061	0	91612	0	0	0	0	0
FFQ	6	0	0	0	0	0	0	0	0	16	0	91	23	0	0	0	15	19	182	72	77	0	18	6	104	0	342	418	44	419	237	1162	176	1890	2680	1	21498	2223	90674	0	0	0	0	0
FFQ	7	0	0	0	0	0	0	0	0	10	0	89	35	0	0	0	13	19	126	74	67	0	10	7	115	0	335	421	59	428	278	1162	181	2068	2860	0	21639	2259	90132	0	0	0	0	0
FFQ	8	0	0	0	0	0	0	0	0	12	0	72	21	0	0	0	15	20	108	65	47	0	7	7	87	0	314	410	99	346	238	1145	201	1883	2764	2	21409	2323	90792	0	0	0	0	0
FFQ	9	0	0	0	0	0	0	0	0	8	0	89	36	0	0	1	16	24	110	64	61	0	10	10	102	0	350	143	447	306	255	1246	120	1631	1908	1295	6594	4	12647	6891	88019	0	0	0
FFQ	10	0	0	0	0	0	0	0	0	12	0	73	29	0	0	0	15	25	126	61	71	3	13	10	107	1	329	181	522	257	265	1219	140	1700	1855	1338	6389	2	12868	7003	87773	0	0	0
FFQ	11	0	0	0	0	0	0	0	0	25	0	77	27	1	0	0	21	35	168	84	80	1	19	8	99	0	361	174	655	132	305	1301	145	1819	1958	1326	6687	3	13059	7361	86456	0	0	0
FFQ	12	0	0	0	0	0	0	0	0	16	0	77	23	1	0	0	21	20	136	59	50	2	15	10	107	4	331	166	739	68	289	1229	137	1704	1870	1363	6767	3	13106	7442	86632	0	0	0
FFQ	13	0	0	0	0	0	0	1	2	17	0	92	33	0	0	0	9	24	125	74	76	0	20	14	133	0	384	188	710	55	325	1295	145	1837	2009	1255	6886	5	13178	7981	85514	0	0	0
FFQ	14	0	0	0	0	0	1	0	1	14	1	102	29	0	0	0	2	47	135	76	55	1	15	9	28	99	360	159	733	38	275	590	814	1343	1967	1463	1210	4366	3773	10833	8090	23469	62289	0
FFQ	15	0	0	0	0	0	2	0	1	19	1	106	40	0	0	0	9	43	155	81	68	0	22	25	35	126	429	185	780	53	352	593	898	1392	2050	1537	1231	4367	3751	11350	8036	23404	61246	0
FFQ	16	0	0	0	0	0	0	0	2	34	0	158	30	2	1	0	4	50	167	115	90	0	23	22	48	141	441	195	899	53	367	657	1010	1497	2201	1612	1353	4744	3975	11564	8057	23563	59312	0
FFQ	17	0	0	0	0	0	0	0	2	26	1	167	48	1	1	0	8	47	169	98	107	2	26	18	65	152	434	205	884	52	368	675	985	1531	2244	1709	1421	4758	3952	11722	8128	24103	58278	0
FFQ	18	0	0	0	0	0	1	0	1	26	2	146	47	1	0	2	11	57	149	73	99	1	20	15	78	159	421	186	866	54	353	687	940	1554	2205	1688	1390	4770	4207	11969	8219	23785	58205	0
FFQ	19	0	0	0	0	0	2	1	3	28	3	148	37	5	2	2	14	67	23	249	93	2	31	9	71	162	412	207	857	78	392	725	919	1484	1427	2677	1443	4107	4184	9965	9956	25326	57276	0
FFQ	20	0	0	0	0	0	0	3	3	36	11	146	45	3	1	1	12	53	26	260	114	4	36	30	81	186	427	226	894	73	417	745	1024	1610	1419	2704	1405	4085	4198	10102	10402	25259	56346	0
FFQ	21	0	0	0	0	0	1	6	7	39	8	132	30	0	2	1	16	58	32	235	94	3	24	16	91	205	431	236	856	70	401	827	1055	1490	1380	2675	1498	4284	4227	10360	10622	25532	55443	0
FFQ	22	0	0	0	0	0	4	2	0	43	10	112	38	4	3	6	21	83	32	226	98	1	44	19	102	233	470	249	890	72	380	855	1047	1548	1482	2779	1656	4260	4370	10626	10698	25776	54148	0
FFQ	23	0	0	0	0	0	3	2	1	55	19	150	42	0	4	2	16	77	56	239	86	4	43	25	111	262	418	232	911	86	455	933	1109	1442	1536	2862	1709	4441	4503	10960	11205	25731	52657	0
FFQ	24	0	0	0	0	0	2	2	7	57	24	160	40	4	2	5	23	80	53	208	112	7	45	22	120	301	382	239	964	84	411	1004	1117	1520	1676	2808	1853	4555	4580	11421	10756	24704	53039	0
FFQ	25	0	0	0	0	0	2	3	7	55	26	153	22	3	2	3	40	103	69	188	91	8	53	23	139	324	401	267	909	96	358	1075	1109	1477	1572	2869	1796	4243	4702	10714	11330	23107	55048	0
FFQ	26	0	0	0	0	0	7	9	8	117	61	204	43	5	3	4	37	101	82	211	140	7	55	35	155	389	424	262	900	99	386	1126	1133	1529	1715	2822	1909	4537	4689	10834	11330	23423	53596	0
FFQ	27	0	0	0	0	0	3	6	6	132	67	175	23	6	5	5	59	142	117	188	114	11	49	29	161	407	378	250	863	111	423	1236	1094	1477	1576	2863	1986	4233	4796	11086	11469	23922	52919	0
FFQ	28	0	0	0	0	0	1	10	13	124	85	161	22	4	9	6	61	125	109	175	115	10	59	44	170	436	403	262	817	129	431	1366	1102	1345	1688	2886	2150	4312	4788	11353	11130	24710	51776	0
FFQ	29	0	0	0	0	0	1	11	27	145	126	137	15	4	5	10	71	174	114	179	122	13	69	43	202	542	423	293	823	118	474	1444	1168	1319	1717	2924	2367	4422	4816	11684	10882	24991	50512	0
FFQ	30	0	0	0	0	0	1	8	10	105	103	99	9	9	4	16	75	145	123	124	71	15	54	41	199	420	437	277	686	94	330	1613	999	1150	1617	2727	2328	3843	4931	10816	11894	24631	52383	0
FFQ	31	0	0	0	0	0	7	7	15	130	130	94	9	4	4	7	75	176	95	119	128	12	61	40	180	424	441	247	608	86	381	1581	1023	966	1625	2533	2443	3867	4571	11011	10572	24773	53942	0
FFQ	32	0	0	0	0	0	1	7	21	156	182	91	3	3	8	8	96	187	64	145	140	23	67	49	160	550	431	286	633	121	428	1663	1137	994	1745	2542	2542	3783	4503	11313	9692	24635	53973	0
FFQ	33	0	0	0	0	0	4	12	16	130	136	54	3	9	10	16	85	189	48	106	104	16	71	53	165	447	448	242	525	136	406	1625	1036	857	1729	2482	2689	3700	4362	11302	9614	24876	54676	0
FFQ	34	0	0	0	0	0	1	13	27	155	171	37	5	5	8	15	91	184	46	122	137	16	93	61	183	532	438	310	574	126	413	1680	1150	879	1805	2480	2947	3630	4538	11367	9206	24678	54252	0
FFQ	35	0	0	0	0	0	4	14	28	128	177	24	3	10	11	16	113	197	35	152	122	23	69	48	176	504	473	296	524	145	428	1734	1133	792	1924	2396	3094	3535	4467	11555	9240	25166	53616	0
FFQ	36	0	0	0	0	0	3	18	37	149	194	14	2	7	22	19	121	159	27	118	132	31	96	68	213	529	485	331	529	155	491	1705	1199	765	2038	2434	3377	3429	4599	12081	8712	25454	52627	0
FFQ	37	0	0	0	0	0	1	17	38	152	222	6	4	5	20	25	125	176	32	153	99	33	114	63	200	563	469	332	548	193	472	1785	1159	739	2131	2359	3519	3363	4620	12070	8973	25191	52394	0
FFQ	38	0	0	0	0	0	4	19	56	158	243	6	8	19	23	22	176	182	22	159	151	40	136	78	214	588	480	375	525	200	503	1882	1232	833	2277	2367	3776	3449	4902	11933	8836	25294	51191	0
FFQ	39	0	0	1	0	0	2	21	47	158	237	2	8	10	18	36	177	164	25	168	116	39	120	81	246	604	454	391	490	244	472	1825	1278	867	2445	2374	3850	3149	4791	11966	9508	25049	50922	0
FFQ	40	0	0	1	0	0	4	25	61	154	233	4	6	31	27	38	194	122	31	128	109	49	118	95	255	598	452	418	551	255	460	1863	1274	818	2449	2347	3994	3112	4862	12003	9355	25158	50701	0
FFQ	41	0	0	2	0	0	6	25	76	136	228	3	8	18	31	41	189	112	31	151	156	58	129	95	262	603	388	409	569	273	524	1936	1374	878	2573	2259	4037	3119	5142	12052	9239	25303	49920	0
FFQ	42	0	0	2	0	0	4	29	70	158	239	7	10	22	41	38	220	114	40	171	139	57	130	127	304	594	375	476	580	350	552	1841	1362	1002	2745	2364	4131	3283	5091	11927	9329	25241	49189	0
FFQ	43	0	0	2	0	0	9	45	76	181	248	6	12	24	55	48	223	71	34	154	161	59	128	126	361	640	350	493	545	421	553	1859	1458	993	2876	2327	4363	3282	5145	11928	9434	25151	48509	0
FFQ	44	0	0	1	0	0	10	47	132	211	273	6	13	32	74	55	223	61	60	189	165	50	143	166	386	743	342	512	594	459	605	1857	1571	1023	3028	2393	4380	3292	5328	12033	9366	25133	47391	0
FFQ	45	0	0	0	0	0	6	49	141	207	320	5	11	43	75	63	251	79	51	227	177	110	144	176	446	776	343	629	653	527	654	1881	1664	1072	3190	2504	4536	3437	5368	12232	9073	25309	45917	0
FFQ	46	0	0	0	0	0	12	55	153	197	265	11	16	41	72	92	231	54	53	174	194	118	148	206	469	744	301	601	592	642	681	1864	1673	1153	3269	2514	4431	3460	5570	12326	9394	25192	45378	0
FFQ	47	0	0	0	0	0	7	68	141	198	229	10	17	39	102	93	218	59	58	202	167	133	152	217	474	681	251	655	616	684	630	1767	1674	1239	3262	2597	4626	3534	5634	12301	9502	25271	44835	0
FFQ	48	0	0	0	0	0	14	75	170	188	230	12	20	41	85	93	226	44	82	202	173	157	148	205	508	683	227	713	634	788	708	1723	1745	1241	3292	2763	4604	3740	5737	12187	9832	24808	44243	0
FFQ	49	0	0	0	0	0	13	68	188	254	225	7	23	58	118	87	212	44	73	216	179	152	159	239	512	773	199	788	626	816	713	1698	1900	1360	3365	2841	4613	3992	5735	11053	10711	25000	43330	0
FFQ	50	0	0	0	0	0	14	79	172	234	217	7	20	61	120	108	212	47	84	247	158	188	155	267	512	735	176	811	625	890	714	1653	1944	1476	3356	3082	4449	4138	6082	11050	11045	24698	42512	0
FFQ	51	0	0	0	0	0	30	108	241	337	257	8	19	66	138	133	173	52	98	249	219	211	181	351	620	802	149	913	747	967	841	1609	2054	1536	3330	3209	4706	4391	6022	10919	11114	24553	40985	0
FFQ	52	0	0	0	0	0	18	91	241	324	218	11	30	79	163	121	164	43	92	240	187	228	186	332	613	768	141	940	654	1160	860	1608	2120	1593	3417	3588	4867	4440	6295	10834	11310	24055	40306	0
FFQ	53	0	0	0	0	0	15	83	247	344	188	11	31	69	173	137	154	29	109	260	223	258	193	392	683	815	124	1005	692	1225	954	1682	2219	1686	3389	3808	4967	4695	6430	11051	11439	23955	38601	0
FFQ	54	0	0	0	0	0	13	122	280	408	226	18	36	91	210	145	147	46	106	311	237	268	199	421	699	755	132	1113	719	1371	990	1629	2444	1709	3377	3931	5175	4913	6679	11015	11698	23219	37483	0
FFQ	55	0	0	53	0	0	29	97	220	340	145	17	36	90	223	159	109	47	98	326	193	251	220	421	673	511	388	1139	646	1491	979	1613	2394	1814	3387	4292	5318	5080	6587	11061	11900	23265	36722	0
FFQ	56	0	0	152	0	0	14	124	289	369	159	13	34	84	249	139	105	38	102	322	224	286	232	499	714	396	372	1259	628	1593	1036	1510	2517	1849	3401	4594	5412	5256	6590	10937	12006	22873	35956	0
FFQ	57	0	0	288	0	0	19	109	309	342	104	21	41	89	225	148	98	50	104	320	210	311	223	502	755	466	411	1314	671	1568	1112	1546	2714	2015	3208	4756	5715	5534	6704	10765	12087	22609	34868	0
FFQ	58	0	0	468	0	0	26	134	320	432	111	27	49	62	253	146	97	46	124	353	216	338	243	509	776	419	457	1418	683	1692	1192	1554	2869	2079	3418	5144	5815	5851	6901	10886	11889	22116	33216	0
FFQ	59	0	0	672	0	0	28	121	374	446	105	22	58	76	261	122	90	57	111	389	238	352	267	605	729	429	458	1592	627	1778	1362	1606	2863	2308	3492	5377	6177	6169	7094	10809	12091	21187	31786	0
FFQ	60	0	0	871	0	0	31	101	316	481	72	28	63	76	282	124	75	66	114	441	188	418	266	625	705	384	426	1579	683	1896	1403	1558	3084	2437	3385	5687	6400	6292	7232	10626	12560	20933	30420	0
FFQ	61	0	0	1117	0	0	32	137	421	502	63	27	60	84	297	124	76	56	122	437	214	419	273	671	731	380	508	1700	727	1889	1491	1671	3242	2500	3446	6020	6834	6463	7298	10457	12737	20155	28946	0
FFQ	62	0	0	1378	0	0	45	135	416	499	47	29	78	74	304	131	82	61	155	476	222	428	329	762	698	374	496	1881	700	1961	1598	1800	3288	2665	3492	6461	7284	6884	7538	10266	12734	19504	27051	0
FFQ	63	0	0	1629	0	0	45	130	473	546	32	34	85	91	348	125	82	57	149	514	208	455	319	799	704	358	520	2004	697	2073	1655	1768	3420	2746	3392	6762	7558	7386	7773	10185	12963	18629	25611	0
FFQ	64	0	0	1876	0	0	45	144	476	555	23	34	91	85	324	111	78	60	152	551	212	447	350	848	656	356	572	2159	673	2162	1705	1859	3626	3061	3460	6996	8029	7618	8046	9839	13045	17750	24250	0
FFQ	65	0	0	2166	0	0	54	131	489	551	22	53	101	77	362	115	64	64	142	460	264	514	327	829	680	375	557	2117	598	2059	1955	2008	3619	3085	3614	7341	8429	7971	8305	9564	13377	17080	22804	0
FFQ	66	0	0	2468	0	0	44	127	484	544	12	46	96	80	342	112	63	89	165	521	288	516	352	855	646	341	589	2217	597	1975	1988	2044	3764	3244	3630	7812	9192	8201	8452	9171	13675	16009	21569	0
FFQ	67	0	0	2839	0	0	45	112	539	531	10	56	105	97	322	106	56	73	180	581	287	555	342	853	624	359	646	2324	639	2038	2153	2113	3860	3352	3834	8093	9672	8653	8758	8868	13419	15512	19713	0
FFQ	68	0	0	3172	0	0	59	115	578	576	3	61	125	88	346	113	89	70	191	572	260	614	357	931	636	392	708	2475	621	2002	2205	2328	3981	3481	3879	8399	10436	8856	8996	8323	13701	14227	18353	0
FFQ	69	0	0	3554	0	0	55	124	627	591	1	59	131	95	331	102	88	70	195	584	308	596	359	903	676	420	767	2593	618	2023	2444	2510	3982	3605	3998	8826	10981	9263	9242	7979	13789	13193	16634	0
FFQ	70	0	0	3940	0	0	69	130	704	650	3	65	146	91	395	94	98	92	209	720	318	718	369	922	555	598	829	2587	726	2058	2581	2555	4313	3714	4281	9150	11426	9434	9511	7502	13751	12119	14891	0
FFQ	71	0	0	4318	0	0	85	137	734	590	1	76	153	119	393	98	107	88	204	687	282	744	416	891	571	640	826	2710	686	2055	2732	2748	4246	3933	4228	9735	12040	9857	9754	7167	13760	11131	13370	0
FFQ	72	0	0	4731	0	0	67	136	706	501	0	78	144	84	356	93	127	81	194	675	253	821	412	905	598	612	936	2766	648	1863	2711	2888	4496	4004	4402	10264	13019	10134	10044	6497	13754	10121	12190	0
FFQ	73	0	0	5159	0	0	82	116	788	545	0	67	145	111	337	78	123	87	225	768	270	819	387	835	549	697	1038	2884	686	1860	2927	2959	4406	4199	4583	10561	13838	10393	10287	6182	13459	9083	10776	0
FFQ	74	0	0	5618	0	0	90	131	835	557	0	95	140	118	359	81	126	92	230	745	276	818	416	799	539	665	1024	3005	784	1772	3133	3150	4656	4328	4728	10933	14571	10683	10657	5774	13064	8046	9270	0
FFQ	75	0	0	6088	0	0	100	126	825	505	0	105	170	100	358	74	117	88	235	810	273	898	437	836	565	747	1038	2792	1011	1599	3294	3179	4712	4415	4796	11634	15338	10923	10809	5137	12918	6974	8279	0
FFQ	76	0	0	6530	0	0	56	85	744	379	0	127	210	119	372	51	168	63	270	657	335	1201	570	1083	750	945	1346	3875	1305	2500	4335	5062	6660	6747	6068	15500	12046	11800	7102	4711	12106	4390	2035	0
FFQ	77	0	0	6864	0	0	73	84	726	303	1	116	188	115	240	39	133	76	252	697	265	1002	424	758	629	833	1169	3167	1248	1839	4026	4225	5743	5814	6145	15630	13976	12158	8458	4209	13464	5134	2077	0
FFQ	78	0	0	7238	0	0	76	77	665	252	0	100	151	100	219	44	133	51	203	686	243	894	371	607	594	804	1194	2779	1099	1362	3677	3579	5028	5170	5822	14459	17354	12132	10723	3631	12390	5084	3306	0
FFQ	79	0	0	7756	0	0	78	78	781	275	0	109	134	91	188	52	129	94	217	754	258	959	376	572	550	806	1170	2750	1105	1243	3642	3384	4813	5051	5616	14115	19404	11877	11785	3152	11243	3817	3872	0
FFQ	80	0	0	8311	0	0	96	85	792	246	0	115	156	101	202	47	156	80	241	734	289	933	370	526	569	794	1290	2610	1080	1149	3781	3272	4866	4894	5676	14312	21004	12083	11782	2731	10540	2928	3450	0
FFQ	81	0	0	8978	0	0	80	54	812	258	0	113	147	101	187	51	141	90	260	743	304	1001	373	473	620	807	1343	2666	1216	1020	3921	3368	4911	5023	5960	14855	21781	11991	11667	2385	9558	2336	2696	0
FFQ	82	0	0	9649	0	0	101	88	925	222	0	132	152	105	172	51	167	96	248	850	284	1061	352	450	641	887	1492	2570	1286	1019	4074	3570	5057	5106	5937	15447	22339	11997	11352	2046	8557	1812	1994	0
FFQ	83	0	0	10419	0	0	77	63	774	198	0	129	138	77	148	39	141	93	243	782	314	1027	304	349	659	919	1522	2553	1278	879	4046	3406	5159	5233	6125	16045	23748	11870	11264	1628	7782	1361	1494	0
FFQ	84	0	0	11260	0	0	73	67	756	163	0	135	139	91	128	38	135	78	277	784	326	958	300	310	639	916	1570	2417	1396	777	4052	3372	5217	5325	6308	16451	24946	11860	10848	1389	6728	962	1090	0
FFQ	85	0	0	12329	0	0	69	59	781	144	0	128	121	109	103	44	150	85	246	765	284	1010	297	288	670	934	1650	2306	1405	805	4207	3529	5339	5400	6304	17011	25796	11417	10249	1110	5749	654	731	0
FFQ	86	0	0	13551	0	0	50	36	631	105	0	100	115	89	75	32	122	66	242	753	348	1024	258	247	655	943	1685	2297	1434	740	4118	3532	5442	5608	6304	17759	26651	11165	9576	921	4684	429	486	0
FFQ	87	0	0	14992	0	0	55	25	585	95	0	100	89	81	67	29	126	95	259	754	309	1028	226	224	665	883	1719	2102	1542	645	4184	3513	5558	5702	6428	18064	27234	11120	8722	686	3778	265	321	0
FFQ	88	0	0	16718	0	0	32	17	411	74	0	63	87	46	45	30	133	77	280	799	351	979	216	223	693	901	1810	2069	1569	638	4487	3564	5681	5781	6478	18536	27407	10544	7817	539	2834	170	167	0
FFQ	89	0	0	18509	0	0	14	6	161	32	0	31	24	28	21	9	133	83	210	738	319	932	212	153	717	892	1885	1981	1537	575	4457	3516	5806	5792	6444	19148	28022	10029	7115	398	2141	104	86	0
FFQ	90	0	0	20202	0	0	0	0	0	2	0	0	0	1	0	2	135	100	221	744	266	794	164	130	629	836	1763	1735	1554	500	4143	3518	5735	6068	6430	19324	29095	9841	6328	254	1615	57	70	0
# Last Fragment Qualities. Use `grep ^LFQ | cut -f 2-` to extract this part.
# Columns correspond to qualities and rows to cycles. First column is the cycle number.
LFQ	1	0	0	225	0	0	0	0	0	0	0	325	0	0	0	0	0	426	0	0	0	0	0	70	543	0	525	1242	1554	1091	0	5573	36547	0	16367	57899	0	0	0	0	0	0	0	0
LFQ	2	0	0	87	0	0	0	0	0	0	0	325	0	0	0	0	0	628	0	0	7	0	0	111	485	0	512	1234	1867	1005	0	4603	31962	0	9166	70395	0	0	0	0	0	0	0	0
LFQ	3	0	0	75	0	0	0	0	0	0	0	330	0	0	0	0	0	565	0	0	2	0	0	146	466	0	625	1230	1932	1092	0	4328	30122	0	8268	73206	0	0	0	0	0	0	0	0
LFQ	4	0	0	71	0	0	0	0	0	0	0	350	0	0	0	0	0	225	0	0	309	0	0	112	0	0	454	592	32	894	0	1409	27	2091	3391	0	21821	0	90609	0	0	0	0	0
LFQ	5	0	0	85	0	0	0	0	0	0	0	366	0	0	0	0	0	258	0	0	316	0	0	116	0	0	472	612	50	980	0	1548	30	2196	3548	0	22624	0	89186	0	0	0	0	0
LFQ	6	0	0	0	0	0	0	0	0	29	0	191	61	0	0	1	35	39	349	77	100	0	15	9	144	0	438	503	66	650	264	1310	232	2310	3137	0	20313	2824	89290	0	0	0	0	0
LFQ	7	0	0	0	0	0	0	1	0	55	0	241	73	0	0	0	24	50	305	109	88	0	10	11	145	0	463	523	97	579	308	1458	240	2384	3160	0	20182	2691	89190	0	0	0	0	0
LFQ	8	0	0	0	0	0	1	0	0	57	0	256	70	0	0	0	35	41	279	118	107	1	25	17	166	0	529	616	157	514	361	1550	265	2460	3234	0	20454	2677	88397	0	0	0	0	0
LFQ	9	0	0	0	0	0	0	2	0	38	0	250	72	0	0	0	32	32	262	103	88	1	28	14	151	1	527	211	497	447	312	1424	190	2051	2088	1568	6668	0	13174	7687	84469	0	0	0
LFQ	10	0	0	0	0	0	0	0	0	47	0	264	79	2	0	0	32	48	258	103	96	0	14	18	163	1	508	216	702	379	349	1404	193	2151	2126	1455	6981	0	13117	8103	83578	0	0	0
LFQ	11	0	0	0	0	0	0	0	0	58	0	251	68	2	0	0	26	52	265	123	93	2	23	15	180	3	470	193	805	186	312	1486	183	2183	2199	1512	6793	0	13306	8318	83280	0	0	0
LFQ	12	0	0	0	0	0	0	0	1	41	1	302	82	1	0	1	38	45	297	113	89	1	18	14	170	4	498	228	985	91	347	1646	191	2171	2220	1546	7057	1	13463	8270	82455	0	0	0
LFQ	13	0	0	0	0	0	1	1	4	52	0	274	96	0	0	0	32	55	262	126	120	1	24	23	199	6	520	217	1083	56	383	1589	164	2336	2282	1543	7275	4	13827	8645	81187	0	0	0
LFQ	14	0	0	0	0	0	0	2	1	71	1	333	104	2	0	1	10	74	316	143	124	1	27	15	85	166	552	253	1081	63	397	750	1055	1674	2399	1793	1339	4515	4013	12249	8638	23068	57072	0
LFQ	15	0	0	0	0	0	0	2	3	45	3	303	100	1	1	0	14	92	315	130	98	3	26	15	81	172	519	219	1084	60	370	735	1027	1755	2332	1847	1346	4589	3986	12083	8885	22831	57315	0
LFQ	16	0	0	0	0	0	1	1	6	61	7	306	79	0	0	2	14	90	306	124	129	3	21	20	85	145	577	214	1076	68	416	738	1074	1794	2404	1904	1433	4616	3997	12342	8781	22784	56769	0
LFQ	17	0	0	0	0	0	3	2	5	72	11	333	105	5	1	1	11	77	320	149	141	3	39	25	71	181	514	247	1098	74	434	803	1107	1695	2433	1901	1463	4713	4245	12438	8892	23423	55352	0
LFQ	18	0	0	0	0	0	0	5	4	61	8	333	107	0	0	2	12	97	315	157	151	3	33	24	83	178	556	234	1149	79	416	817	1012	1866	2490	1926	1449	4758	4200	12671	8951	23607	54633	0
LFQ	19	0	0	0	0	0	2	7	5	69	15	333	89	1	3	2	19	98	32	454	131	4	31	24	82	230	587	244	1215	90	458	870	1140	1727	1561	3023	1547	4184	4170	10655	10682	24598	54005	0
LFQ	20	0	0	0	0	0	6	5	6	92	17	397	98	4	0	3	29	109	51	439	144	9	39	33	120	264	586	289	1133	94	449	875	1152	1811	1569	3087	1708	4391	4220	11137	10797	25075	52149	0
LFQ	21	0	0	0	0	0	6	8	8	88	28	354	86	3	7	3	34	110	65	424	126	6	53	36	118	276	554	269	1146	93	500	1012	1228	1869	1687	3043	1686	4351	4343	11061	11357	25140	51209	0
LFQ	22	0	0	0	0	0	1	5	10	92	37	338	85	3	3	2	26	127	74	436	127	8	53	26	145	305	592	279	1164	91	510	1043	1223	1810	1689	3022	1674	4486	4428	11335	11347	25707	50084	0
LFQ	23	0	0	0	0	0	5	9	11	112	53	369	73	8	4	5	51	115	86	392	151	5	48	41	156	311	539	262	1189	107	453	1034	1185	1817	1668	3040	1767	4624	4354	11720	11703	25475	49445	0
LFQ	24	0	0	0	0	0	4	4	14	115	66	356	92	6	3	5	61	136	121	388	155	19	61	47	172	428	511	348	1146	100	513	1160	1250	1786	1747	3160	1854	4637	4427	12182	11055	23972	50286	0
LFQ	25	0	0	0	0	0	2	3	19	139	86	354	97	5	6	8	57	165	125	337	153	7	63	34	202	419	524	338	1177	132	546	1342	1234	1784	1640	3072	1932	4317	4638	11406	11717	22232	52075	0
LFQ	26	0	0	0	0	0	4	10	22	168	82	289	50	8	7	3	46	194	177	307	174	11	50	43	203	474	550	310	1113	114	454	1394	1177	1687	1755	3090	1964	4289	4615	11430	11837	22369	51917	0
LFQ	27	0	0	0	0	0	5	13	16	183	120	303	42	6	6	11	78	202	167	274	172	16	60	43	219	549	521	313	1083	106	532	1497	1237	1588	1772	3202	2089	4406	4627	11721	11520	23082	50606	0
LFQ	28	0	0	0	0	0	5	12	16	196	172	292	35	8	10	5	88	213	171	260	186	20	99	42	231	599	527	328	1053	137	539	1538	1339	1475	1800	3113	2259	4413	4675	11923	11299	23562	49747	0
LFQ	29	0	0	0	0	0	6	10	28	244	197	256	27	12	10	7	103	252	200	244	140	16	100	54	236	625	539	365	1033	137	521	1784	1282	1489	1903	3200	2425	4520	4785	12324	11324	23832	48157	0
LFQ	30	0	0	0	0	0	7	12	33	220	251	209	10	16	11	12	129	294	171	196	200	22	94	73	255	686	572	373	999	151	539	1965	1401	1365	2001	3243	2522	4415	4791	12689	11126	24443	46891	0
LFQ	31	0	0	0	0	0	4	19	32	251	294	204	4	17	20	15	133	273	149	222	171	27	122	64	244	760	633	380	898	156	524	2035	1392	1245	2055	3184	2743	4420	4873	13018	10697	24784	46325	0
LFQ	32	0	0	0	0	0	9	19	57	366	409	203	6	9	16	19	193	352	130	272	232	24	113	97	303	829	725	445	942	199	666	2249	1587	1277	2324	3395	3007	4541	4834	13579	10202	24349	44403	0
LFQ	33	0	0	0	0	0	6	20	37	241	367	104	6	17	24	17	193	337	87	185	184	27	99	84	253	730	796	361	764	177	503	2391	1311	1020	2250	3135	3029	3932	4878	12512	11222	24293	46787	0
LFQ	34	0	0	1	0	0	8	25	36	293	387	70	4	19	37	16	189	334	70	216	210	24	130	84	278	759	773	431	728	192	532	2473	1388	1005	2278	2926	3141	3842	4894	12867	10549	24087	47079	0
LFQ	35	0	0	1	0	0	5	20	60	234	363	35	3	11	25	23	195	319	41	192	154	37	127	80	263	736	689	393	656	193	489	2322	1370	882	2298	2821	3302	3654	4827	12660	10273	24151	48468	0
LFQ	36	0	0	2	0	0	10	28	66	266	373	15	4	19	24	31	220	308	44	221	185	30	137	90	277	761	685	431	650	212	544	2268	1411	917	2422	2763	3385	3613	4739	13139	9622	24629	47829	0
LFQ	37	0	0	1	0	0	7	23	63	215	363	11	8	21	23	46	237	242	35	185	177	39	131	110	287	692	648	399	658	257	565	2234	1425	926	2451	2665	3613	3422	4857	12934	9401	24347	48647	0
LFQ	38	0	0	0	0	0	4	32	85	227	410	5	9	31	24	41	254	249	24	198	180	50	161	106	309	763	642	449	674	291	571	2220	1446	869	2608	2662	3883	3356	4995	13082	9336	24334	47779	0
LFQ	39	0	0	0	0	0	5	36	80	229	371	7	7	30	33	48	242	218	44	204	181	60	159	125	335	771	598	448	656	332	582	2202	1446	939	2702	2525	3966	3410	4791	12685	9845	24225	47818	0
LFQ	40	0	0	0	0	0	4	43	103	260	390	6	7	28	44	54	287	204	37	237	182	49	151	134	374	807	534	522	759	367	588	2157	1524	922	2779	2507	4044	3228	5009	12583	9726	24424	47281	0
LFQ	41	0	0	0	0	0	7	45	112	251	426	4	11	42	56	60	305	191	52	237	203	72	168	144	382	865	523	563	665	402	615	2222	1561	981	3029	2459	4125	3211	4978	12621	9548	24405	46814	0
LFQ	42	0	0	0	0	0	4	39	109	262	422	10	7	44	70	57	332	165	64	240	220	72	201	167	408	859	478	543	679	442	636	2243	1588	1002	3064	2471	4165	3365	5151	12778	9588	24084	46325	0
LFQ	43	0	0	0	0	0	6	56	121	259	391	11	12	41	72	73	338	136	62	235	193	94	197	175	435	824	493	618	722	513	674	2195	1712	1029	3330	2506	4420	3176	5205	13092	9821	24067	45046	0
LFQ	44	0	0	1	0	0	8	67	153	258	380	10	18	57	70	71	333	116	69	226	184	94	196	193	485	875	414	633	747	577	660	2225	1694	1172	3325	2639	4475	3269	5160	12792	9730	24207	44764	0
LFQ	45	0	0	1	0	0	12	77	204	316	402	9	18	60	93	92	337	103	79	248	223	121	180	222	508	857	409	711	760	604	749	2103	1770	1176	3461	2521	4456	3585	5293	12966	9265	24503	43852	0
LFQ	46	0	0	3	0	0	11	73	204	290	396	9	19	65	109	105	312	73	90	263	226	149	178	219	605	937	367	749	756	702	721	2112	1887	1142	3478	2733	4473	3590	5263	12972	9558	24396	43111	0
LFQ	47	0	0	2	0	0	14	86	220	325	401	13	20	73	121	118	333	87	97	243	251	169	198	270	651	877	333	774	751	793	811	2127	1884	1231	3586	2798	4431	3559	5579	12800	9594	24069	42654	0
LFQ	48	0	0	2	0	0	15	101	197	311	354	10	24	74	143	119	318	78	86	260	239	190	189	299	681	862	298	817	750	895	784	2127	2025	1364	3669	2950	4578	3743	5589	12653	9660	24059	41828	0
LFQ	49	0	0	2	0	0	21	114	250	342	347	17	28	79	157	141	316	67	105	270	233	190	229	336	674	944	232	931	826	977	844	2054	2126	1428	3673	3110	4345	4124	5808	11726	11081	23480	40713	0
LFQ	50	0	0	2	0	0	21	107	290	386	392	22	37	71	191	151	276	61	114	296	267	232	212	351	730	989	205	1009	809	1057	875	1930	2101	1464	3639	3283	4573	4216	5969	11504	11164	23791	39551	0
LFQ	51	0	0	2	0	0	7	108	250	330	289	25	50	109	291	201	362	48	94	258	187	380	266	545	941	1166	324	1252	729	2066	843	3550	2824	1902	6295	4254	5954	4817	12620	16697	22425	20044	9833	0
LFQ	52	0	0	2	0	0	18	107	263	335	244	27	48	92	266	161	252	34	103	249	198	309	221	447	811	920	220	1142	733	1662	854	2338	2605	1855	4458	4035	5087	4718	8615	14717	22513	27977	13701	0
LFQ	53	0	0	2	0	0	22	115	330	377	230	25	48	87	231	151	189	48	113	300	225	298	201	447	773	854	177	1126	733	1488	937	1914	2493	1772	3816	3987	4822	4711	6685	12952	16060	27766	25831	0
LFQ	54	0	0	2	0	0	20	132	304	378	229	19	41	80	249	158	147	63	107	305	222	325	207	443	790	802	168	1193	700	1422	931	1692	2459	1840	3560	3929	4888	4834	6253	11737	13432	24403	33871	0
LFQ	55	0	0	65	0	0	18	126	320	382	180	19	54	93	256	134	156	62	116	294	215	307	240	455	790	493	376	1256	685	1566	1037	1653	2349	1807	3353	4211	4988	4814	6118	11100	12525	22557	37164	0
LFQ	56	0	0	156	0	0	22	138	344	469	176	24	52	79	283	143	110	51	102	374	217	330	247	500	787	512	391	1286	705	1682	1077	1597	2585	1917	3289	4470	5185	5039	6251	10879	12093	21645	37126	0
LFQ	57	0	0	290	0	0	28	157	400	553	173	33	62	97	286	190	117	59	149	379	271	364	282	565	828	512	477	1436	752	1739	1176	1548	2815	2085	3382	4821	5406	5381	6323	10907	11788	21015	35485	0
LFQ	58	0	0	427	0	0	31	139	394	494	115	19	57	106	346	170	101	61	141	430	215	379	300	612	819	424	438	1486	734	1921	1210	1584	2804	2069	3272	4893	5730	5460	6729	10491	12559	20261	34908	0
LFQ	59	0	0	618	0	0	30	156	415	482	117	25	86	93	319	151	101	57	159	470	196	408	301	675	813	397	481	1720	700	1941	1251	1651	2970	2256	3306	5171	6050	5784	6792	10468	12198	19959	33561	0
LFQ	60	0	0	857	0	0	31	136	376	503	96	35	71	106	322	136	99	56	153	446	215	414	259	692	751	419	430	1751	681	1980	1356	1608	3086	2319	3279	5379	6335	5883	7041	9958	12355	19247	33467	0
LFQ	61	0	0	1089	0	0	31	138	421	541	68	23	76	87	298	135	89	51	168	454	200	441	268	726	812	387	497	1797	671	1961	1365	1734	3126	2435	3190	5755	6764	6210	7197	9833	12537	18743	32009	0
LFQ	62	0	0	1363	0	0	36	119	478	578	50	35	88	86	351	145	98	62	138	514	202	457	314	797	757	390	532	1833	665	1977	1575	1664	3224	2570	3340	6087	7064	6534	7442	9882	12565	17931	30383	0
LFQ	63	0	0	1648	0	0	39	149	481	589	39	36	99	90	363	114	85	61	156	551	223	480	305	871	745	354	501	2026	678	2098	1620	1826	3392	2605	3293	6148	7489	7014	7595	9425	12902	17198	29037	0
LFQ	64	0	0	1953	0	0	44	151	484	561	30	53	93	102	355	110	85	69	158	563	208	539	330	856	727	383	584	2029	634	2114	1716	1863	3424	2861	3368	6499	8059	7198	7871	9244	13108	16642	27256	0
LFQ	65	0	0	2288	0	0	48	142	494	535	11	45	88	88	325	89	74	74	161	456	261	573	321	847	667	381	542	2183	600	2101	1847	1954	3546	2983	3525	6952	8516	7688	8179	8813	13262	15902	25762	0
LFQ	66	0	0	2682	0	0	57	130	549	601	20	46	115	100	383	103	86	72	173	505	260	574	342	847	641	379	581	2278	611	2032	2019	2028	3579	3141	3465	7279	9078	7982	8362	8713	13519	15091	23897	0
LFQ	67	0	0	3019	0	0	69	147	630	562	7	60	110	131	366	97	89	79	177	553	269	583	389	933	701	384	645	2289	647	1971	2042	2101	3728	3220	3507	7726	9845	8249	8628	8173	13808	14301	22084	0
LFQ	68	0	0	3444	0	0	44	117	519	531	1	57	126	91	377	83	71	57	194	546	276	715	332	906	676	397	703	2392	623	2029	2179	2338	3679	3307	3493	7859	10337	8615	8952	7835	14204	13379	20835	0
LFQ	69	0	0	3919	0	0	54	126	613	529	3	70	136	83	343	85	76	72	203	535	258	600	366	913	608	427	720	2511	624	1896	2274	2386	3868	3533	3642	8252	11142	8896	9432	7475	14136	12351	19159	0
LFQ	70	0	0	4396	0	0	45	110	587	525	2	72	113	91	339	78	89	75	209	588	284	686	347	784	569	575	746	2487	634	1856	2409	2492	3868	3581	3850	8585	12057	9134	9699	6983	14179	11640	17550	0
LFQ	71	0	0	4880	0	0	56	106	651	488	0	65	143	102	319	89	78	86	205	654	276	691	352	809	508	556	861	2549	659	1838	2573	2645	3942	3674	4044	9199	12579	9428	10127	6504	14027	10554	15995	0
LFQ	72	0	0	5425	0	0	63	134	696	513	0	76	157	91	331	77	107	85	206	688	267	781	391	833	554	614	964	2689	682	1720	2702	2658	4093	3771	4132	9378	13490	9731	10348	6279	13938	9408	14239	0
LFQ	73	0	0	6017	0	0	81	140	883	590	1	72	153	114	371	89	110	92	248	764	270	783	414	873	539	611	959	2841	727	1727	3031	2837	4380	3919	4170	9825	14038	9924	10531	5732	13731	8582	12140	0
LFQ	74	0	0	6604	0	0	85	140	940	546	1	111	195	117	361	82	126	88	254	813	318	933	464	866	579	729	1091	3050	745	1721	3126	3051	4541	4103	4455	10538	14325	10217	10627	5420	13075	7613	10258	0
LFQ	75	0	0	7175	0	0	82	96	884	523	0	95	198	114	386	78	158	95	232	776	298	962	439	868	610	759	1093	2910	997	1675	3107	3261	4471	4296	4525	11102	15189	10588	10795	4853	13163	6612	8840	0
LFQ	76	0	0	7779	0	0	83	110	879	439	0	105	189	114	327	79	154	106	251	743	302	993	420	806	614	762	1146	2905	1047	1636	3337	3187	4623	4532	4755	11376	15916	10868	11107	4458	12716	5757	7682	0
LFQ	77	0	0	8413	0	0	87	113	859	339	2	131	173	109	304	58	148	100	262	788	278	974	426	699	560	810	1197	2851	1068	1443	3470	3334	4705	4452	4845	12187	16956	10919	11421	3976	12280	4954	6609	0
LFQ	78	0	0	9106	0	0	92	91	865	343	0	98	167	111	242	72	134	92	281	841	305	987	373	632	613	827	1240	2787	1051	1283	3492	3340	4760	4645	5005	12438	18080	11207	11648	3491	11828	4227	5503	0
LFQ	79	0	0	9867	0	0	109	92	914	367	0	109	169	103	238	57	162	105	246	872	300	1063	332	654	595	831	1358	2789	1262	1232	3848	3289	4679	4637	5123	12853	18992	11378	11729	3054	10940	3492	4456	0
LFQ	80	0	0	10647	0	0	88	91	1039	375	0	122	185	96	223	53	143	95	299	868	295	1064	371	574	605	819	1428	2796	1172	1217	3882	3386	4928	4754	5192	13457	19795	11302	11615	2646	10318	2799	3552	0
LFQ	81	0	0	11546	0	0	101	105	1003	303	0	154	199	119	254	61	166	99	307	906	330	1136	406	574	691	917	1508	2900	1273	1123	4053	3457	5171	5106	5488	14354	19877	11098	11283	2290	9156	2140	2636	0
LFQ	82	0	0	12442	0	0	108	75	966	248	1	154	157	105	192	55	158	101	278	854	317	1069	374	508	629	925	1503	2656	1334	1065	4140	3569	5121	5064	5428	15004	21356	11159	11103	1924	8510	1640	1996	0
LFQ	83	0	0	13587	0	0	98	75	939	226	0	143	165	92	167	55	191	103	310	956	310	1119	354	431	685	963	1633	2739	1346	905	4174	3584	5358	5152	5483	15233	21996	11158	10711	1697	7449	1290	1409	0
LFQ	84	0	0	14757	0	0	105	59	957	214	0	134	166	115	139	40	173	119	307	909	359	1131	334	429	695	955	1663	2732	1378	916	4196	3631	5300	5395	5655	15956	22435	11039	10195	1358	6416	861	1058	0
LFQ	85	0	0	16045	0	0	101	74	990	213	1	162	152	126	180	35	169	92	278	1026	355	1228	340	408	696	968	1801	2730	1487	903	4515	3597	5566	5360	5748	16344	22878	10533	9450	1106	5344	595	682	0
LFQ	86	0	0	17398	0	0	80	43	823	151	0	131	141	90	107	51	180	87	341	860	328	1203	334	326	708	964	1888	2610	1512	766	4514	3549	5588	5598	5687	17021	23600	10550	8863	807	4593	345	436	0
LFQ	87	0	0	19035	0	0	61	43	612	110	0	105	120	65	71	33	168	83	272	867	329	1078	298	259	736	965	1894	2449	1533	691	4469	3677	5735	5817	5733	17559	24308	10176	8122	670	3626	246	255	0
LFQ	88	0	0	21032	0	0	35	14	425	81	0	72	71	58	62	31	146	100	237	793	318	943	230	229	674	926	1793	2157	1528	630	4458	3494	5928	5860	5717	18118	24996	9928	7571	480	2833	125	173	0
LFQ	89	0	0	23412	0	0	12	5	147	33	0	21	34	20	22	7	112	80	237	780	296	915	222	190	655	899	1889	2000	1515	582	4390	3521	5994	5908	5685	18408	25568	9412	6671	371	2087	72	88	0
LFQ	90	0	0	25789	0	0	0	0	0	1	0	0	0	3	0	1	135	88	230	861	300	861	178	138	595	913	1836	1830	1509	518	4360	3479	5875	5877	5623	18436	25878	9147	5923	274	1494	48	56	0
# GC Content of first fragments. Use `grep ^GCF | cut -f 2-` to extract this part.
GCF	3.27	0
GCF	7.04	1
GCF	8.54	0
GCF	10.30	1
GCF	11.56	3
GCF	12.56	4
GCF	13.57	5
GCF	14.57	13
GCF	15.83	31
GCF	17.09	54
GCF	18.09	76
GCF	19.10	153
GCF	20.35	247
GCF	21.61	355
GCF	22.61	511
GCF	23.62	677
GCF	24.62	890
GCF	25.88	1167
GCF	26.88	1460
GCF	27.39	1461
GCF	28.14	1751
GCF	29.15	2061
GCF	30.15	2316
GCF	30.90	2604
GCF	31.66	2605
GCF	32.41	2992
GCF	32.91	2993
GCF	33.42	3270
GCF	33.92	3269
GCF	34.42	3526
GCF	34.92	3527
GCF	35.43	3814
GCF	35.93	3815
GCF	36.43	4105
GCF	36.93	4109
GCF	37.44	4110
GCF	37.94	4148
GCF	38.44	4147
GCF	39.20	4365
GCF	40.20	4428
GCF	41.21	4533
GCF	41.96	4530
GCF	42.71	4675
GCF	43.72	4505
GCF	44.47	4402
GCF	44.97	4407
GCF	45.48	4513
GCF	45.98	4512
GCF	46.73	4264
GCF	47.49	4263
GCF	47.99	4299
GCF	48.49	4297
GCF	49.25	4168
GCF	50.25	3937
GCF	51.01	3790
GCF	51.51	3793
GCF	52.01	3696
GCF	52.76	3701
GCF	53.52	3654
GCF	54.02	3651
GCF	54.77	3361
GCF	55.53	3177
GCF	56.03	3180
GCF	56.53	2845
GCF	57.04	2843
GCF	57.54	2773
GCF	58.04	2771
GCF	58.54	2770
GCF	59.05	2601
GCF	59.55	2600
GCF	60.05	2251
GCF	60.55	2254
GCF	61.06	2054
GCF	61.56	2055
GCF	62.06	1762
GCF	62.56	1766
GCF	63.07	1765
GCF	63.82	1434
GCF	64.82	1142
GCF	65.83	892
GCF	66.83	781
GCF	67.59	588
GCF	68.34	587
GCF	69.35	438
GCF	70.35	290
GCF	71.36	220
GCF	72.36	148
GCF	73.37	96
GCF	74.12	97
GCF	74.87	50
GCF	75.88	40
GCF	76.88	19
GCF	77.89	17
GCF	79.15	10
GCF	80.40	3
GCF	81.41	4
GCF	82.41	2
GCF	83.67	0
GCF	84.92	1
# GC Content of last fragments. Use `grep ^GCL | cut -f 2-` to extract this part.
GCL	2.01	0
GCL	4.77	1
GCL	6.03	0
GCL	7.04	2
GCL	8.54	0
GCL	10.30	2
GCL	11.56	6
GCL	12.56	1
GCL	13.57	6
GCL	14.57	15
GCL	15.83	28
GCL	17.09	45
GCL	18.09	90
GCL	19.10	125
GCL	20.35	235
GCL	21.61	366
GCL	22.61	509
GCL	23.62	670
GCL	24.62	888
GCL	25.88	1101
GCL	26.88	1474
GCL	27.39	1475
GCL	28.14	1751
GCL	29.15	1997
GCL	30.15	2294
GCL	31.41	2672
GCL	32.66	3039
GCL	33.67	3251
GCL	34.67	3577
GCL	35.68	3689
GCL	36.43	4059
GCL	36.93	4064
GCL	37.44	4065
GCL	37.94	4152
GCL	38.44	4153
GCL	38.94	4304
GCL	39.45	4302
GCL	40.20	4426
GCL	40.95	4634
GCL	41.46	4633
GCL	41.96	4631
GCL	42.46	4561
GCL	42.96	4563
GCL	43.47	4498
GCL	43.97	4501
GCL	44.47	4521
GCL	44.97	4522
GCL	45.48	4369
GCL	45.98	4368
GCL	46.48	4348
GCL	47.24	4353
GCL	47.99	4309
GCL	48.49	4310
GCL	49.25	4113
GCL	50.00	4065
GCL	50.50	4067
GCL	51.26	3901
GCL	52.01	3744
GCL	52.51	3749
GCL	53.02	3746
GCL	53.77	3478
GCL	54.52	3318
GCL	55.03	3316
GCL	55.53	3193
GCL	56.03	3191
GCL	56.78	3003
GCL	57.54	2743
GCL	58.04	2742
GCL	58.54	2743
GCL	59.05	2615
GCL	59.55	2613
GCL	60.05	2257
GCL	60.55	2261
GCL	61.06	1971
GCL	61.56	1974
GCL	62.06	1743
GCL	62.81	1746
GCL	63.82	1495
GCL	64.57	1177
GCL	65.08	1176
GCL	65.58	898
GCL	66.08	899
GCL	66.83	810
GCL	67.84	530
GCL	68.59	529
GCL	69.10	451
GCL	69.60	449
GCL	70.35	277
GCL	71.36	196
GCL	72.11	156
GCL	72.61	155
GCL	73.62	114
GCL	74.87	78
GCL	75.88	39
GCL	76.88	30
GCL	77.89	25
GCL	79.65	7
GCL	81.41	2
GCL	82.41	3
GCL	83.67	1
GCL	84.92	2
# ACGT content per cycle. Use `grep ^GCC | cut -f 2-` to extract this part. The columns are: cycle; A,C,G,T base counts as a percentage of all A/C/G/T bases [%]; and N and O counts as a percentage of all A/C/G/T bases [%]
GCC	1	29.03	20.85	20.76	29.36	0.11	0.00
GCC	2	28.26	21.53	21.49	28.72	0.08	0.00
GCC	3	27.96	21.74	21.84	28.46	0.03	0.00
GCC	4	27.68	22.08	21.96	28.27	0.03	0.00
GCC	5	27.83	21.84	21.67	28.66	0.05	0.00
GCC	6	27.42	22.49	22.34	27.75	0.00	0.00
GCC	7	27.67	22.13	21.89	28.31	0.00	0.00
GCC	8	27.86	21.84	21.81	28.49	0.00	0.00
GCC	9	27.79	21.97	21.79	28.45	0.00	0.00
GCC	10	27.87	21.83	21.86	28.43	0.00	0.00
GCC	11	27.88	21.81	21.92	28.39	0.00	0.00
GCC	12	27.75	21.87	21.93	28.45	0.00	0.00
GCC	13	27.87	21.81	21.78	28.54	0.00	0.00
GCC	14	27.72	21.78	21.91	28.59	0.00	0.00
GCC	15	27.65	21.95	21.90	28.49	0.00	0.00
GCC	16	27.76	22.00	21.89	28.36	0.00	0.00
GCC	17	27.72	21.83	21.86	28.58	0.00	0.00
GCC	18	27.37	22.18	22.01	28.45	0.00	0.00
GCC	19	27.56	22.06	22.04	28.34	0.00	0.00
GCC	20	27.55	22.07	22.17	28.21	0.00	0.00
GCC	21	27.24	22.29	22.27	28.20	0.00	0.00
GCC	22	27.43	22.09	22.10	28.38	0.00	0.00
GCC	23	27.51	22.15	22.18	28.15	0.00	0.00
GCC	24	27.39	22.08	22.11	28.42	0.00	0.00
GCC	25	27.25	22.26	22.25	28.24	0.00	0.00
GCC	26	27.46	22.33	22.04	28.17	0.00	0.00
GCC	27	27.33	22.36	22.18	28.13	0.00	0.00
GCC	28	27.51	22.29	22.15	28.04	0.00	0.00
GCC	29	27.25	22.36	22.31	28.07	0.00	0.00
GCC	30	27.26	22.41	22.19	28.14	0.00	0.00
GCC	31	27.20	22.42	22.19	28.19	0.00	0.00
GCC	32	27.42	22.20	22.22	28.15	0.00	0.00
GCC	33	27.06	22.47	22.32	28.16	0.00	0.00
GCC	34	27.11	22.33	22.34	28.22	0.00	0.00
GCC	35	27.02	22.35	22.39	28.25	0.00	0.00
GCC	36	27.09	22.36	22.39	28.16	0.00	0.00
GCC	37	27.05	22.39	22.43	28.14	0.00	0.00
GCC	38	27.20	22.33	22.32	28.14	0.00	0.00
GCC	39	27.00	22.43	22.34	28.23	0.00	0.00
GCC	40	27.10	22.37	22.38	28.15	0.00	0.00
GCC	41	27.03	22.61	22.36	27.99	0.00	0.00
GCC	42	26.91	22.56	22.45	28.07	0.00	0.00
GCC	43	27.00	22.57	22.38	28.05	0.00	0.00
GCC	44	26.97	22.55	22.46	28.02	0.00	0.00
GCC	45	27.03	22.50	22.48	27.99	0.00	0.00
GCC	46	27.05	22.54	22.32	28.09	0.00	0.00
GCC	47	27.10	22.36	22.39	28.14	0.00	0.00
GCC	48	26.84	22.46	22.72	27.98	0.00	0.00
GCC	49	27.01	22.47	22.48	28.04	0.00	0.00
GCC	50	26.95	22.65	22.47	27.93	0.00	0.00
GCC	51	26.76	22.63	22.57	28.04	0.00	0.00
GCC	52	26.81	22.78	22.48	27.93	0.00	0.00
GCC	53	26.95	22.64	22.41	28.00	0.00	0.00
GCC	54	26.86	22.69	22.56	27.89	0.00	0.00
GCC	55	27.06	22.44	22.51	27.99	0.00	0.00
GCC	56	26.79	22.58	22.64	27.98	0.00	0.00
GCC	57	26.71	22.68	22.76	27.86	0.00	0.00
GCC	58	26.86	22.61	22.62	27.91	0.00	0.00
GCC	59	26.78	22.81	22.58	27.82	0.00	0.00
GCC	60	26.78	22.73	22.60	27.89	0.00	0.00
GCC	61	26.71	22.57	22.89	27.83	0.00	0.00
GCC	62	26.69	22.61	22.87	27.83	0.00	0.00
GCC	63	26.78	22.71	22.59	27.92	0.00	0.00
GCC	64	26.73	22.77	22.70	27.80	0.00	0.00
GCC	65	26.83	22.56	22.62	28.00	0.00	0.00
GCC	66	26.58	22.73	22.89	27.80	0.02	0.00
GCC	67	26.76	22.79	22.68	27.76	0.00	0.00
GCC	68	26.67	22.76	22.65	27.92	0.00	0.00
GCC	69	26.63	22.82	22.71	27.84	0.00	0.00
GCC	70	26.58	22.96	22.68	27.78	0.00	0.00
GCC	71	26.63	23.03	22.49	27.85	0.00	0.00
GCC	72	26.69	22.79	22.72	27.81	0.00	0.00
GCC	73	26.66	22.89	22.79	27.66	0.00	0.00
GCC	74	26.66	22.84	22.86	27.64	0.00	0.00
GCC	75	26.62	22.78	22.83	27.77	0.00	0.00
GCC	76	26.63	22.80	22.75	27.82	0.00	0.00
GCC	77	26.61	22.87	22.67	27.86	0.00	0.00
GCC	78	26.46	23.05	22.82	27.67	0.00	0.00
GCC	79	26.59	22.78	22.74	27.90	0.00	0.00
GCC	80	26.60	22.95	22.76	27.69	0.00	0.00
GCC	81	26.55	23.32	22.72	27.41	0.00	0.00
GCC	82	26.70	23.05	22.68	27.57	0.00	0.00
GCC	83	26.44	23.19	22.72	27.66	0.00	0.00
GCC	84	26.61	22.89	22.80	27.70	0.00	0.00
GCC	85	26.36	23.11	23.00	27.53	0.00	0.00
GCC	86	26.54	23.09	22.68	27.68	0.00	0.00
GCC	87	26.54	23.10	22.78	27.59	0.00	0.00
GCC	88	26.45	23.00	22.99	27.56	0.00	0.00
GCC	89	26.27	23.09	23.03	27.61	0.04	0.00
GCC	90	26.30	23.03	23.13	27.54	0.10	0.00
# ACGT content per cycle, read oriented. Use `grep ^GCT | cut -f 2-` to extract this part. The columns are: cycle; A,C,G,T base counts as a percentage of all A/C/G/T bases [%]
GCT	1	29.45	22.12	19.49	28.94
GCT	2	29.24	21.53	21.48	27.74
GCT	3	28.12	22.01	21.57	28.30
GCT	4	27.51	22.34	21.70	28.45
GCT	5	27.92	21.70	21.81	28.57
GCT	6	27.70	22.66	22.17	27.48
GCT	7	27.81	21.97	22.05	28.17
GCT	8	27.93	22.05	21.60	28.41
GCT	9	27.63	22.42	21.35	28.60
GCT	10	28.09	22.25	21.44	28.22
GCT	11	28.06	22.34	21.39	28.21
GCT	12	27.95	22.58	21.22	28.25
GCT	13	28.06	22.22	21.37	28.35
GCT	14	27.84	22.25	21.44	28.47
GCT	15	27.90	22.37	21.49	28.25
GCT	16	27.94	22.52	21.36	28.18
GCT	17	27.91	22.28	21.41	28.40
GCT	18	27.54	22.55	21.64	28.28
GCT	19	27.82	22.48	21.62	28.08
GCT	20	27.66	22.40	21.84	28.10
GCT	21	27.53	22.62	21.94	27.91
GCT	22	27.84	22.38	21.81	27.98
GCT	23	27.58	22.56	21.77	28.09
GCT	24	27.57	22.55	21.64	28.24
GCT	25	27.57	22.59	21.92	27.92
GCT	26	27.66	22.59	21.78	27.97
GCT	27	27.62	22.69	21.84	27.84
GCT	28	27.67	22.64	21.81	27.88
GCT	29	27.61	22.72	21.96	27.71
GCT	30	27.37	22.73	21.87	28.03
GCT	31	27.61	22.68	21.93	27.78
GCT	32	27.56	22.53	21.89	28.02
GCT	33	27.47	22.74	22.05	27.74
GCT	34	27.55	22.71	21.97	27.77
GCT	35	27.53	22.78	21.96	27.73
GCT	36	27.41	22.72	22.03	27.84
GCT	37	27.44	22.69	22.12	27.75
GCT	38	27.41	22.62	22.03	27.93
GCT	39	27.48	22.68	22.09	27.75
GCT	40	27.39	22.62	22.13	27.86
GCT	41	27.40	22.80	22.17	27.62
GCT	42	27.19	22.83	22.18	27.79
GCT	43	27.43	22.72	22.22	27.63
GCT	44	27.37	22.72	22.29	27.62
GCT	45	27.45	22.80	22.18	27.57
GCT	46	27.50	22.73	22.13	27.64
GCT	47	27.34	22.65	22.11	27.90
GCT	48	27.30	22.77	22.40	27.53
GCT	49	27.28	22.72	22.23	27.77
GCT	50	27.25	22.84	22.27	27.63
GCT	51	27.25	22.93	22.27	27.54
GCT	52	27.23	22.85	22.41	27.51
GCT	53	27.42	22.66	22.39	27.53
GCT	54	27.28	22.83	22.42	27.47
GCT	55	27.30	22.62	22.33	27.75
GCT	56	27.21	22.81	22.41	27.56
GCT	57	27.21	22.97	22.46	27.36
GCT	58	27.31	22.89	22.34	27.46
GCT	59	26.95	22.76	22.63	27.66
GCT	60	27.20	22.89	22.43	27.47
GCT	61	27.19	22.71	22.75	27.34
GCT	62	27.07	23.00	22.48	27.45
GCT	63	27.21	22.80	22.49	27.50
GCT	64	27.21	22.93	22.54	27.32
GCT	65	27.18	22.54	22.63	27.65
GCT	66	27.10	22.79	22.83	27.29
GCT	67	27.10	22.79	22.68	27.43
GCT	68	27.11	22.73	22.67	27.49
GCT	69	27.11	22.98	22.55	27.36
GCT	70	26.94	22.83	22.81	27.42
GCT	71	27.05	22.70	22.82	27.43
GCT	72	27.23	22.88	22.63	27.27
GCT	73	27.06	22.79	22.89	27.26
GCT	74	27.20	22.82	22.88	27.10
GCT	75	27.09	22.84	22.77	27.30
GCT	76	27.18	22.76	22.79	27.27
GCT	77	27.14	22.74	22.80	27.32
GCT	78	27.01	22.95	22.92	27.12
GCT	79	27.23	22.63	22.89	27.25
GCT	80	27.05	22.80	22.92	27.24
GCT	81	27.00	22.99	23.05	26.96
GCT	82	27.17	22.67	23.06	27.10
GCT	83	27.10	22.80	23.11	26.99
GCT	84	27.18	22.80	22.89	27.13
GCT	85	26.98	22.92	23.19	26.91
GCT	86	27.21	22.75	23.02	27.02
GCT	87	26.98	22.80	23.08	27.15
GCT	88	27.02	22.82	23.17	26.99
GCT	89	26.96	22.79	23.33	26.92
GCT	90	27.02	22.79	23.36	26.82
# ACGT content per cycle for first fragments. Use `grep ^FBC | cut -f 2-` to extract this part. The columns are: cycle; A,C,G,T base counts as a percentage of all A/C/G/T bases [%]; and N and O counts as a percentage of all A/C/G/T bases [%]
FBC	1	28.90	20.99	20.84	29.27	0.04	0.00
FBC	2	28.31	21.57	21.47	28.64	0.09	0.00
FBC	3	28.03	21.69	21.66	28.62	0.00	0.00
FBC	4	27.97	22.00	21.78	28.25	0.00	0.00
FBC	5	27.90	21.81	21.57	28.72	0.04	0.00
FBC	6	27.43	22.36	22.25	27.96	0.00	0.00
FBC	7	27.81	22.03	21.96	28.21	0.00	0.00
FBC	8	27.74	21.78	21.83	28.65	0.00	0.00
FBC	9	27.78	21.82	21.79	28.61	0.00	0.00
FBC	10	27.76	21.84	21.99	28.42	0.00	0.00
FBC	11	27.88	21.85	21.83	28.45	0.00	0.00
FBC	12	27.57	21.98	21.91	28.54	0.00	0.00
FBC	13	27.96	21.84	21.72	28.48	0.00	0.00
FBC	14	27.59	21.83	22.00	28.58	0.00	0.00
FBC	15	27.59	22.13	21.80	28.49	0.00	0.00
FBC	16	27.70	22.07	21.90	28.34	0.00	0.00
FBC	17	27.76	21.72	21.91	28.61	0.00	0.00
FBC	18	27.55	22.04	22.02	28.39	0.00	0.00
FBC	19	27.65	22.05	22.00	28.30	0.00	0.00
FBC	20	27.41	22.07	22.19	28.33	0.00	0.00
FBC	21	27.22	22.48	22.22	28.08	0.00	0.00
FBC	22	27.40	21.99	22.16	28.44	0.00	0.00
FBC	23	27.41	22.19	22.27	28.12	0.00	0.00
FBC	24	27.42	21.89	22.12	28.57	0.00	0.00
FBC	25	27.07	22.39	22.21	28.33	0.00	0.00
FBC	26	27.43	22.27	22.03	28.27	0.00	0.00
FBC	27	27.29	22.34	22.27	28.10	0.00	0.00
FBC	28	27.68	22.27	22.08	27.98	0.00	0.00
FBC	29	27.22	22.30	22.40	28.08	0.00	0.00
FBC	30	27.18	22.37	22.23	28.22	0.00	0.00
FBC	31	27.17	22.44	22.20	28.18	0.00	0.00
FBC	32	27.35	22.14	22.31	28.20	0.00	0.00
FBC	33	27.14	22.39	22.35	28.12	0.00	0.00
FBC	34	27.02	22.38	22.26	28.34	0.00	0.00
FBC	35	27.12	22.16	22.39	28.33	0.00	0.00
FBC	36	27.09	22.38	22.44	28.09	0.00	0.00
FBC	37	27.05	22.33	22.40	28.22	0.00	0.00
FBC	38	27.29	22.40	22.17	28.13	0.00	0.00
FBC	39	26.88	22.49	22.34	28.29	0.00	0.00
FBC	40	27.12	22.45	22.33	28.11	0.00	0.00
FBC	41	27.08	22.53	22.32	28.07	0.00	0.00
FBC	42	26.92	22.63	22.39	28.06	0.00	0.00
FBC	43	27.13	22.52	22.30	28.05	0.00	0.00
FBC	44	26.85	22.54	22.51	28.10	0.00	0.00
FBC	45	27.02	22.40	22.56	28.02	0.00	0.00
FBC	46	27.04	22.51	22.26	28.20	0.00	0.00
FBC	47	27.10	22.35	22.44	28.11	0.00	0.00
FBC	48	27.01	22.30	22.67	28.02	0.00	0.00
FBC	49	27.13	22.34	22.45	28.08	0.00	0.00
FBC	50	27.05	22.65	22.41	27.90	0.00	0.00
FBC	51	26.61	22.61	22.56	28.21	0.00	0.00
FBC	52	26.93	22.70	22.52	27.86	0.00	0.00
FBC	53	26.99	22.63	22.36	28.02	0.00	0.00
FBC	54	27.05	22.53	22.50	27.92	0.00	0.00
FBC	55	27.04	22.51	22.57	27.87	0.00	0.00
FBC	56	26.91	22.54	22.55	28.00	0.00	0.00
FBC	57	26.68	22.60	22.82	27.90	0.00	0.00
FBC	58	26.81	22.46	22.72	28.01	0.00	0.00
FBC	59	26.90	22.79	22.51	27.80	0.00	0.00
FBC	60	26.80	22.59	22.66	27.95	0.00	0.00
FBC	61	26.76	22.31	22.97	27.96	0.00	0.00
FBC	62	26.78	22.42	23.05	27.75	0.00	0.00
FBC	63	26.90	22.81	22.47	27.81	0.00	0.00
FBC	64	26.76	22.75	22.74	27.75	0.00	0.00
FBC	65	26.83	22.66	22.56	27.96	0.00	0.00
FBC	66	26.57	22.78	22.96	27.69	0.00	0.00
FBC	67	26.77	22.86	22.64	27.73	0.00	0.00
FBC	68	26.68	22.83	22.56	27.93	0.00	0.00
FBC	69	26.47	22.94	22.75	27.85	0.00	0.00
FBC	70	26.56	22.84	22.86	27.74	0.00	0.00
FBC	71	26.70	23.16	22.48	27.66	0.00	0.00
FBC	72	26.79	22.85	22.72	27.63	0.00	0.00
FBC	73	26.84	22.69	22.68	27.79	0.00	0.00
FBC	74	26.71	22.75	22.97	27.57	0.00	0.00
FBC	75	26.77	22.79	22.80	27.63	0.00	0.00
FBC	76	26.75	22.78	22.75	27.72	0.00	0.00
FBC	77	26.39	22.87	22.79	27.95	0.00	0.00
FBC	78	26.45	23.06	22.87	27.62	0.00	0.00
FBC	79	26.50	22.77	22.71	28.03	0.00	0.00
FBC	80	26.69	22.91	22.59	27.81	0.00	0.00
FBC	81	26.54	23.33	22.77	27.36	0.00	0.00
FBC	82	26.55	23.05	22.74	27.67	0.00	0.00
FBC	83	26.51	23.19	22.70	27.60	0.00	0.00
FBC	84	26.62	22.87	22.78	27.73	0.00	0.00
FBC	85	26.48	23.11	22.99	27.41	0.00	0.00
FBC	86	26.72	22.95	22.63	27.70	0.00	0.00
FBC	87	26.37	23.17	22.84	27.62	0.00	0.00
FBC	88	26.48	22.99	23.01	27.51	0.00	0.00
FBC	89	26.32	22.93	22.92	27.83	0.00	0.00
FBC	90	26.23	23.03	23.17	27.57	0.00	0.00
# ACGT raw counters for first fragments. Use `grep ^FTC | cut -f 2-` to extract this part. The columns are: A,C,G,T,N base counters
FTC	2983181	2472202	2465341	3090152	215
# ACGT content per cycle for last fragments. Use `grep ^LBC | cut -f 2-` to extract this part. The columns are: cycle; A,C,G,T base counts as a percentage of all A/C/G/T bases [%]; and N and O counts as a percentage of all A/C/G/T bases [%]
LBC	1	29.17	20.71	20.69	29.44	0.18	0.00
LBC	2	28.21	21.49	21.50	28.80	0.07	0.00
LBC	3	27.89	21.80	22.01	28.30	0.06	0.00
LBC	4	27.39	22.16	22.14	28.30	0.06	0.00
LBC	5	27.75	21.87	21.77	28.61	0.07	0.00
LBC	6	27.42	22.61	22.43	27.54	0.00	0.00
LBC	7	27.54	22.23	21.83	28.41	0.00	0.00
LBC	8	27.98	21.90	21.79	28.33	0.00	0.00
LBC	9	27.79	22.13	21.79	28.29	0.00	0.00
LBC	10	27.99	21.82	21.74	28.45	0.00	0.00
LBC	11	27.88	21.77	22.01	28.33	0.00	0.00
LBC	12	27.94	21.76	21.94	28.36	0.00	0.00
LBC	13	27.78	21.78	21.85	28.59	0.00	0.00
LBC	14	27.86	21.73	21.81	28.60	0.00	0.00
LBC	15	27.72	21.78	22.01	28.48	0.00	0.00
LBC	16	27.82	21.92	21.88	28.38	0.00	0.00
LBC	17	27.68	21.94	21.82	28.56	0.00	0.00
LBC	18	27.19	22.31	21.99	28.51	0.00	0.00
LBC	19	27.48	22.07	22.07	28.38	0.00	0.00
LBC	20	27.68	22.06	22.16	28.10	0.00	0.00
LBC	21	27.26	22.10	22.32	28.32	0.00	0.00
LBC	22	27.46	22.18	22.04	28.32	0.00	0.00
LBC	23	27.62	22.11	22.09	28.18	0.00	0.00
LBC	24	27.37	22.26	22.10	28.27	0.00	0.00
LBC	25	27.42	22.13	22.29	28.15	0.00	0.00
LBC	26	27.49	22.40	22.04	28.07	0.00	0.00
LBC	27	27.37	22.37	22.09	28.17	0.00	0.00
LBC	28	27.35	22.32	22.23	28.10	0.00	0.00
LBC	29	27.28	22.42	22.23	28.07	0.00	0.00
LBC	30	27.34	22.45	22.14	28.06	0.00	0.00
LBC	31	27.23	22.40	22.18	28.20	0.00	0.00
LBC	32	27.50	22.27	22.13	28.11	0.00	0.00
LBC	33	26.97	22.55	22.28	28.20	0.00	0.00
LBC	34	27.19	22.29	22.43	28.10	0.00	0.00
LBC	35	26.91	22.55	22.39	28.16	0.00	0.00
LBC	36	27.09	22.34	22.34	28.23	0.00	0.00
LBC	37	27.05	22.45	22.45	28.05	0.00	0.00
LBC	38	27.12	22.26	22.47	28.14	0.00	0.00
LBC	39	27.13	22.37	22.34	28.16	0.00	0.00
LBC	40	27.09	22.29	22.44	28.19	0.00	0.00
LBC	41	26.99	22.70	22.41	27.91	0.00	0.00
LBC	42	26.89	22.50	22.52	28.09	0.00	0.00
LBC	43	26.88	22.61	22.46	28.05	0.00	0.00
LBC	44	27.10	22.56	22.42	27.93	0.00	0.00
LBC	45	27.05	22.59	22.40	27.95	0.00	0.00
LBC	46	27.05	22.58	22.38	27.99	0.00	0.00
LBC	47	27.10	22.37	22.35	28.17	0.00	0.00
LBC	48	26.68	22.61	22.77	27.95	0.00	0.00
LBC	49	26.88	22.60	22.52	27.99	0.00	0.00
LBC	50	26.86	22.65	22.53	27.96	0.00	0.00
LBC	51	26.90	22.65	22.59	27.87	0.00	0.00
LBC	52	26.69	22.85	22.44	28.01	0.00	0.00
LBC	53	26.91	22.66	22.46	27.98	0.00	0.00
LBC	54	26.68	22.84	22.63	27.86	0.00	0.00
LBC	55	27.08	22.36	22.45	28.11	0.00	0.00
LBC	56	26.67	22.63	22.74	27.96	0.00	0.00
LBC	57	26.75	22.75	22.69	27.82	0.00	0.00
LBC	58	26.91	22.77	22.51	27.81	0.00	0.00
LBC	59	26.66	22.83	22.66	27.85	0.00	0.00
LBC	60	26.77	22.86	22.53	27.83	0.00	0.00
LBC	61	26.65	22.84	22.81	27.70	0.00	0.00
LBC	62	26.59	22.81	22.68	27.92	0.00	0.00
LBC	63	26.67	22.60	22.70	28.03	0.00	0.00
LBC	64	26.71	22.78	22.66	27.85	0.00	0.00
LBC	65	26.83	22.46	22.67	28.04	0.00	0.00
LBC	66	26.59	22.68	22.81	27.92	0.04	0.00
LBC	67	26.76	22.73	22.72	27.79	0.00	0.00
LBC	68	26.67	22.69	22.73	27.92	0.00	0.00
LBC	69	26.79	22.70	22.68	27.83	0.00	0.00
LBC	70	26.60	23.09	22.50	27.81	0.00	0.00
LBC	71	26.56	22.91	22.49	28.04	0.00	0.00
LBC	72	26.59	22.72	22.71	27.98	0.00	0.00
LBC	73	26.49	23.08	22.91	27.52	0.00	0.00
LBC	74	26.61	22.94	22.74	27.72	0.00	0.00
LBC	75	26.46	22.77	22.86	27.91	0.00	0.00
LBC	76	26.51	22.83	22.75	27.91	0.00	0.00
LBC	77	26.82	22.87	22.55	27.76	0.00	0.00
LBC	78	26.48	23.04	22.76	27.72	0.00	0.00
LBC	79	26.67	22.79	22.77	27.76	0.00	0.00
LBC	80	26.51	22.98	22.94	27.56	0.00	0.00
LBC	81	26.57	23.30	22.67	27.46	0.00	0.00
LBC	82	26.86	23.06	22.61	27.48	0.00	0.00
LBC	83	26.36	23.19	22.75	27.71	0.00	0.00
LBC	84	26.61	22.91	22.82	27.66	0.00	0.00
LBC	85	26.24	23.11	23.01	27.64	0.00	0.00
LBC	86	26.35	23.24	22.74	27.66	0.00	0.00
LBC	87	26.71	23.02	22.71	27.56	0.00	0.00
LBC	88	26.42	23.00	22.97	27.61	0.00	0.00
LBC	89	26.22	23.24	23.15	27.39	0.08	0.00
LBC	90	26.37	23.03	23.09	27.52	0.21	0.00
# ACGT raw counters for last fragments. Use `grep ^LTC | cut -f 2-` to extract this part. The columns are: A,C,G,T,N base counters
LTC	2980266	2476937	2465867	3087080	941
# Insert sizes. Use `grep ^IS | cut -f 2-` to extract this part. The columns are: insert size, pairs total, inward oriented pairs, outward oriented pairs, other pairs
IS	0	5	0	0	5
IS	1	0	0	0	0
IS	2	0	0	0	0
IS	3	0	0	0	0
IS	4	0	0	0	0
IS	5	1	0	1	0
IS	6	0	0	0	0
IS	7	0	0	0	0
IS	8	0	0	0	0
IS	9	0	0	0	0
IS	10	0	0	0	0
IS	11	0	0	0	0
IS	12	0	0	0	0
IS	13	0	0	0	0
IS	14	0	0	0	0
IS	15	0	0	0	0
IS	16	0	0	0	0
IS	17	0	0	0	0
IS	18	0	0	0	0
IS	19	1	1	0	0
IS	20	1	1	0	0
IS	21	2	1	1	0
IS	22	1	1	0	0
IS	23	1	1	0	0
IS	24	1	1	0	0
IS	25	0	0	0	0
IS	26	2	1	1	0
IS	27	1	1	0	0
IS	28	0	0	0	0
IS	29	0	0	0	0
IS	30	0	0	0	0
IS	31	1	0	1	0
IS	32	0	0	0	0
IS	33	3	3	0	0
IS	34	0	0	0	0
IS	35	1	1	0	0
IS	36	1	0	0	1
IS	37	2	2	0	0
IS	38	0	0	0	0
IS	39	0	0	0	0
IS	40	0	0	0	0
IS	41	0	0	0	0
IS	42	0	0	0	0
IS	43	1	1	0	0
IS	44	0	0	0	0
IS	45	0	0	0	0
IS	46	0	0	0	0
IS	47	0	0	0	0
IS	48	1	1	0	0
IS	49	0	0	0	0
IS	50	2	1	1	0
IS	51	0	0	0	0
IS	52	1	1	0	0
IS	53	0	0	0	0
IS	54	2	2	0	0
IS	55	2	2	0	0
IS	56	2	1	1	0
IS	57	2	2	0	0
IS	58	0	0	0	0
IS	59	0	0	0	0
IS	60	0	0	0	0
IS	61	3	1	2	0
IS	62	0	0	0	0
IS	63	0	0	0	0
IS	64	0	0	0	0
IS	65	2	0	2	0
IS	66	2	2	0	0
IS	67	1	1	0	0
IS	68	1	1	0	0
IS	69	0	0	0	0
IS	70	2	1	1	0
IS	71	3	3	0	0
IS	72	1	1	0	0
IS	73	1	1	0	0
IS	74	1	1	0	0
IS	75	0	0	0	0
IS	76	2	2	0	0
IS	77	1	1	0	0
IS	78	4	3	0	1
IS	79	1	1	0	0
IS	80	1	1	0	0
IS	81	0	0	0	0
IS	82	0	0	0	0
IS	83	1	1	0	0
IS	84	3	3	0	0
IS	85	3	3	0	0
IS	86	2	2	0	0
IS	87	3	3	0	0
IS	88	5	5	0	0
IS	89	2	2	0	0
IS	90	3	3	0	0
IS	91	7	7	0	0
IS	92	3	3	0	0
IS	93	8	8	0	0
IS	94	7	7	0	0
IS	95	9	9	0	0
IS	96	9	9	0	0
IS	97	10	10	0	0
IS	98	4	4	0	0
IS	99	16	16	0	0
IS	100	14	14	0	0
IS	101	13	13	0	0
IS	102	23	23	0	0
IS	103	25	25	0	0
IS	104	38	38	0	0
IS	105	30	30	0	0
IS	106	37	37	0	0
IS	107	39	39	0	0
IS	108	45	45	0	0
IS	109	43	43	0	0
IS	110	67	67	0	0
IS	111	64	64	0	0
IS	112	62	62	0	0
IS	113	73	73	0	0
IS	114	97	97	0	0
IS	115	95	95	0	0
IS	116	108	108	0	0
IS	117	118	118	0	0
IS	118	147	147	0	0
IS	119	136	136	0	0
IS	120	151	151	0	0
IS	121	165	165	0	0
IS	122	181	181	0	0
IS	123	181	181	0	0
IS	124	205	205	0	0
IS	125	218	217	0	1
IS	126	243	243	0	0
IS	127	252	252	0	0
IS	128	270	270	0	0
IS	129	304	304	0	0
IS	130	282	282	0	0
IS	131	316	316	0	0
IS	132	311	310	0	1
IS	133	326	326	0	0
IS	134	392	392	0	0
IS	135	389	388	0	1
IS	136	391	391	0	0
IS	137	381	381	0	0
IS	138	417	417	0	0
IS	139	429	429	0	0
IS	140	438	438	0	0
IS	141	496	496	0	0
IS	142	477	477	0	0
IS	143	479	479	0	0
IS	144	470	469	0	1
IS	145	496	496	0	0
IS	146	525	525	0	0
IS	147	564	564	0	0
IS	148	522	522	0	0
IS	149	566	566	0	0
IS	150	584	584	0	0
IS	151	607	606	0	1
IS	152	608	608	0	0
IS	153	631	631	0	0
IS	154	629	629	0	0
IS	155	651	651	0	0
IS	156	646	646	0	0
IS	157	662	662	0	0
IS	158	701	700	0	1
IS	159	709	709	0	0
IS	160	667	667	0	0
IS	161	678	678	0	0
IS	162	668	666	0	2
IS	163	746	746	0	0
IS	164	727	727	0	0
IS	165	680	680	0	0
IS	166	663	663	0	0
IS	167	759	759	0	0
IS	168	773	773	0	0
IS	169	711	711	0	0
IS	170	768	768	0	0
IS	171	748	748	0	0
IS	172	758	758	0	0
IS	173	780	780	0	0
IS	174	774	774	0	0
IS	175	761	761	0	0
IS	176	774	774	0	0
IS	177	756	755	0	1
IS	178	801	801	0	0
IS	179	760	760	0	0
IS	180	788	788	0	0
IS	181	838	838	0	0
IS	182	781	781	0	0
IS	183	804	804	0	0
IS	184	778	778	0	0
IS	185	745	745	0	0
IS	186	743	743	0	0
IS	187	766	766	0	0
IS	188	785	785	0	0
IS	189	805	805	0	0
IS	190	749	749	0	0
IS	191	710	710	0	0
IS	192	756	756	0	0
IS	193	835	835	0	0
IS	194	772	772	0	0
IS	195	766	766	0	0
IS	196	742	742	0	0
IS	197	748	748	0	0
IS	198	801	801	0	0
IS	199	744	744	0	0
IS	200	727	727	0	0
IS	201	706	706	0	0
IS	202	684	684	0	0
IS	203	695	695	0	0
IS	204	765	765	0	0
IS	205	695	695	0	0
IS	206	785	785	0	0
IS	207	718	718	0	0
IS	208	716	716	0	0
IS	209	714	714	0	0
IS	210	679	679	0	0
IS	211	674	674	0	0
IS	212	742	742	0	0
IS	213	702	702	0	0
IS	214	637	637	0	0
IS	215	697	697	0	0
IS	216	698	698	0	0
IS	217	706	706	0	0
IS	218	655	655	0	0
IS	219	665	665	0	0
IS	220	653	653	0	0
IS	221	631	631	0	0
IS	222	650	650	0	0
IS	223	680	680	0	0
IS	224	602	602	0	0
IS	225	669	669	0	0
IS	226	616	616	0	0
IS	227	580	580	0	0
IS	228	625	625	0	0
IS	229	595	595	0	0
IS	230	546	546	0	0
IS	231	564	564	0	0
IS	232	576	575	0	1
IS	233	579	579	0	0
IS	234	587	587	0	0
IS	235	548	548	0	0
IS	236	555	555	0	0
IS	237	515	515	0	0
IS	238	519	519	0	0
IS	239	559	559	0	0
IS	240	577	577	0	0
IS	241	543	543	0	0
IS	242	520	520	0	0
IS	243	486	486	0	0
IS	244	510	510	0	0
IS	245	543	543	0	0
IS	246	542	542	0	0
IS	247	506	506	0	0
IS	248	520	520	0	0
IS	249	494	494	0	0
IS	250	535	535	0	0
IS	251	467	467	0	0
IS	252	515	515	0	0
IS	253	463	463	0	0
IS	254	504	504	0	0
IS	255	488	488	0	0
IS	256	483	483	0	0
IS	257	484	484	0	0
IS	258	451	451	0	0
IS	259	451	451	0	0
IS	260	434	434	0	0
IS	261	474	474	0	0
IS	262	422	422	0	0
IS	263	423	423	0	0
IS	264	471	471	0	0
IS	265	414	414	0	0
IS	266	428	428	0	0
IS	267	405	405	0	0
IS	268	402	402	0	0
IS	269	436	436	0	0
IS	270	418	418	0	0
IS	271	418	418	0	0
IS	272	419	419	0	0
IS	273	370	370	0	0
IS	274	371	371	0	0
IS	275	378	378	0	0
IS	276	415	415	0	0
IS	277	358	358	0	0
IS	278	347	347	0	0
IS	279	355	355	0	0
IS	280	356	356	0	0
IS	281	351	351	0	0
IS	282	379	379	0	0
IS	283	337	337	0	0
IS	284	291	291	0	0
IS	285	343	343	0	0
IS	286	328	328	0	0
IS	287	335	335	0	0
IS	288	350	350	0	0
IS	289	370	370	0	0
IS	290	351	351	0	0
IS	291	314	314	0	0
IS	292	341	341	0	0
IS	293	319	319	0	0
IS	294	327	327	0	0
IS	295	339	339	0	0
IS	296	297	297	0	0
IS	297	290	290	0	0
IS	298	292	292	0	0
IS	299	306	306	0	0
IS	300	294	294	0	0
IS	301	283	283	0	0
IS	302	279	279	0	0
IS	303	309	309	0	0
IS	304	288	288	0	0
IS	305	260	260	0	0
IS	306	263	263	0	0
IS	307	243	243	0	0
IS	308	256	256	0	0
IS	309	223	223	0	0
IS	310	258	258	0	0
IS	311	249	249	0	0
IS	312	237	237	0	0
IS	313	237	237	0	0
IS	314	219	219	0	0
IS	315	237	237	0	0
IS	316	235	235	0	0
IS	317	265	265	0	0
IS	318	217	217	0	0
IS	319	246	246	0	0
IS	320	216	216	0	0
IS	321	239	239	0	0
IS	322	205	205	0	0
IS	323	195	195	0	0
IS	324	206	206	0	0
IS	325	236	236	0	0
IS	326	182	182	0	0
IS	327	208	208	0	0
IS	328	204	204	0	0
IS	329	232	232	0	0
IS	330	166	166	0	0
IS	331	186	186	0	0
IS	332	176	176	0	0
IS	333	193	193	0	0
IS	334	170	170	0	0
IS	335	218	218	0	0
IS	336	212	212	0	0
IS	337	177	177	0	0
IS	338	183	183	0	0
IS	339	167	167	0	0
IS	340	169	169	0	0
IS	341	184	184	0	0
IS	342	171	171	0	0
IS	343	159	159	0	0
IS	344	166	166	0	0
IS	345	170	170	0	0
IS	346	161	161	0	0
IS	347	155	155	0	0
IS	348	158	158	0	0
IS	349	158	158	0	0
IS	350	152	152	0	0
IS	351	166	166	0	0
IS	352	155	155	0	0
IS	353	126	126	0	0
IS	354	137	137	0	0
IS	355	135	135	0	0
IS	356	159	159	0	0
IS	357	133	133	0	0
IS	358	167	167	0	0
IS	359	122	122	0	0
IS	360	113	113	0	0
IS	361	135	135	0	0
IS	362	123	123	0	0
IS	363	132	132	0	0
IS	364	107	107	0	0
IS	365	119	119	0	0
IS	366	123	123	0	0
IS	367	137	137	0	0
IS	368	133	133	0	0
IS	369	99	99	0	0
IS	370	108	108	0	0
IS	371	120	120	0	0
IS	372	110	110	0	0
IS	373	116	116	0	0
IS	374	101	101	0	0
IS	375	112	112	0	0
IS	376	113	113	0	0
IS	377	100	100	0	0
IS	378	95	95	0	0
IS	379	92	92	0	0
IS	380	121	121	0	0
IS	381	91	91	0	0
IS	382	109	109	0	0
IS	383	79	79	0	0
IS	384	91	91	0	0
IS	385	90	90	0	0
IS	386	109	109	0	0
IS	387	93	93	0	0
IS	388	84	84	0	0
IS	389	90	90	0	0
IS	390	105	105	0	0
IS	391	87	87	0	0
IS	392	90	90	0	0
IS	393	84	84	0	0
IS	394	96	96	0	0
IS	395	95	95	0	0
IS	396	89	89	0	0
IS	397	80	80	0	0
IS	398	84	84	0	0
IS	399	79	79	0	0
IS	400	85	85	0	0
IS	401	96	96	0	0
IS	402	76	76	0	0
IS	403	77	77	0	0
IS	404	68	68	0	0
IS	405	78	78	0	0
IS	406	66	66	0	0
IS	407	67	67	0	0
IS	408	67	67	0	0
IS	409	71	71	0	0
IS	410	84	84	0	0
IS	411	61	61	0	0
IS	412	64	64	0	0
IS	413	50	50	0	0
IS	414	73	73	0	0
IS	415	72	72	0	0
IS	416	82	82	0	0
IS	417	58	58	0	0
IS	418	57	57	0	0
IS	419	70	70	0	0
IS	420	58	58	0	0
IS	421	61	61	0	0
IS	422	62	62	0	0
IS	423	58	58	0	0
IS	424	57	57	0	0
IS	425	54	54	0	0
IS	426	56	56	0	0
IS	427	44	44	0	0
IS	428	44	44	0	0
IS	429	64	64	0	0
IS	430	62	62	0	0
IS	431	52	52	0	0
IS	432	52	52	0	0
IS	433	47	47	0	0
IS	434	43	43	0	0
IS	435	46	46	0	0
IS	436	34	34	0	0
IS	437	49	49	0	0
IS	438	46	46	0	0
IS	439	44	44	0	0
IS	440	55	55	0	0
IS	441	42	42	0	0
IS	442	33	33	0	0
IS	443	50	50	0	0
IS	444	36	36	0	0
IS	445	46	46	0	0
IS	446	34	34	0	0
IS	447	29	29	0	0
IS	448	26	26	0	0
IS	449	36	36	0	0
IS	450	45	45	0	0
IS	451	50	50	0	0
IS	452	39	39	0	0
IS	453	37	37	0	0
IS	454	37	37	0	0
IS	455	28	28	0	0
IS	456	33	33	0	0
IS	457	25	25	0	0
IS	458	40	40	0	0
IS	459	29	29	0	0
IS	460	33	33	0	0
IS	461	34	34	0	0
IS	462	32	32	0	0
IS	463	30	30	0	0
IS	464	23	23	0	0
IS	465	27	27	0	0
IS	466	34	34	0	0
IS	467	27	27	0	0
IS	468	33	33	0	0
IS	469	29	29	0	0
IS	470	32	32	0	0
IS	471	36	36	0	0
IS	472	29	29	0	0
IS	473	42	42	0	0
IS	474	29	29	0	0
IS	475	32	32	0	0
IS	476	23	23	0	0
IS	477	26	26	0	0
IS	478	30	30	0	0
IS	479	23	23	0	0
IS	480	29	29	0	0
IS	481	28	28	0	0
IS	482	16	16	0	0
IS	483	16	16	0	0
IS	484	19	19	0	0
IS	485	30	30	0	0
IS	486	21	21	0	0
IS	487	28	28	0	0
IS	488	26	26	0	0
IS	489	24	24	0	0
IS	490	26	26	0	0
IS	491	17	17	0	0
IS	492	28	28	0	0
IS	493	17	17	0	0
IS	494	21	21	0	0
IS	495	15	15	0	0
IS	496	23	23	0	0
IS	497	16	16	0	0
IS	498	19	19	0	0
IS	499	17	17	0	0
IS	500	15	15	0	0
IS	501	19	19	0	0
IS	502	26	26	0	0
IS	503	18	18	0	0
IS	504	20	20	0	0
IS	505	13	13	0	0
IS	506	27	27	0	0
IS	507	11	11	0	0
IS	508	22	22	0	0
IS	509	15	15	0	0
IS	510	25	25	0	0
IS	511	15	15	0	0
IS	512	17	17	0	0
IS	513	16	16	0	0
IS	514	11	11	0	0
IS	515	19	19	0	0
IS	516	22	22	0	0
IS	517	21	21	0	0
IS	518	18	18	0	0
IS	519	15	15	0	0
# Read lengths. Use `grep ^RL | cut -f 2-` to extract this part. The columns are: read length, count
RL	31	10
RL	32	6
RL	33	8
RL	34	6
RL	35	4
RL	36	10
RL	37	12
RL	38	8
RL	41	2
RL	42	8
RL	43	6
RL	44	2
RL	46	6
RL	47	4
RL	48	2
RL	49	4
RL	51	2
RL	52	2
RL	53	2
RL	54	2
RL	55	2
RL	56	4
RL	57	4
RL	58	2
RL	60	2
RL	61	2
RL	62	2
RL	63	2
RL	64	2
RL	65	6
RL	66	2
RL	68	6
RL	69	4
RL	70	4
RL	71	2
RL	72	4
RL	73	2
RL	74	6
RL	75	4
RL	76	6
RL	77	6
RL	78	2
RL	79	10
RL	80	2
RL	81	4
RL	82	4
RL	83	10
RL	84	6
RL	85	10
RL	86	6
RL	87	8
RL	88	12
RL	89	8
RL	90	244512
# Read lengths - first fragments. Use `grep ^FRL | cut -f 2-` to extract this part. The columns are: read length, count
FRL	31	5
FRL	32	3
FRL	33	4
FRL	34	3
FRL	35	2
FRL	36	5
FRL	37	6
FRL	38	4
FRL	41	1
FRL	42	4
FRL	43	3
FRL	44	1
FRL	46	3
FRL	47	2
FRL	48	1
FRL	49	2
FRL	51	1
FRL	52	1
FRL	53	1
FRL	54	1
FRL	55	1
FRL	56	2
FRL	57	2
FRL	58	1
FRL	60	1
FRL	61	1
FRL	62	1
FRL	63	1
FRL	64	1
FRL	65	3
FRL	66	1
FRL	68	3
FRL	69	2
FRL	70	2
FRL	71	1
FRL	72	2
FRL	73	1
FRL	74	3
FRL	75	2
FRL	76	3
FRL	77	3
FRL	78	1
FRL	79	5
FRL	80	1
FRL	81	2
FRL	82	2
FRL	83	5
FRL	84	3
FRL	85	5
FRL	86	3
FRL	87	4
FRL	88	6
FRL	89	4
FRL	90	122256
# Read lengths - last fragments. Use `grep ^LRL | cut -f 2-` to extract this part. The columns are: read length, count
LRL	31	5
LRL	32	3
LRL	33	4
LRL	34	3
LRL	35	2
LRL	36	5
LRL	37	6
LRL	38	4
LRL	41	1
LRL	42	4
LRL	43	3
LRL	44	1
LRL	46	3
LRL	47	2
LRL	48	1
LRL	49	2
LRL	51	1
LRL	52	1
LRL	53	1
LRL	54	1
LRL	55	1
LRL	56	2
LRL	57	2
LRL	58	1
LRL	60	1
LRL	61	1
LRL	62	1
LRL	63	1
LRL	64	1
LRL	65	3
LRL	66	1
LRL	68	3
LRL	69	2
LRL	70	2
LRL	71	1
LRL	72	2
LRL	73	1
LRL	74	3
LRL	75	2
LRL	76	3
LRL	77	3
LRL	78	1
LRL	79	5
LRL	80	1
LRL	81	2
LRL	82	2
LRL	83	5
LRL	84	3
LRL	85	5
LRL	86	3
LRL	87	4
LRL	88	6
LRL	89	4
LRL	90	122256
# Mapping qualities for reads !(UNMAP|SECOND|SUPPL|QCFAIL|DUP). Use `grep ^MAPQ | cut -f 2-` to extract this part. The columns are: mapq, count
MAPQ	0	15502
MAPQ	1	36
MAPQ	2	14
MAPQ	3	81
MAPQ	4	20
MAPQ	5	31
MAPQ	6	27
MAPQ	7	25
MAPQ	8	45
MAPQ	9	62
MAPQ	10	56
MAPQ	11	13
MAPQ	12	28
MAPQ	13	63
MAPQ	14	12
MAPQ	15	76
MAPQ	16	34
MAPQ	17	32
MAPQ	18	33
MAPQ	19	50
MAPQ	20	112
MAPQ	21	131
MAPQ	22	199
MAPQ	23	177
MAPQ	24	269
MAPQ	25	479
MAPQ	26	11
MAPQ	27	1354
MAPQ	28	12
MAPQ	29	12
MAPQ	30	30
MAPQ	31	19
MAPQ	32	4
MAPQ	33	77
MAPQ	34	16
MAPQ	35	25
MAPQ	36	26
MAPQ	37	69
MAPQ	38	12
MAPQ	39	121
MAPQ	40	1984
MAPQ	41	20
MAPQ	42	78
MAPQ	43	82
MAPQ	44	42
MAPQ	45	222
MAPQ	46	127
MAPQ	47	190
MAPQ	48	461
MAPQ	49	135
MAPQ	50	1630
MAPQ	51	94
MAPQ	52	59
MAPQ	53	155
MAPQ	54	96
MAPQ	55	78
MAPQ	56	175
MAPQ	57	225
MAPQ	58	11
MAPQ	59	18
MAPQ	60	219376
# Indel distribution. Use `grep ^ID | cut -f 2-` to extract this part. The columns are: length, number of insertions, number of deletions
ID	1	725	854
ID	2	132	195
ID	3	65	77
ID	4	44	61
ID	5	25	22
ID	6	15	20
ID	7	3	6
ID	8	14	13
ID	9	2	4
ID	10	2	6
ID	11	2	3
ID	12	1	2
ID	13	0	1
ID	14	2	3
ID	15	1	1
ID	16	0	4
ID	18	1	2
ID	20	0	1
# Indels per cycle. Use `grep ^IC | cut -f 2-` to extract this part. The columns are: cycle, number of insertions (fwd), .. (rev) , number of deletions (fwd), .. (rev)
IC	3	0	0	3	6
IC	4	3	4	3	2
IC	5	5	6	3	8
IC	6	2	1	1	5
IC	7	4	3	6	3
IC	8	7	4	8	7
IC	9	2	0	7	3
IC	10	6	1	5	7
IC	11	4	4	7	4
IC	12	2	4	3	8
IC	13	4	2	10	7
IC	14	2	8	10	3
IC	15	6	6	6	9
IC	16	8	4	10	6
IC	17	7	2	13	10
IC	18	8	3	3	12
IC	19	7	9	7	8
IC	20	6	5	5	7
IC	21	12	8	12	13
IC	22	6	7	6	8
IC	23	7	6	7	10
IC	24	8	8	6	6
IC	25	8	5	8	13
IC	26	8	2	9	9
IC	27	6	6	9	4
IC	28	9	5	14	8
IC	29	8	4	9	14
IC	30	7	9	7	7
IC	31	5	6	6	6
IC	32	4	6	10	4
IC	33	6	7	8	8
IC	34	5	4	8	5
IC	35	9	4	6	12
IC	36	9	3	10	7
IC	37	2	6	14	9
IC	38	1	9	7	11
IC	39	5	8	7	6
IC	40	7	6	11	8
IC	41	6	7	5	5
IC	42	5	5	6	15
IC	43	5	8	7	8
IC	44	6	2	10	8
IC	45	6	5	11	9
IC	46	9	9	6	11
IC	47	5	7	4	7
IC	48	6	12	7	16
IC	49	2	9	15	4
IC	50	8	5	9	10
IC	51	8	2	8	9
IC	52	5	5	12	4
IC	53	9	7	5	7
IC	54	9	6	8	5
IC	55	7	5	13	5
IC	56	3	5	11	9
IC	57	6	7	8	7
IC	58	8	5	18	6
IC	59	11	5	12	4
IC	60	10	8	11	8
IC	61	9	10	9	5
IC	62	4	4	5	7
IC	63	4	4	5	3
IC	64	4	4	8	10
IC	65	2	7	5	13
IC	66	6	10	9	6
IC	67	9	6	3	12
IC	68	5	5	10	11
IC	69	6	5	9	0
IC	70	7	4	7	11
IC	71	5	5	11	4
IC	72	10	5	7	14
IC	73	5	8	5	3
IC	74	10	5	8	3
IC	75	3	4	8	8
IC	76	5	4	4	7
IC	77	5	6	11	8
IC	78	8	6	6	4
IC	79	5	6	4	6
IC	80	9	7	8	7
IC	81	4	7	9	6
IC	82	4	3	4	10
IC	83	6	5	6	8
IC	84	11	8	4	5
IC	85	13	19	4	2
IC	86	13	17	4	7
IC	87	15	15	4	8
# Coverage distribution. Use `grep ^COV | cut -f 2-` to extract this part.
COV	[1-1]	1	15128092
COV	[2-2]	2	2437663
COV	[3-3]	3	459462
COV	[4-4]	4	98418
COV	[5-5]	5	21409
COV	[6-6]	6	5820
COV	[7-7]	7	1653
COV	[8-8]	8	481
COV	[9-9]	9	340
COV	[10-10]	10	110
COV	[11-11]	11	46
COV	[12-12]	12	77
COV	[13-13]	13	4
# GC-depth. Use `grep ^GCD | cut -f 2-` to extract this part. The columns are: GC%, unique sequence percentiles, 10th, 25th, 50th, 75th and 90th depth percentile
GCD	0.0	0.083	0.004	0.004	0.004	0.004	0.004
GCD	3.8	0.085	0.036	0.036	0.036	0.036	0.036
GCD	7.0	0.088	0.004	0.004	0.004	0.004	0.004
GCD	12.0	0.091	0.004	0.004	0.004	0.004	0.004
GCD	16.0	0.096	0.009	0.009	0.011	0.013	0.013
GCD	18.0	0.102	0.009	0.009	0.009	0.009	0.009
GCD	19.0	0.116	0.004	0.004	0.009	0.009	0.009
GCD	20.0	0.124	0.009	0.009	0.009	0.009	0.009
GCD	21.0	0.143	0.004	0.004	0.009	0.009	0.009
GCD	22.0	0.173	0.009	0.009	0.009	0.009	0.009
GCD	23.0	0.239	0.007	0.009	0.009	0.009	0.013
GCD	24.0	0.372	0.004	0.009	0.009	0.009	0.009
GCD	25.0	0.476	0.009	0.009	0.009	0.018	0.022
GCD	26.0	0.757	0.009	0.009	0.009	0.009	0.018
GCD	27.0	1.098	0.009	0.009	0.009	0.009	0.018
GCD	28.0	1.649	0.009	0.009	0.009	0.018	0.027
GCD	29.0	2.433	0.009	0.009	0.009	0.018	0.036
GCD	30.0	3.201	0.009	0.009	0.018	0.031	0.054
GCD	31.0	4.638	0.009	0.009	0.018	0.027	0.045
GCD	32.0	6.358	0.009	0.009	0.018	0.036	0.063
GCD	33.0	8.868	0.009	0.009	0.018	0.045	0.063
GCD	34.0	11.829	0.009	0.009	0.018	0.036	0.072
GCD	35.0	14.414	0.009	0.018	0.027	0.054	0.081
GCD	36.0	18.289	0.009	0.009	0.022	0.045	0.072
GCD	37.0	22.134	0.009	0.009	0.022	0.045	0.072
GCD	38.0	26.293	0.009	0.009	0.018	0.045	0.072
GCD	39.0	30.878	0.009	0.009	0.018	0.045	0.072
GCD	40.0	34.393	0.009	0.013	0.027	0.054	0.072
GCD	41.0	38.989	0.009	0.009	0.018	0.045	0.063
GCD	42.0	43.434	0.009	0.009	0.018	0.045	0.072
GCD	43.0	47.901	0.009	0.009	0.018	0.045	0.072
GCD	44.0	52.245	0.009	0.009	0.018	0.045	0.072
GCD	45.0	55.434	0.009	0.009	0.027	0.045	0.081
GCD	46.0	59.392	0.009	0.009	0.018	0.036	0.063
GCD	47.0	63.188	0.009	0.009	0.018	0.036	0.063
GCD	48.0	66.791	0.009	0.009	0.018	0.036	0.063
GCD	49.0	70.316	0.009	0.009	0.018	0.036	0.072
GCD	50.0	72.848	0.009	0.009	0.027	0.045	0.081
GCD	51.0	76.060	0.009	0.009	0.018	0.036	0.067
GCD	52.0	78.895	0.009	0.009	0.018	0.036	0.072
GCD	53.0	81.587	0.009	0.009	0.018	0.045	0.063
GCD	54.0	84.282	0.009	0.009	0.018	0.045	0.072
GCD	55.0	86.051	0.009	0.018	0.027	0.054	0.072
GCD	56.0	88.410	0.009	0.009	0.018	0.045	0.072
GCD	57.0	90.527	0.009	0.009	0.018	0.045	0.063
GCD	58.0	92.478	0.009	0.009	0.018	0.036	0.063
GCD	59.0	94.245	0.009	0.009	0.018	0.037	0.063
GCD	60.0	95.357	0.009	0.018	0.027	0.045	0.063
GCD	61.0	96.615	0.009	0.009	0.018	0.036	0.054
GCD	62.0	97.559	0.009	0.009	0.018	0.036	0.054
GCD	63.0	98.310	0.009	0.009	0.018	0.027	0.050
GCD	64.0	98.877	0.009	0.009	0.009	0.019	0.045
GCD	65.0	99.119	0.009	0.009	0.018	0.027	0.037
GCD	66.0	99.450	0.009	0.009	0.009	0.018	0.027
GCD	67.0	99.628	0.009	0.009	0.009	0.018	0.027
GCD	68.0	99.783	0.009	0.009	0.009	0.009	0.018
GCD	69.0	99.860	0.009	0.009	0.009	0.009	0.023
GCD	70.0	99.887	0.009	0.009	0.009	0.018	0.018
GCD	71.0	99.948	0.009	0.009	0.009	0.009	0.015
GCD	72.0	99.959	0.009	0.009	0.009	0.016	0.018
GCD	73.0	99.978	0.009	0.009	0.009	0.009	0.018
GCD	74.0	99.992	0.009	0.009	0.009	0.009	0.009
GCD	75.0	99.997	0.009	0.009	0.009	0.009	0.009
GCD	78.0	100.000	0.009	0.009	0.009	0.009	0.009
