chr1	248956422	18134443	756
chr10	133797422	8007693	644
chr11	135086622	8886899	592
chr11_KI270721v1_random	100316	2066	1
chr12	133275309	8757050	445
chr13	114364328	4276094	249
chr14	107043718	5522678	244
chr14_GL000009v2_random	201709	15360	0
chr14_GL000225v1_random	211173	105546	579
chr14_KI270722v1_random	194050	7267	0
chr14_GL000194v1_random	191469	13044	1
chr14_KI270723v1_random	38115	6640	41
chr14_KI270724v1_random	39555	5826	25
chr14_KI270725v1_random	172810	6741	1
chr14_KI270726v1_random	43739	371	0
chr15	101991189	5808164	276
chr15_KI270727v1_random	448248	22318	2
chr16	90338345	5962258	306
chr16_KI270728v1_random	1872759	38375	2
chr17	83257441	7463453	435
chr17_GL000205v2_random	185591	18836	6
chr17_KI270729v1_random	280839	46038	57
chr17_KI270730v1_random	112551	9550	29
chr18	80373285	3469579	192
chr19	58617616	6345717	1309
chr1_KI270706v1_random	175055	13143	1
chr1_KI270707v1_random	32032	910	0
chr1_KI270708v1_random	127682	3696	1
chr1_KI270709v1_random	66860	24437	4
chr1_KI270710v1_random	40176	1457	1
chr1_KI270711v1_random	42210	88818	1
chr1_KI270712v1_random	176043	8025	0
chr1_KI270713v1_random	40745	5989	0
chr1_KI270714v1_random	41717	3818	0
chr2	242193529	13895848	636
chr20	64444167	3935981	275
chr21	46709983	2150277	219
chr22	50818468	2800814	254
chr22_KI270731v1_random	150754	10020	6
chr22_KI270732v1_random	41543	3634	4
chr22_KI270733v1_random	179772	68797	6
chr22_KI270734v1_random	165050	12586	14
chr22_KI270735v1_random	42811	5222	6
chr22_KI270736v1_random	181920	21864	116
chr22_KI270737v1_random	103838	4830	8
chr22_KI270738v1_random	99375	2620	1
chr22_KI270739v1_random	73985	1082	0
chr2_KI270715v1_random	161471	2454	0
chr2_KI270716v1_random	153799	4313	0
chr3	198295559	10889980	759
chr3_GL000221v1_random	155397	14219	1
chr4	190214555	8910223	600
chr4_GL000008v2_random	209709	16687	11
chr5	181538259	9263748	495
chr5_GL000208v1_random	92689	2685	0
chr6	170805979	9006648	376
chr7	159345973	8847167	992
chr8	145138636	6772227	304
chr9	138394717	7363714	328
chr9_KI270717v1_random	40062	2403	0
chr9_KI270718v1_random	38054	2884	1
chr9_KI270719v1_random	176845	8902	1
chr9_KI270720v1_random	39050	3805	0
chr1_KI270762v1_alt	354444	14346	2
chr1_KI270766v1_alt	256271	74084	2
chr1_KI270760v1_alt	109528	1547	0
chr1_KI270765v1_alt	185285	6233	0
chr1_GL383518v1_alt	182439	18923	1
chr1_GL383519v1_alt	110268	15564	2
chr1_GL383520v2_alt	366580	9143	0
chr1_KI270764v1_alt	50258	806	0
chr1_KI270763v1_alt	911658	22777	0
chr1_KI270759v1_alt	425601	7605	0
chr1_KI270761v1_alt	165834	12045	1
chr2_KI270770v1_alt	136240	1741	0
chr2_KI270773v1_alt	70887	1722	0
chr2_KI270774v1_alt	223625	4699	0
chr2_KI270769v1_alt	120616	3991	1
chr2_GL383521v1_alt	143390	2079	0
chr2_KI270772v1_alt	133041	9115	0
chr2_KI270775v1_alt	138019	1442	0
chr2_KI270771v1_alt	110395	1350	0
chr2_KI270768v1_alt	110099	2929	0
chr2_GL582966v2_alt	96131	3172	0
chr2_GL383522v1_alt	123821	9459	0
chr2_KI270776v1_alt	174166	3136	1
chr2_KI270767v1_alt	161578	1917	0
chr3_JH636055v2_alt	173151	7775	0
chr3_KI270783v1_alt	109187	1334	0
chr3_KI270780v1_alt	224108	4595	0
chr3_GL383526v1_alt	180671	4331	0
chr3_KI270777v1_alt	173649	4288	0
chr3_KI270778v1_alt	248252	2536	0
chr3_KI270781v1_alt	113034	1472	0
chr3_KI270779v1_alt	205312	5955	0
chr3_KI270782v1_alt	162429	3777	0
chr3_KI270784v1_alt	184404	6088	0
chr4_KI270790v1_alt	220246	2513	0
chr4_GL383528v1_alt	376187	3684	0
chr4_KI270787v1_alt	111943	1382	0
chr4_GL000257v2_alt	586476	34595	0
chr4_KI270788v1_alt	158965	2076	1
chr4_GL383527v1_alt	164536	7270	0
chr4_KI270785v1_alt	119912	1625	0
chr4_KI270789v1_alt	205944	2965	0
chr4_KI270786v1_alt	244096	1576	0
chr5_KI270793v1_alt	126136	2211	0
chr5_KI270792v1_alt	179043	5386	1
chr5_KI270791v1_alt	195710	8376	0
chr5_GL383532v1_alt	82728	849	0
chr5_GL949742v1_alt	226852	2735	0
chr5_KI270794v1_alt	164558	5290	0
chr5_GL339449v2_alt	1612928	76575	0
chr5_GL383530v1_alt	101241	1398	0
chr5_KI270796v1_alt	172708	1820	0
chr5_GL383531v1_alt	173459	2160	0
chr5_KI270795v1_alt	131892	4735	0
chr6_GL000250v2_alt	4672374	55206	0
chr6_KI270800v1_alt	175808	2707	0
chr6_KI270799v1_alt	152148	1718	0
chr6_GL383533v1_alt	124736	2514	0
chr6_KI270801v1_alt	870480	20533	1
chr6_KI270802v1_alt	75005	897	0
chr6_KB021644v2_alt	185823	2555	0
chr6_KI270797v1_alt	197536	6775	0
chr6_KI270798v1_alt	271782	9548	0
chr7_KI270804v1_alt	157952	1632	0
chr7_KI270809v1_alt	209586	10992	0
chr7_KI270806v1_alt	158166	7029	0
chr7_GL383534v2_alt	119183	9610	1
chr7_KI270803v1_alt	1111570	81252	4
chr7_KI270808v1_alt	271455	5116	0
chr7_KI270807v1_alt	126434	1667	0
chr7_KI270805v1_alt	209988	3173	1
chr8_KI270818v1_alt	145606	1872	0
chr8_KI270812v1_alt	282736	3663	0
chr8_KI270811v1_alt	292436	3205	1
chr8_KI270821v1_alt	985506	25778	0
chr8_KI270813v1_alt	300230	32888	4
chr8_KI270822v1_alt	624492	16643	1
chr8_KI270814v1_alt	141812	2424	0
chr8_KI270810v1_alt	374415	4925	0
chr8_KI270819v1_alt	133535	3628	0
chr8_KI270820v1_alt	36640	736	1
chr8_KI270817v1_alt	158983	3314	1
chr8_KI270816v1_alt	305841	15675	1
chr8_KI270815v1_alt	132244	3304	0
chr9_GL383539v1_alt	162988	2768	0
chr9_GL383540v1_alt	71551	4654	0
chr9_GL383541v1_alt	171286	5559	0
chr9_GL383542v1_alt	60032	2050	0
chr9_KI270823v1_alt	439082	9259	1
chr10_GL383545v1_alt	179254	6156	0
chr10_KI270824v1_alt	181496	5830	0
chr10_GL383546v1_alt	309802	9158	0
chr10_KI270825v1_alt	188315	9010	0
chr11_KI270832v1_alt	210133	11975	0
chr11_KI270830v1_alt	177092	4420	0
chr11_KI270831v1_alt	296895	12782	1
chr11_KI270829v1_alt	204059	9477	0
chr11_GL383547v1_alt	154407	1782	0
chr11_JH159136v1_alt	200998	19498	0
chr11_JH159137v1_alt	191409	7036	1
chr11_KI270827v1_alt	67707	1043	0
chr11_KI270826v1_alt	186169	2395	0
chr12_GL877875v1_alt	167313	6163	0
chr12_GL877876v1_alt	408271	18466	0
chr12_KI270837v1_alt	40090	8307	0
chr12_GL383549v1_alt	120804	1500	0
chr12_KI270835v1_alt	238139	9244	0
chr12_GL383550v2_alt	169178	4979	0
chr12_GL383552v1_alt	138655	2297	0
chr12_GL383553v2_alt	152874	6560	0
chr12_KI270834v1_alt	119498	10877	2
chr12_GL383551v1_alt	184319	2446	0
chr12_KI270833v1_alt	76061	6268	0
chr12_KI270836v1_alt	56134	615	0
chr13_KI270840v1_alt	191684	6362	0
chr13_KI270839v1_alt	180306	3557	0
chr13_KI270843v1_alt	103832	1113	0
chr13_KI270841v1_alt	169134	1911	0
chr13_KI270838v1_alt	306913	5988	0
chr13_KI270842v1_alt	37287	429	0
chr14_KI270844v1_alt	322166	13927	0
chr14_KI270847v1_alt	1511111	68116	2
chr14_KI270845v1_alt	180703	3229	0
chr14_KI270846v1_alt	1351393	65118	5
chr15_KI270852v1_alt	478999	23424	2
chr15_KI270851v1_alt	263054	24362	0
chr15_KI270848v1_alt	327382	18131	2
chr15_GL383554v1_alt	296527	13055	2
chr15_KI270849v1_alt	244917	8227	0
chr15_GL383555v2_alt	388773	7474	3
chr15_KI270850v1_alt	430880	17298	1
chr16_KI270854v1_alt	134193	3760	0
chr16_KI270856v1_alt	63982	881	0
chr16_KI270855v1_alt	232857	11030	0
chr16_KI270853v1_alt	2659700	173091	11
chr16_GL383556v1_alt	192462	11849	1
chr16_GL383557v1_alt	89672	4597	0
chr17_GL383563v3_alt	375691	5708	0
chr17_KI270862v1_alt	391357	10475	0
chr17_KI270861v1_alt	196688	24410	2
chr17_KI270857v1_alt	2877074	210034	10
chr17_JH159146v1_alt	278131	21012	0
chr17_JH159147v1_alt	70345	5688	0
chr17_GL383564v2_alt	133151	11293	0
chr17_GL000258v2_alt	1821992	79907	2
chr17_GL383565v1_alt	223995	2829	0
chr17_KI270858v1_alt	235827	2908	0
chr17_KI270859v1_alt	108763	1676	0
chr17_GL383566v1_alt	90219	1088	0
chr17_KI270860v1_alt	178921	4424	1
chr18_KI270864v1_alt	111737	1031	0
chr18_GL383567v1_alt	289831	4885	0
chr18_GL383570v1_alt	164789	1977	0
chr18_GL383571v1_alt	198278	5459	0
chr18_GL383568v1_alt	104552	1258	0
chr18_GL383569v1_alt	167950	1454	0
chr18_GL383572v1_alt	159547	1815	0
chr18_KI270863v1_alt	167999	4027	0
chr19_KI270868v1_alt	61734	2554	1
chr19_KI270865v1_alt	52969	1316	0
chr19_GL383573v1_alt	385657	10601	0
chr19_GL383575v2_alt	170222	7995	0
chr19_GL383576v1_alt	188024	6419	1
chr19_GL383574v1_alt	155864	4530	1
chr19_KI270866v1_alt	43156	2689	1
chr19_KI270867v1_alt	233762	7865	0
chr19_GL949746v1_alt	987716	25336	2
chr20_GL383577v2_alt	128386	1751	0
chr20_KI270869v1_alt	118774	6635	0
chr20_KI270871v1_alt	58661	2366	1
chr20_KI270870v1_alt	183433	9729	0
chr21_GL383578v2_alt	63917	947	0
chr21_KI270874v1_alt	166743	1917	1
chr21_KI270873v1_alt	143900	2242	0
chr21_GL383579v2_alt	201197	2189	1
chr21_GL383580v2_alt	74653	1849	0
chr21_GL383581v2_alt	116689	9159	1
chr21_KI270872v1_alt	82692	2645	0
chr22_KI270875v1_alt	259914	15520	0
chr22_KI270878v1_alt	186262	4745	1
chr22_KI270879v1_alt	304135	15314	1
chr22_KI270876v1_alt	263666	11193	0
chr22_KI270877v1_alt	101331	2918	0
chr22_GL383583v2_alt	96924	3196	0
chr22_GL383582v2_alt	162811	8457	0
chrX_KI270880v1_alt	284869	3796	4
chrX_KI270881v1_alt	144206	1880	0
chr19_KI270882v1_alt	248807	2851	0
chr19_KI270883v1_alt	170399	2423	0
chr19_KI270884v1_alt	157053	2829	0
chr19_KI270885v1_alt	171027	3081	0
chr19_KI270886v1_alt	204239	2771	0
chr19_KI270887v1_alt	209512	2060	0
chr19_KI270888v1_alt	155532	3279	0
chr19_KI270889v1_alt	170698	3235	0
chr19_KI270890v1_alt	184499	2359	0
chr19_KI270891v1_alt	170680	2794	0
chr1_KI270892v1_alt	162212	11776	0
chr2_KI270894v1_alt	214158	10850	0
chr2_KI270893v1_alt	161218	1829	0
chr3_KI270895v1_alt	162896	4549	2
chr4_KI270896v1_alt	378547	11427	12
chr5_KI270897v1_alt	1144418	55051	1
chr5_KI270898v1_alt	130957	5419	1
chr6_GL000251v2_alt	4795265	149914	9
chr7_KI270899v1_alt	190869	2447	0
chr8_KI270901v1_alt	136959	1831	0
chr8_KI270900v1_alt	318687	3325	0
chr11_KI270902v1_alt	106711	34636	3
chr11_KI270903v1_alt	214625	6435	0
chr12_KI270904v1_alt	572349	39676	1
chr15_KI270906v1_alt	196384	9122	2
chr15_KI270905v1_alt	5161414	187308	10
chr17_KI270907v1_alt	137721	1672	0
chr17_KI270910v1_alt	157099	4361	0
chr17_KI270909v1_alt	325800	30458	1
chr17_JH159148v1_alt	88070	2001	0
chr17_KI270908v1_alt	1423190	73923	3
chr18_KI270912v1_alt	174061	1558	0
chr18_KI270911v1_alt	157710	1811	0
chr19_GL949747v2_alt	729520	12243	0
chr22_KB663609v1_alt	74013	2218	0
chrX_KI270913v1_alt	274009	5081	1
chr19_KI270914v1_alt	205194	3246	0
chr19_KI270915v1_alt	170665	2948	0
chr19_KI270916v1_alt	184516	2219	1
chr19_KI270917v1_alt	190932	3513	0
chr19_KI270918v1_alt	123111	1618	0
chr19_KI270919v1_alt	170701	3285	1
chr19_KI270920v1_alt	198005	4472	0
chr19_KI270921v1_alt	282224	3357	0
chr19_KI270922v1_alt	187935	3410	1
chr19_KI270923v1_alt	189352	4051	1
chr3_KI270924v1_alt	166540	4948	0
chr4_KI270925v1_alt	555799	6486	0
chr6_GL000252v2_alt	4604811	125908	2
chr8_KI270926v1_alt	229282	3998	0
chr11_KI270927v1_alt	218612	20764	2
chr19_GL949748v2_alt	1064304	8054	1
chr22_KI270928v1_alt	176103	8032	1
chr19_KI270929v1_alt	186203	4030	0
chr19_KI270930v1_alt	200773	2231	1
chr19_KI270931v1_alt	170148	2725	0
chr19_KI270932v1_alt	215732	3346	0
chr19_KI270933v1_alt	170537	3942	0
chr19_GL000209v2_alt	177381	2099	0
chr3_KI270934v1_alt	163458	4532	0
chr6_GL000253v2_alt	4677643	94032	4
chr19_GL949749v2_alt	1091841	6953	0
chr3_KI270935v1_alt	197351	5997	0
chr6_GL000254v2_alt	4827813	118819	4
chr19_GL949750v2_alt	1066390	6918	0
chr3_KI270936v1_alt	164170	4693	1
chr6_GL000255v2_alt	4606388	122507	4
chr19_GL949751v2_alt	1002683	7289	1
chr3_KI270937v1_alt	165607	5265	0
chr6_GL000256v2_alt	4929269	121204	3
chr19_GL949752v1_alt	987100	28951	1
chr6_KI270758v1_alt	76752	1126	0
chr19_GL949753v2_alt	796479	16943	1
chr19_KI270938v1_alt	1066800	33630	1
chrM	16569	140906	3
chrUn_KI270302v1	2274	54	0
chrUn_KI270304v1	2165	64	0
chrUn_KI270303v1	1942	150	0
chrUn_KI270305v1	1472	38	0
chrUn_KI270322v1	21476	232	0
chrUn_KI270320v1	4416	264	0
chrUn_KI270310v1	1201	279	0
chrUn_KI270316v1	1444	20	0
chrUn_KI270315v1	2276	69	0
chrUn_KI270312v1	998	9	0
chrUn_KI270311v1	12399	282	0
chrUn_KI270317v1	37690	46	0
chrUn_KI270412v1	1179	75	0
chrUn_KI270411v1	2646	135	0
chrUn_KI270414v1	2489	94	0
chrUn_KI270419v1	1029	37	0
chrUn_KI270418v1	2145	88	0
chrUn_KI270420v1	2321	119	0
chrUn_KI270424v1	2140	30	0
chrUn_KI270417v1	2043	45	0
chrUn_KI270422v1	1445	53	0
chrUn_KI270423v1	981	28	0
chrUn_KI270425v1	1884	22	0
chrUn_KI270429v1	1361	30	0
chrUn_KI270442v1	392061	39542	49
chrUn_KI270466v1	1233	5147	6
chrUn_KI270465v1	1774	121	0
chrUn_KI270467v1	3920	18785	9
chrUn_KI270435v1	92983	4460	4
chrUn_KI270438v1	112505	98755	23
chrUn_KI270468v1	4055	138	0
chrUn_KI270510v1	2415	176	0
chrUn_KI270509v1	2318	154	0
chrUn_KI270518v1	2186	209	0
chrUn_KI270508v1	1951	142	0
chrUn_KI270516v1	1300	114	0
chrUn_KI270512v1	22689	962	1
chrUn_KI270519v1	138126	5999	3
chrUn_KI270522v1	5674	123	0
chrUn_KI270511v1	8127	272	0
chrUn_KI270515v1	6361	570	0
chrUn_KI270507v1	5353	426	0
chrUn_KI270517v1	3253	245	0
chrUn_KI270529v1	1899	36	0
chrUn_KI270528v1	2983	51	0
chrUn_KI270530v1	2168	50	0
chrUn_KI270539v1	993	2	0
chrUn_KI270538v1	91309	4334	0
chrUn_KI270544v1	1202	70	0
chrUn_KI270548v1	1599	18	0
chrUn_KI270583v1	1400	58	0
chrUn_KI270587v1	2969	68	0
chrUn_KI270580v1	1553	88	0
chrUn_KI270581v1	7046	162	0
chrUn_KI270579v1	31033	696	0
chrUn_KI270589v1	44474	2463	4
chrUn_KI270590v1	4685	633	0
chrUn_KI270584v1	4513	273	0
chrUn_KI270582v1	6504	172	0
chrUn_KI270588v1	6158	409	0
chrUn_KI270593v1	3041	152	0
chrUn_KI270591v1	5796	734	0
chrUn_KI270330v1	1652	1776	1
chrUn_KI270329v1	1040	22	0
chrUn_KI270334v1	1368	54	0
chrUn_KI270333v1	2699	5781	4
chrUn_KI270335v1	1048	42	0
chrUn_KI270338v1	1428	47	0
chrUn_KI270340v1	1428	85	0
chrUn_KI270336v1	1026	1884	3
chrUn_KI270337v1	1121	5546	4
chrUn_KI270363v1	1803	36	0
chrUn_KI270364v1	2855	45	0
chrUn_KI270362v1	3530	58	0
chrUn_KI270366v1	8320	197	0
chrUn_KI270378v1	1048	24	0
chrUn_KI270379v1	1045	14	0
chrUn_KI270389v1	1298	21	0
chrUn_KI270390v1	2387	38	0
chrUn_KI270387v1	1537	32	0
chrUn_KI270395v1	1143	74	0
chrUn_KI270396v1	1880	64	0
chrUn_KI270388v1	1216	14	0
chrUn_KI270394v1	970	12	0
chrUn_KI270386v1	1788	15	0
chrUn_KI270391v1	1484	14	0
chrUn_KI270383v1	1750	20	0
chrUn_KI270393v1	1308	17	0
chrUn_KI270384v1	1658	47	0
chrUn_KI270392v1	971	8	0
chrUn_KI270381v1	1930	20	0
chrUn_KI270385v1	990	18	0
chrUn_KI270382v1	4215	101	0
chrUn_KI270376v1	1136	12	0
chrUn_KI270374v1	2656	23	0
chrUn_KI270372v1	1650	21	0
chrUn_KI270373v1	1451	10	0
chrUn_KI270375v1	2378	26	0
chrUn_KI270371v1	2805	14	0
chrUn_KI270448v1	7992	350	0
chrUn_KI270521v1	7642	197	0
chrUn_GL000195v1	182896	7168	0
chrUn_GL000219v1	179198	9642	4
chrUn_GL000220v1	161802	52348	5
chrUn_GL000224v1	179693	25061	0
chrUn_KI270741v1	157432	2637	0
chrUn_GL000226v1	15008	1791	0
chrUn_GL000213v1	164239	6006	0
chrUn_KI270743v1	210658	8687	0
chrUn_KI270744v1	168472	49141	1
chrUn_KI270745v1	41891	2658	0
chrUn_KI270746v1	66486	12541	3
chrUn_KI270747v1	198735	4694	1
chrUn_KI270748v1	93321	1577	0
chrUn_KI270749v1	158759	5253	2
chrUn_KI270750v1	148850	4865	0
chrUn_KI270751v1	150742	15720	1
chrUn_KI270752v1	27745	1	0
chrUn_KI270753v1	62944	2109	0
chrUn_KI270754v1	40191	4282	2
chrUn_KI270755v1	36723	285	0
chrUn_KI270756v1	79590	3913	8
chrUn_KI270757v1	71251	4733	4
chrUn_GL000214v1	137718	22754	0
chrUn_KI270742v1	186739	19012	1
chrUn_GL000216v2	176608	54399	103
chrUn_GL000218v1	161147	8881	0
chrX	156040895	4709173	256
chrY	57227415	968453	577
chrY_KI270740v1_random	37240	412	0
*	0	0	622128
