chr1	248956422	378522	3
chr10	133797422	145078	5
chr11	135086622	188069	6
chr11_KI270721v1_random	100316	30	0
chr12	133275309	177627	4
chr13	114364328	60059	5
chr14	107043718	108028	4
chr14_GL000009v2_random	201709	218	0
chr14_GL000225v1_random	211173	818	7
chr14_KI270722v1_random	194050	6	0
chr14_GL000194v1_random	191469	72	0
chr14_KI270723v1_random	38115	181	0
chr14_KI270724v1_random	39555	81	0
chr14_KI270725v1_random	172810	114	0
chr14_KI270726v1_random	43739	128	0
chr15	101991189	122784	1
chr15_KI270727v1_random	448248	396	0
chr16	90338345	140976	4
chr16_KI270728v1_random	1872759	1849	0
chr17	83257441	196753	8
chr17_GL000205v2_random	185591	225	0
chr17_KI270729v1_random	280839	15	0
chr17_KI270730v1_random	112551	2	0
chr18	80373285	50143	2
chr19	58617616	184346	34
chr1_KI270706v1_random	175055	253	0
chr1_KI270707v1_random	32032	0	0
chr1_KI270708v1_random	127682	7	0
chr1_KI270709v1_random	66860	8	0
chr1_KI270710v1_random	40176	2	0
chr1_KI270711v1_random	42210	2276	0
chr1_KI270712v1_random	176043	102	0
chr1_KI270713v1_random	40745	161	0
chr1_KI270714v1_random	41717	83	0
chr2	242193529	248965	9
chr20	64444167	77459	0
chr21	46709983	36010	2
chr22	50818468	67987	1
chr22_KI270731v1_random	150754	124	0
chr22_KI270732v1_random	41543	77	0
chr22_KI270733v1_random	179772	686	0
chr22_KI270734v1_random	165050	164	0
chr22_KI270735v1_random	42811	2	0
chr22_KI270736v1_random	181920	4	0
chr22_KI270737v1_random	103838	1	0
chr22_KI270738v1_random	99375	2	0
chr22_KI270739v1_random	73985	2	0
chr2_KI270715v1_random	161471	1	0
chr2_KI270716v1_random	153799	1	0
chr3	198295559	191885	12
chr3_GL000221v1_random	155397	307	0
chr4	190214555	131746	4
chr4_GL000008v2_random	209709	209	0
chr5	181538259	151827	3
chr5_GL000208v1_random	92689	1	0
chr6	170805979	153889	8
chr7	159345973	164203	26
chr8	145138636	107835	5
chr9	138394717	146332	2
chr9_KI270717v1_random	40062	42	0
chr9_KI270718v1_random	38054	52	0
chr9_KI270719v1_random	176845	122	0
chr9_KI270720v1_random	39050	57	0
chr1_KI270762v1_alt	354444	467	0
chr1_KI270766v1_alt	256271	2160	0
chr1_KI270760v1_alt	109528	2	0
chr1_KI270765v1_alt	185285	77	0
chr1_GL383518v1_alt	182439	541	0
chr1_GL383519v1_alt	110268	493	0
chr1_GL383520v2_alt	366580	151	0
chr1_KI270764v1_alt	50258	0	0
chr1_KI270763v1_alt	911658	320	0
chr1_KI270759v1_alt	425601	122	0
chr1_KI270761v1_alt	165834	314	0
chr2_KI270770v1_alt	136240	1	0
chr2_KI270773v1_alt	70887	30	0
chr2_KI270774v1_alt	223625	67	0
chr2_KI270769v1_alt	120616	90	0
chr2_GL383521v1_alt	143390	4	0
chr2_KI270772v1_alt	133041	60	0
chr2_KI270775v1_alt	138019	0	0
chr2_KI270771v1_alt	110395	0	0
chr2_KI270768v1_alt	110099	72	0
chr2_GL582966v2_alt	96131	58	0
chr2_GL383522v1_alt	123821	195	0
chr2_KI270776v1_alt	174166	102	0
chr2_KI270767v1_alt	161578	19	0
chr3_JH636055v2_alt	173151	164	0
chr3_KI270783v1_alt	109187	2	0
chr3_KI270780v1_alt	224108	50	0
chr3_GL383526v1_alt	180671	52	0
chr3_KI270777v1_alt	173649	90	0
chr3_KI270778v1_alt	248252	2	0
chr3_KI270781v1_alt	113034	8	0
chr3_KI270779v1_alt	205312	217	0
chr3_KI270782v1_alt	162429	48	0
chr3_KI270784v1_alt	184404	54	0
chr4_KI270790v1_alt	220246	2	0
chr4_GL383528v1_alt	376187	4	0
chr4_KI270787v1_alt	111943	0	0
chr4_GL000257v2_alt	586476	899	0
chr4_KI270788v1_alt	158965	2	0
chr4_GL383527v1_alt	164536	152	0
chr4_KI270785v1_alt	119912	2	0
chr4_KI270789v1_alt	205944	18	0
chr4_KI270786v1_alt	244096	0	0
chr5_KI270793v1_alt	126136	36	0
chr5_KI270792v1_alt	179043	123	0
chr5_KI270791v1_alt	195710	269	0
chr5_GL383532v1_alt	82728	0	0
chr5_GL949742v1_alt	226852	5	0
chr5_KI270794v1_alt	164558	130	0
chr5_GL339449v2_alt	1612928	1856	0
chr5_GL383530v1_alt	101241	0	0
chr5_KI270796v1_alt	172708	0	0
chr5_GL383531v1_alt	173459	2	0
chr5_KI270795v1_alt	131892	118	0
chr6_GL000250v2_alt	4672374	1484	0
chr6_KI270800v1_alt	175808	32	0
chr6_KI270799v1_alt	152148	0	0
chr6_GL383533v1_alt	124736	54	0
chr6_KI270801v1_alt	870480	310	0
chr6_KI270802v1_alt	75005	5	0
chr6_KB021644v2_alt	185823	0	0
chr6_KI270797v1_alt	197536	168	0
chr6_KI270798v1_alt	271782	196	0
chr7_KI270804v1_alt	157952	6	0
chr7_KI270809v1_alt	209586	396	0
chr7_KI270806v1_alt	158166	153	0
chr7_GL383534v2_alt	119183	197	0
chr7_KI270803v1_alt	1111570	2584	0
chr7_KI270808v1_alt	271455	53	0
chr7_KI270807v1_alt	126434	4	0
chr7_KI270805v1_alt	209988	2	0
chr8_KI270818v1_alt	145606	4	0
chr8_KI270812v1_alt	282736	5	0
chr8_KI270811v1_alt	292436	10	0
chr8_KI270821v1_alt	985506	464	0
chr8_KI270813v1_alt	300230	691	0
chr8_KI270822v1_alt	624492	284	0
chr8_KI270814v1_alt	141812	8	0
chr8_KI270810v1_alt	374415	3	0
chr8_KI270819v1_alt	133535	101	0
chr8_KI270820v1_alt	36640	0	0
chr8_KI270817v1_alt	158983	84	0
chr8_KI270816v1_alt	305841	637	0
chr8_KI270815v1_alt	132244	66	0
chr9_GL383539v1_alt	162988	42	0
chr9_GL383540v1_alt	71551	130	0
chr9_GL383541v1_alt	171286	78	0
chr9_GL383542v1_alt	60032	44	0
chr9_KI270823v1_alt	439082	118	0
chr10_GL383545v1_alt	179254	153	0
chr10_KI270824v1_alt	181496	87	0
chr10_GL383546v1_alt	309802	196	0
chr10_KI270825v1_alt	188315	306	0
chr11_KI270832v1_alt	210133	563	0
chr11_KI270830v1_alt	177092	217	0
chr11_KI270831v1_alt	296895	383	0
chr11_KI270829v1_alt	204059	134	0
chr11_GL383547v1_alt	154407	0	0
chr11_JH159136v1_alt	200998	465	0
chr11_JH159137v1_alt	191409	62	0
chr11_KI270827v1_alt	67707	4	0
chr11_KI270826v1_alt	186169	2	0
chr12_GL877875v1_alt	167313	141	0
chr12_GL877876v1_alt	408271	524	0
chr12_KI270837v1_alt	40090	278	0
chr12_GL383549v1_alt	120804	0	0
chr12_KI270835v1_alt	238139	187	0
chr12_GL383550v2_alt	169178	64	0
chr12_GL383552v1_alt	138655	8	0
chr12_GL383553v2_alt	152874	109	0
chr12_KI270834v1_alt	119498	345	0
chr12_GL383551v1_alt	184319	6	0
chr12_KI270833v1_alt	76061	163	0
chr12_KI270836v1_alt	56134	3	0
chr13_KI270840v1_alt	191684	148	0
chr13_KI270839v1_alt	180306	31	0
chr13_KI270843v1_alt	103832	3	0
chr13_KI270841v1_alt	169134	0	0
chr13_KI270838v1_alt	306913	54	0
chr13_KI270842v1_alt	37287	0	0
chr14_KI270844v1_alt	322166	258	0
chr14_KI270847v1_alt	1511111	1523	0
chr14_KI270845v1_alt	180703	35	0
chr14_KI270846v1_alt	1351393	2205	1
chr15_KI270852v1_alt	478999	412	0
chr15_KI270851v1_alt	263054	893	0
chr15_KI270848v1_alt	327382	540	0
chr15_GL383554v1_alt	296527	417	0
chr15_KI270849v1_alt	244917	206	0
chr15_GL383555v2_alt	388773	55	0
chr15_KI270850v1_alt	430880	510	0
chr16_KI270854v1_alt	134193	92	0
chr16_KI270856v1_alt	63982	8	0
chr16_KI270855v1_alt	232857	332	0
chr16_KI270853v1_alt	2659700	5275	0
chr16_GL383556v1_alt	192462	319	0
chr16_GL383557v1_alt	89672	86	0
chr17_GL383563v3_alt	375691	46	0
chr17_KI270862v1_alt	391357	229	0
chr17_KI270861v1_alt	196688	866	0
chr17_KI270857v1_alt	2877074	7428	0
chr17_JH159146v1_alt	278131	601	0
chr17_JH159147v1_alt	70345	127	0
chr17_GL383564v2_alt	133151	316	0
chr17_GL000258v2_alt	1821992	1648	0
chr17_GL383565v1_alt	223995	0	0
chr17_KI270858v1_alt	235827	10	0
chr17_KI270859v1_alt	108763	20	0
chr17_GL383566v1_alt	90219	4	0
chr17_KI270860v1_alt	178921	136	0
chr18_KI270864v1_alt	111737	0	0
chr18_GL383567v1_alt	289831	56	0
chr18_GL383570v1_alt	164789	4	0
chr18_GL383571v1_alt	198278	84	0
chr18_GL383568v1_alt	104552	0	0
chr18_GL383569v1_alt	167950	2	0
chr18_GL383572v1_alt	159547	50	0
chr18_KI270863v1_alt	167999	66	0
chr19_KI270868v1_alt	61734	84	0
chr19_KI270865v1_alt	52969	79	0
chr19_GL383573v1_alt	385657	135	0
chr19_GL383575v2_alt	170222	103	0
chr19_GL383576v1_alt	188024	114	0
chr19_GL383574v1_alt	155864	107	0
chr19_KI270866v1_alt	43156	82	0
chr19_KI270867v1_alt	233762	160	0
chr19_GL949746v1_alt	987716	886	0
chr20_GL383577v2_alt	128386	3	0
chr20_KI270869v1_alt	118774	200	0
chr20_KI270871v1_alt	58661	117	0
chr20_KI270870v1_alt	183433	317	0
chr21_GL383578v2_alt	63917	0	0
chr21_KI270874v1_alt	166743	0	0
chr21_KI270873v1_alt	143900	22	0
chr21_GL383579v2_alt	201197	2	0
chr21_GL383580v2_alt	74653	23	0
chr21_GL383581v2_alt	116689	196	0
chr21_KI270872v1_alt	82692	93	0
chr22_KI270875v1_alt	259914	445	0
chr22_KI270878v1_alt	186262	73	0
chr22_KI270879v1_alt	304135	515	0
chr22_KI270876v1_alt	263666	230	0
chr22_KI270877v1_alt	101331	98	0
chr22_GL383583v2_alt	96924	82	0
chr22_GL383582v2_alt	162811	241	0
chrX_KI270880v1_alt	284869	76	0
chrX_KI270881v1_alt	144206	71	0
chr19_KI270882v1_alt	248807	128	0
chr19_KI270883v1_alt	170399	96	0
chr19_KI270884v1_alt	157053	96	0
chr19_KI270885v1_alt	171027	106	0
chr19_KI270886v1_alt	204239	107	0
chr19_KI270887v1_alt	209512	69	0
chr19_KI270888v1_alt	155532	117	0
chr19_KI270889v1_alt	170698	113	0
chr19_KI270890v1_alt	184499	101	0
chr19_KI270891v1_alt	170680	107	0
chr1_KI270892v1_alt	162212	337	0
chr2_KI270894v1_alt	214158	128	0
chr2_KI270893v1_alt	161218	14	0
chr3_KI270895v1_alt	162896	178	0
chr4_KI270896v1_alt	378547	440	0
chr5_KI270897v1_alt	1144418	1338	0
chr5_KI270898v1_alt	130957	97	0
chr6_GL000251v2_alt	4795265	4480	0
chr7_KI270899v1_alt	190869	13	0
chr8_KI270901v1_alt	136959	0	0
chr8_KI270900v1_alt	318687	42	0
chr11_KI270902v1_alt	106711	1174	0
chr11_KI270903v1_alt	214625	322	0
chr12_KI270904v1_alt	572349	816	0
chr15_KI270906v1_alt	196384	248	0
chr15_KI270905v1_alt	5161414	3817	0
chr17_KI270907v1_alt	137721	16	0
chr17_KI270910v1_alt	157099	110	0
chr17_KI270909v1_alt	325800	1835	0
chr17_JH159148v1_alt	88070	91	0
chr17_KI270908v1_alt	1423190	2384	0
chr18_KI270912v1_alt	174061	7	0
chr18_KI270911v1_alt	157710	26	0
chr19_GL949747v2_alt	729520	453	0
chr22_KB663609v1_alt	74013	64	0
chrX_KI270913v1_alt	274009	54	0
chr19_KI270914v1_alt	205194	108	0
chr19_KI270915v1_alt	170665	114	0
chr19_KI270916v1_alt	184516	68	0
chr19_KI270917v1_alt	190932	96	0
chr19_KI270918v1_alt	123111	48	0
chr19_KI270919v1_alt	170701	80	0
chr19_KI270920v1_alt	198005	85	0
chr19_KI270921v1_alt	282224	132	0
chr19_KI270922v1_alt	187935	124	0
chr19_KI270923v1_alt	189352	98	0
chr3_KI270924v1_alt	166540	199	0
chr4_KI270925v1_alt	555799	34	0
chr6_GL000252v2_alt	4604811	4141	0
chr8_KI270926v1_alt	229282	61	0
chr11_KI270927v1_alt	218612	768	0
chr19_GL949748v2_alt	1064304	256	0
chr22_KI270928v1_alt	176103	295	0
chr19_KI270929v1_alt	186203	200	0
chr19_KI270930v1_alt	200773	209	0
chr19_KI270931v1_alt	170148	105	0
chr19_KI270932v1_alt	215732	238	0
chr19_KI270933v1_alt	170537	78	0
chr19_GL000209v2_alt	177381	95	0
chr3_KI270934v1_alt	163458	188	0
chr6_GL000253v2_alt	4677643	2863	0
chr19_GL949749v2_alt	1091841	274	0
chr3_KI270935v1_alt	197351	219	0
chr6_GL000254v2_alt	4827813	3807	0
chr19_GL949750v2_alt	1066390	237	0
chr3_KI270936v1_alt	164170	181	0
chr6_GL000255v2_alt	4606388	4273	0
chr19_GL949751v2_alt	1002683	270	0
chr3_KI270937v1_alt	165607	170	0
chr6_GL000256v2_alt	4929269	3679	0
chr19_GL949752v1_alt	987100	958	0
chr6_KI270758v1_alt	76752	24	0
chr19_GL949753v2_alt	796479	565	0
chr19_KI270938v1_alt	1066800	1008	0
chrM	16569	57	0
chrUn_KI270302v1	2274	0	0
chrUn_KI270304v1	2165	0	0
chrUn_KI270303v1	1942	0	0
chrUn_KI270305v1	1472	0	0
chrUn_KI270322v1	21476	0	0
chrUn_KI270320v1	4416	0	0
chrUn_KI270310v1	1201	0	0
chrUn_KI270316v1	1444	0	0
chrUn_KI270315v1	2276	0	0
chrUn_KI270312v1	998	0	0
chrUn_KI270311v1	12399	0	0
chrUn_KI270317v1	37690	0	0
chrUn_KI270412v1	1179	0	0
chrUn_KI270411v1	2646	0	0
chrUn_KI270414v1	2489	0	0
chrUn_KI270419v1	1029	0	0
chrUn_KI270418v1	2145	0	0
chrUn_KI270420v1	2321	0	0
chrUn_KI270424v1	2140	0	0
chrUn_KI270417v1	2043	0	0
chrUn_KI270422v1	1445	0	0
chrUn_KI270423v1	981	0	0
chrUn_KI270425v1	1884	0	0
chrUn_KI270429v1	1361	0	0
chrUn_KI270442v1	392061	184	0
chrUn_KI270466v1	1233	3	0
chrUn_KI270465v1	1774	0	0
chrUn_KI270467v1	3920	12	0
chrUn_KI270435v1	92983	4	0
chrUn_KI270438v1	112505	26	0
chrUn_KI270468v1	4055	0	0
chrUn_KI270510v1	2415	0	0
chrUn_KI270509v1	2318	0	0
chrUn_KI270518v1	2186	0	0
chrUn_KI270508v1	1951	0	0
chrUn_KI270516v1	1300	0	0
chrUn_KI270512v1	22689	0	0
chrUn_KI270519v1	138126	4	0
chrUn_KI270522v1	5674	0	0
chrUn_KI270511v1	8127	0	0
chrUn_KI270515v1	6361	1	0
chrUn_KI270507v1	5353	0	0
chrUn_KI270517v1	3253	0	0
chrUn_KI270529v1	1899	0	0
chrUn_KI270528v1	2983	0	0
chrUn_KI270530v1	2168	0	0
chrUn_KI270539v1	993	0	0
chrUn_KI270538v1	91309	1	0
chrUn_KI270544v1	1202	0	0
chrUn_KI270548v1	1599	0	0
chrUn_KI270583v1	1400	0	0
chrUn_KI270587v1	2969	0	0
chrUn_KI270580v1	1553	0	0
chrUn_KI270581v1	7046	0	0
chrUn_KI270579v1	31033	0	0
chrUn_KI270589v1	44474	3	0
chrUn_KI270590v1	4685	0	0
chrUn_KI270584v1	4513	0	0
chrUn_KI270582v1	6504	0	0
chrUn_KI270588v1	6158	0	0
chrUn_KI270593v1	3041	0	0
chrUn_KI270591v1	5796	2	0
chrUn_KI270330v1	1652	0	0
chrUn_KI270329v1	1040	0	0
chrUn_KI270334v1	1368	0	0
chrUn_KI270333v1	2699	0	0
chrUn_KI270335v1	1048	0	0
chrUn_KI270338v1	1428	0	0
chrUn_KI270340v1	1428	0	0
chrUn_KI270336v1	1026	2	0
chrUn_KI270337v1	1121	0	0
chrUn_KI270363v1	1803	0	0
chrUn_KI270364v1	2855	0	0
chrUn_KI270362v1	3530	0	0
chrUn_KI270366v1	8320	0	0
chrUn_KI270378v1	1048	0	0
chrUn_KI270379v1	1045	0	0
chrUn_KI270389v1	1298	0	0
chrUn_KI270390v1	2387	0	0
chrUn_KI270387v1	1537	0	0
chrUn_KI270395v1	1143	0	0
chrUn_KI270396v1	1880	0	0
chrUn_KI270388v1	1216	0	0
chrUn_KI270394v1	970	0	0
chrUn_KI270386v1	1788	0	0
chrUn_KI270391v1	1484	0	0
chrUn_KI270383v1	1750	0	0
chrUn_KI270393v1	1308	0	0
chrUn_KI270384v1	1658	0	0
chrUn_KI270392v1	971	0	0
chrUn_KI270381v1	1930	0	0
chrUn_KI270385v1	990	0	0
chrUn_KI270382v1	4215	0	0
chrUn_KI270376v1	1136	0	0
chrUn_KI270374v1	2656	0	0
chrUn_KI270372v1	1650	0	0
chrUn_KI270373v1	1451	0	0
chrUn_KI270375v1	2378	0	0
chrUn_KI270371v1	2805	0	0
chrUn_KI270448v1	7992	0	0
chrUn_KI270521v1	7642	0	0
chrUn_GL000195v1	182896	30	0
chrUn_GL000219v1	179198	112	0
chrUn_GL000220v1	161802	431	0
chrUn_GL000224v1	179693	15	0
chrUn_KI270741v1	157432	2	0
chrUn_GL000226v1	15008	0	0
chrUn_GL000213v1	164239	178	0
chrUn_KI270743v1	210658	24	0
chrUn_KI270744v1	168472	368	0
chrUn_KI270745v1	41891	38	0
chrUn_KI270746v1	66486	357	0
chrUn_KI270747v1	198735	29	0
chrUn_KI270748v1	93321	0	0
chrUn_KI270749v1	158759	24	0
chrUn_KI270750v1	148850	12	0
chrUn_KI270751v1	150742	179	0
chrUn_KI270752v1	27745	0	0
chrUn_KI270753v1	62944	1	0
chrUn_KI270754v1	40191	6	0
chrUn_KI270755v1	36723	2	0
chrUn_KI270756v1	79590	0	0
chrUn_KI270757v1	71251	0	0
chrUn_GL000214v1	137718	162	0
chrUn_KI270742v1	186739	352	0
chrUn_GL000216v2	176608	186	0
chrUn_GL000218v1	161147	75	0
chrX	156040895	164939	2
chrY	57227415	2252	1
chrY_KI270740v1_random	37240	0	0
*	0	0	998
