# This file was produced by samtools stats (1.23+htslib-1.23) and can be plotted using plot-bamstats
# This file contains statistics for all reads.
# The command line was:  stats data/AFR/MSL/HG03437/aligned/HG03437.bam
# CHK, Checksum	[2]Read Names	[3]Sequences	[4]Qualities
# CHK, CRC32 of reads which passed filtering followed by addition (32bit overflow)
CHK	ed5b6fe0	aee5324b	59f28ef7
# Summary Numbers. Use `grep ^SN | cut -f 2-` to extract this part.
SN	raw total sequences:	3507154	# excluding supplementary and secondary reads
SN	filtered sequences:	0
SN	sequences:	3507154
SN	is sorted:	1	# sorted by coordinate
SN	1st fragments:	1753577
SN	last fragments:	1753577
SN	reads mapped:	3505997
SN	reads mapped and paired:	3505838	# paired-end technology bit set + both mates mapped
SN	reads unmapped:	1157
SN	reads properly paired:	3469262	# proper-pair bit set
SN	reads paired:	3507154	# paired-end technology bit set
SN	reads duplicated:	0	# PCR or optical duplicate bit set
SN	reads MQ0:	358613	# mapped and MQ=0
SN	reads QC failed:	0
SN	non-primary alignments:	0
SN	supplementary alignments:	1464
SN	total length:	266284312	# ignores clipping
SN	total first fragment length:	133142156	# ignores clipping
SN	total last fragment length:	133142156	# ignores clipping
SN	bases mapped:	266196566	# ignores clipping
SN	bases mapped (cigar):	266011079	# more accurate
SN	bases trimmed:	0
SN	bases duplicated:	0
SN	mismatches:	466707	# from NM fields
SN	error rate:	1.754465e-03	# mismatches / bases mapped (cigar)
SN	average length:	76
SN	average first fragment length:	76
SN	average last fragment length:	76
SN	maximum length:	76
SN	maximum first fragment length:	76
SN	maximum last fragment length:	76
SN	average quality:	37.4
SN	insert size average:	163.9
SN	insert size standard deviation:	56.1
SN	inward oriented pairs:	1743381
SN	outward oriented pairs:	483
SN	pairs with other orientation:	749
SN	pairs on different chromosomes:	8306
SN	percentage of properly paired reads (%):	98.9
# First Fragment Qualities. Use `grep ^FFQ | cut -f 2-` to extract this part.
# Columns correspond to qualities and rows to cycles. First column is the cycle number.
FFQ	1	0	0	72	0	0	0	0	87	0	0	1789	0	50	0	0	31	3858	0	59	63	110	0	1284	3475	170	5192	12749	17088	18653	1414	72088	427028	0	133445	1054872	0	0	0	0	0	0	0	0
FFQ	2	0	0	0	0	0	0	0	71	0	0	1569	0	35	0	0	28	3824	0	69	55	118	0	1758	3388	143	4829	12086	19524	16954	1441	62705	380187	0	73523	1171270	0	0	0	0	0	0	0	0
FFQ	3	0	0	0	0	0	0	0	85	0	0	1546	0	33	0	0	19	3697	0	57	13	123	0	2025	3158	133	4749	11583	21180	16868	1436	61400	364437	0	65553	1195482	0	0	0	0	0	0	0	0
FFQ	4	0	0	5617	0	0	0	0	85	0	0	1689	0	31	0	0	0	1654	483	65	1548	120	0	1775	102	133	3135	5598	2144	8214	290	14662	637	26886	34463	0	289306	0	1354940	0	0	0	0	0
FFQ	5	0	0	0	0	0	0	0	198	0	0	2724	0	75	0	0	0	2304	1212	73	7031	136	0	2167	111	136	4152	6749	2333	9349	304	16759	587	27470	37120	0	295310	0	1337277	0	0	0	0	0
FFQ	6	0	0	2	0	0	0	3	88	441	0	2025	541	19	60	2	410	473	3666	1076	976	26	227	841	1875	83	4819	5858	2230	8442	3947	16423	3890	32465	34323	6	272767	26996	1328577	0	0	0	0	0
FFQ	7	0	0	49	0	0	1	6	72	528	0	2145	623	27	65	3	414	516	3221	1066	978	26	239	911	1872	83	4976	6075	2386	6867	3988	16813	3859	31335	36589	6	274037	27255	1326546	0	0	0	0	0
FFQ	8	0	0	4	0	0	3	4	90	536	0	2376	629	22	68	4	447	530	3416	1085	960	38	293	934	1873	98	5273	6300	2905	6553	3941	17577	3950	31165	36745	10	278736	27466	1319546	0	0	0	0	0
FFQ	9	0	0	14	0	0	4	4	73	542	0	2476	663	26	86	10	509	544	3606	1143	1001	43	283	947	1832	105	5491	2481	7844	5948	3983	17885	3391	26375	24927	19860	87658	43	164317	86834	1282629	0	0	0
FFQ	10	0	0	39	0	0	5	3	84	550	0	2417	648	20	89	6	446	569	3577	1152	990	47	294	925	2014	102	5452	2493	9072	4393	3865	17819	3260	25890	24770	19052	87486	58	163109	90826	1282055	0	0	0
FFQ	11	0	0	130	0	0	3	4	75	635	1	2517	742	24	74	6	490	576	3456	1257	1028	51	302	918	1986	121	5439	2445	10455	2760	4158	18073	3160	25677	25264	18268	86889	52	161065	95988	1279488	0	0	0
FFQ	12	0	0	13	0	0	10	3	85	644	3	2462	674	16	56	6	483	587	3664	1257	1071	50	317	957	2014	145	5532	2584	12042	1768	4234	18334	3090	26358	25651	18520	88236	76	163453	99579	1269603	0	0	0
FFQ	13	0	0	20	0	0	5	5	61	662	5	2501	658	27	75	15	498	559	3477	1240	1080	64	353	914	2048	160	5607	2574	11859	1552	4236	18612	3146	26203	25704	18707	89337	73	164182	101764	1265594	0	0	0
FFQ	14	0	0	6	0	0	5	7	94	670	9	2713	693	28	97	10	127	876	3608	1301	1087	51	346	1001	845	1486	5669	2638	12132	1643	4270	9450	12275	20258	26264	20629	16577	57174	46319	136732	102104	304222	960161	0
FFQ	15	0	0	1	0	0	12	12	100	794	31	2815	795	47	91	13	120	959	3745	1443	1198	63	381	957	927	1570	6008	2749	12383	1628	4442	9937	12560	20465	27299	20741	17590	57606	47406	139147	102353	307988	947201	0
FFQ	16	0	0	0	0	0	10	14	100	696	36	2832	743	40	88	13	156	1000	3776	1330	1196	83	405	1015	955	1718	5879	2946	12532	1650	4626	10162	12756	21163	27087	21635	18114	58353	48130	142503	104130	312393	933312	0
FFQ	17	0	0	3	0	0	9	12	82	742	53	2913	770	50	79	16	167	985	3796	1404	1186	79	445	1049	1044	1837	6110	2930	12546	1637	4528	10510	12824	20815	27835	21230	18630	59050	48373	143945	104992	317773	923128	0
FFQ	18	0	0	20	0	0	16	24	105	795	60	2986	797	39	87	33	185	1070	3785	1504	1258	69	479	1058	1163	1971	6059	2883	12748	1689	4790	10893	13077	21327	28211	21778	19384	59659	49641	146934	106031	322301	908668	0
FFQ	19	0	0	0	0	0	14	16	107	886	102	3028	750	41	97	36	273	1029	415	5167	1251	90	508	1101	1251	2109	6059	3112	12949	1781	4954	11242	13192	21213	18499	32771	20064	50406	52468	124125	124296	336719	901456	0
FFQ	20	0	0	0	0	0	18	40	113	990	155	3018	829	46	113	43	305	1021	488	4845	1303	103	521	1048	1441	2424	6111	3194	12871	1822	4996	11811	13552	21330	18853	33072	21251	51673	53481	127324	126885	341841	884646	0
FFQ	21	0	0	4	0	0	22	30	108	1029	200	3077	826	39	87	51	354	1196	676	4817	1317	150	637	1150	1565	2764	6230	3284	13085	1902	5213	12382	13988	21245	19516	33515	22231	52298	54177	130410	130400	345767	867835	0
FFQ	22	0	0	36	0	0	25	49	140	1240	262	3415	807	58	117	39	418	1366	862	4671	1477	134	689	1069	1753	3052	6459	3463	13114	1892	5460	13159	14454	21212	20054	34238	23505	53312	55123	134968	133656	348962	848867	0
FFQ	23	0	0	1	0	0	32	57	164	1299	354	3093	736	75	125	49	504	1477	1079	4428	1480	160	790	1139	1924	3493	6102	3604	13083	2028	5587	14032	14406	21432	20445	34891	24953	54286	56527	138696	137384	354888	828774	0
FFQ	24	0	0	45	0	0	24	57	176	1380	476	3190	733	71	121	79	570	1684	1327	4121	1589	201	834	1147	2087	4101	6181	3687	12860	2156	5660	14990	14775	21465	21380	35778	26739	55866	57778	144987	134647	345590	825025	0
FFQ	25	0	0	1	0	0	23	59	163	1144	518	2460	466	77	147	42	574	1529	1417	3242	1263	175	749	1104	1976	3794	5194	3186	11277	2047	4911	14568	13358	19232	19526	32636	26115	49080	56985	130617	148130	315587	880205	0
FFQ	26	0	0	4	0	0	24	71	138	1339	736	2501	465	73	151	79	609	1727	1492	2942	1333	226	836	1117	2081	4357	5226	3363	10753	2129	5006	15373	13394	18669	20173	31518	27923	49551	55193	129868	139169	314072	889896	0
FFQ	27	0	0	1	0	0	35	89	173	1588	907	2414	345	85	129	83	727	1986	1739	2557	1340	249	926	1187	2143	4688	5237	3403	10602	2318	5133	16662	13788	18446	21238	31863	29812	49646	55251	130959	133494	316079	886255	0
FFQ	28	0	0	63	0	0	43	121	189	1714	1169	2242	296	108	154	104	942	2202	1774	2366	1443	314	1018	1147	2331	5333	5435	3806	10285	2388	5160	17334	14062	17379	21766	31617	31539	49892	55546	133742	130761	321434	876358	0
FFQ	29	0	0	3	0	0	38	127	251	1776	1423	2072	190	123	156	118	1038	2462	1710	2108	1381	309	1073	1165	2310	5553	5556	3750	9644	2524	5477	18524	14158	16755	22737	31318	33791	49626	54746	135312	128240	327390	868643	0
FFQ	30	0	0	4	0	0	39	137	257	1948	1739	1769	112	136	178	131	1199	2656	1651	2004	1443	351	1102	1210	2479	6090	5757	3960	9314	2725	5606	19606	14529	16353	23531	31251	36070	49567	55091	138547	125584	331601	857850	0
FFQ	31	0	0	4	0	0	37	156	300	2157	2054	1545	78	172	207	165	1416	2763	1473	1863	1468	446	1298	1337	2650	6367	6311	4048	8707	2916	5559	21210	14678	15780	24477	31590	39006	49353	56515	141271	123652	332903	847645	0
FFQ	32	0	0	9	0	0	51	197	377	2312	2363	1219	62	171	220	196	1529	3088	1242	1870	1503	472	1390	1380	2789	6606	6724	4356	8453	3081	5639	22534	15438	15149	25717	31502	41485	48802	57361	145302	122836	336171	833917	0
FFQ	33	0	0	104	0	0	56	228	475	2394	2728	862	50	186	256	241	1734	3181	922	2005	1524	571	1483	1455	2815	6983	7176	4444	8042	3307	5842	24138	15460	14463	26977	31666	44958	48274	58349	149661	121389	337154	821905	0
FFQ	34	0	0	6	0	0	51	230	487	2479	2942	540	68	236	294	261	1932	3428	720	1980	1529	597	1541	1519	2864	6859	7346	4758	7880	3550	6026	24539	15835	14015	28059	30968	48631	47880	58925	152236	120108	339034	813058	0
FFQ	35	0	0	6	0	0	72	312	629	2499	3189	336	56	261	345	348	2036	3306	537	2100	1685	645	1710	1643	3095	6987	7426	4823	7527	3888	6033	25469	16315	13906	29310	30834	51439	46556	60459	154332	118246	342129	802872	0
FFQ	36	0	0	150	0	0	74	307	668	2535	3252	191	81	288	400	385	2325	3173	446	2137	1635	714	1794	1820	3220	7280	7500	5189	7304	4216	6194	25929	16439	13705	30858	31009	54769	45812	61942	156196	118206	341278	793911	0
FFQ	37	0	0	49	0	0	81	392	770	2433	3377	106	116	307	464	414	2538	2995	407	2108	1690	778	1891	1896	3285	7365	7192	5476	7278	4427	6416	25668	16675	13709	31999	30587	58060	44437	62865	157315	119384	343940	784402	0
FFQ	38	0	0	6	0	0	103	381	827	2505	3487	78	106	344	523	479	2760	2704	399	2219	1782	865	1983	1963	3436	7394	6845	5698	7408	4925	6763	25979	17139	14399	33572	30669	61408	44190	63828	159216	118669	345558	772635	0
FFQ	39	0	0	9	0	0	104	425	952	2564	3521	65	131	378	535	518	2917	2584	458	2241	1720	932	1942	2054	4022	7727	6659	6008	7468	5451	7000	25909	17773	14838	35284	30602	64866	43505	65446	154155	125518	344149	762755	0
FFQ	40	0	0	9	0	0	68	348	764	2069	2884	66	107	369	574	517	2696	2004	383	1891	1459	933	1757	2005	3784	6885	5885	5545	6603	5297	6404	24098	16072	14048	34302	27956	67295	39377	66183	143475	138446	339167	781400	0
FFQ	41	0	0	35	0	0	79	387	857	2068	2858	53	111	364	657	562	2740	1810	426	1914	1545	938	1822	2088	3787	6927	5260	5735	6818	5669	6547	22951	16450	14334	34645	27507	69733	39617	65025	140149	130675	333903	796033	0
FFQ	42	0	0	50	0	0	88	421	936	2016	2826	66	132	388	692	646	2940	1514	461	2009	1502	1011	1879	2308	4009	7240	5017	6015	6787	6014	6810	22593	16476	14574	35754	27843	73150	39810	66325	137339	127004	325224	803156	0
FFQ	43	0	0	13	0	0	70	476	1013	1953	2806	71	143	458	701	670	2937	1298	475	2017	1578	1069	1995	2329	4260	7144	4567	6275	6938	6807	7089	22127	17108	14914	36833	27709	76024	41250	68197	136408	126943	322529	797782	0
FFQ	44	0	0	14	0	0	88	481	1105	2055	2661	57	149	428	790	776	3014	1098	540	2106	1612	1178	1898	2513	4599	7439	4250	6500	6994	7248	7307	21642	17249	15569	37876	28458	79110	42602	70030	136074	127635	319674	790122	0
FFQ	45	0	0	20	0	0	121	567	1230	2164	2855	75	170	510	877	845	3048	836	614	2057	1733	1734	1678	2619	5101	7667	4075	7219	7083	7776	7667	21543	18112	16199	39063	29889	82837	44378	71594	135988	126106	319795	777061	0
FFQ	46	0	0	22	0	0	106	552	1402	1992	2661	93	186	486	1016	911	3012	725	639	2047	1628	1933	1729	2787	5333	7647	3775	7427	7074	8486	7921	21468	18533	16634	40381	30729	87009	45803	75197	134562	129063	316352	765555	0
FFQ	47	0	0	135	0	0	105	622	1469	2156	2640	117	209	569	1167	964	3004	672	701	2107	1671	2038	1789	2882	5779	7782	3463	7764	7047	9213	8012	20956	19087	17443	40945	32349	91200	47783	77749	133581	131635	313427	752604	0
FFQ	48	0	0	363	0	0	119	615	1532	2111	2534	131	254	661	1294	1014	2868	546	742	2158	1709	2216	1742	3261	6184	7727	3160	8428	7240	9892	8747	20827	19915	17919	42165	34370	95681	49894	80128	133328	134750	310018	736552	0
FFQ	49	0	0	735	0	0	135	628	1604	2198	2282	100	278	657	1382	1118	2614	486	786	2098	1711	2373	1803	3410	5869	8152	2673	8781	7632	10912	9064	20531	20700	18695	42372	36125	99512	53159	83831	120390	149827	308519	719611	0
FFQ	50	0	0	1175	0	0	145	658	1682	2237	2255	130	252	661	1561	1202	2343	474	768	2245	1698	2571	1787	3448	6092	7909	2317	9249	7802	11499	9325	19759	21485	19733	43138	38505	105523	55962	86610	119632	152320	305799	702766	0
FFQ	51	0	0	1731	0	0	119	620	1717	2218	1940	236	470	1121	2726	1737	3650	406	820	2282	1452	4447	2545	5895	9676	12662	4124	13940	9052	24213	11765	41278	37148	30312	86590	70071	104830	73760	179876	214051	373613	280729	138865	0
FFQ	52	0	0	2085	0	0	142	764	1836	2326	1870	210	411	925	2283	1551	2465	401	836	2285	1581	3536	2220	4841	8080	9218	2542	11977	8130	17897	10676	26838	29503	26042	61905	59759	108993	67777	120327	170571	348348	434826	196679	0
FFQ	53	0	0	2594	0	0	129	673	1824	2298	1648	187	361	751	1950	1353	1924	380	878	2306	1566	3410	1996	4533	7507	7806	2050	11309	7617	15669	10640	21202	26145	24144	50390	52564	121578	66757	103452	139368	231289	393077	429298	0
FFQ	54	0	0	3216	0	0	168	698	1834	2233	1422	183	382	752	1962	1289	1580	392	875	2240	1582	3419	1989	4438	7211	7254	1837	11149	7512	15025	10881	18944	25391	23431	46499	50647	132587	68351	101744	122123	190071	312041	569222	0
FFQ	55	0	0	3983	0	0	181	693	1835	2224	1161	173	386	731	1966	1383	1329	407	882	2427	1519	3149	2112	4350	7059	5071	3384	11134	7256	14923	11159	18068	25337	23568	44514	51682	142275	69908	101412	113897	179230	280696	611074	0
FFQ	56	0	0	4915	0	0	175	667	1931	2435	1065	183	447	688	2073	1239	1148	375	912	2547	1539	3299	2178	4432	7156	4720	3502	11483	7076	15371	11443	17329	25826	24362	44217	53871	152370	73186	104588	107911	176824	263798	615213	0
FFQ	57	0	0	5824	0	0	195	605	1902	2353	860	191	430	698	2125	1158	1025	371	939	2486	1444	3491	2028	4603	7069	4313	3487	11739	7045	15735	11756	17100	26120	24720	44225	56500	163503	76489	108438	104587	177579	254649	604651	0
FFQ	58	0	0	6906	0	0	201	704	2028	2536	805	194	476	655	2201	1161	959	415	954	2631	1481	3732	2105	4881	7353	4190	3733	12186	7130	16201	12499	17187	27037	25666	44963	59838	175086	81094	112397	103110	178573	245747	583350	0
FFQ	59	0	0	8122	0	0	230	743	2110	2824	656	191	496	662	2317	1070	883	381	1072	2846	1489	3581	2008	5741	6688	3677	3519	14509	7303	16786	12970	17098	28362	26592	45685	63159	186719	84644	117053	99858	181277	237600	561356	0
FFQ	60	0	0	9361	0	0	234	647	1970	2626	445	263	508	682	2298	949	816	362	1017	3103	1385	3582	2075	6088	6536	3489	3666	14834	7132	17208	13557	17644	28970	27592	46641	66526	199920	89141	121914	97473	185561	229274	536682	0
FFQ	61	0	0	10705	0	0	230	619	1970	2588	373	272	533	662	2280	942	786	388	1042	2986	1287	3777	2070	6236	6354	3284	3642	15280	7045	17282	13959	17637	30047	28508	47407	70579	213955	93652	126923	95074	189275	221597	510769	0
FFQ	62	0	0	12137	0	0	231	626	2089	2661	271	242	524	631	2239	866	742	351	1124	3163	1287	3968	2087	6479	6097	3237	3942	15888	7099	17205	14618	18040	31173	29704	48533	74387	228880	98370	131400	93747	192889	211861	483042	0
FFQ	63	0	0	13813	0	0	268	616	2172	2694	220	272	566	597	2286	803	760	427	1119	3341	1304	4082	2143	6746	6006	3012	4221	16380	7317	17386	15349	18843	31806	30501	49309	78266	244601	103985	135764	90911	196212	203318	454154	0
FFQ	64	0	0	15619	0	0	276	591	2279	2810	150	312	556	619	2303	788	791	418	1157	3569	1210	4212	2233	7108	5864	3062	4406	17287	7495	17538	16072	19773	33199	31841	50906	82728	259704	108995	141060	88095	199256	193053	423939	0
FFQ	65	0	0	17505	0	0	258	567	2166	2512	83	321	608	571	2152	710	700	476	1155	2942	1704	4381	2147	6396	6565	3180	4511	17409	5953	17394	18594	20688	34388	32801	52602	86292	277160	114200	145502	84639	202668	183244	395762	0
FFQ	66	0	0	19703	0	0	295	547	2151	2593	51	349	609	596	2080	617	676	484	1241	2989	1796	4402	2272	6551	6271	3172	4809	17734	5919	16858	19633	21643	35188	34008	53923	91626	294673	119215	150347	81418	204773	172701	366493	0
FFQ	67	0	0	22187	0	0	302	538	2256	2548	34	356	607	588	2032	557	714	487	1241	3221	1861	4646	2327	6539	5994	3158	5122	18169	6125	16477	20439	22494	36021	35656	55894	96236	312750	125189	154809	77909	206599	161844	335839	0
FFQ	68	0	0	24982	0	0	274	470	2131	2200	18	342	597	573	1949	524	791	423	1275	3167	1732	4825	2255	6720	5962	3236	5356	18780	6153	16163	21274	23593	36861	36433	57531	100521	331568	131082	159861	74039	208222	149861	307232	0
FFQ	69	0	0	28250	0	0	295	453	2053	2114	9	365	584	560	1727	470	770	469	1212	3374	1676	4782	2249	6804	5857	3334	5596	19036	6252	15649	22244	24484	37628	37617	59796	105265	351029	136118	164617	70452	209203	138514	277181	0
FFQ	70	0	0	32123	0	0	289	399	2070	1962	7	378	493	507	1610	428	810	487	1287	3385	1657	4831	2162	5343	4527	5653	5647	19485	6454	15017	23009	25901	38807	38721	62369	110546	370320	141689	168647	65834	209774	126168	248194	0
FFQ	71	0	0	36808	0	0	247	341	1941	1610	2	313	475	462	1515	364	843	451	1251	3376	1576	4836	2128	5248	4327	5666	6054	19582	6624	14266	24134	26962	39663	40102	65365	117309	389797	146402	172779	62827	206715	114554	218788	0
FFQ	72	0	0	42640	0	0	221	246	1662	1508	1	275	405	331	1205	312	858	459	1288	3372	1593	4808	2088	4978	4349	5684	6273	19532	6839	13627	24949	28069	40576	41324	68202	123151	409482	150853	176967	58375	204308	102953	190351	0
FFQ	73	0	0	49824	0	0	137	157	1233	1106	0	244	318	295	927	221	761	443	1302	3475	1456	4787	1913	4529	4136	5915	6523	19395	7166	12773	25666	29654	41336	42918	71256	128750	428743	155698	180218	54636	199232	90577	164665	0
FFQ	74	0	0	59281	0	0	42	58	532	541	1	112	121	142	476	123	754	416	1156	3238	1342	4464	1845	4233	4105	6001	6512	19123	7299	11776	26333	30744	42657	44453	74491	136162	447525	159963	182274	49972	193293	79325	139412	0
FFQ	75	0	0	72176	0	0	1	4	31	111	0	1	7	24	110	25	723	432	1193	3209	1209	4287	1660	3555	3807	5815	6439	15630	10013	10394	25853	31641	43719	45027	76752	142498	467877	163694	184329	44815	186245	67619	117042	0
FFQ	76	0	0	101578	0	0	0	0	0	0	0	0	0	0	0	0	2888	2013	5121	16556	5607	17131	7370	14704	12421	17040	23319	56291	26073	31063	78885	70070	103615	100861	108563	232138	265186	143855	93948	50332	86545	28284	33882	0
# Last Fragment Qualities. Use `grep ^LFQ | cut -f 2-` to extract this part.
# Columns correspond to qualities and rows to cycles. First column is the cycle number.
LFQ	1	0	0	99	0	0	0	0	273	0	0	4439	0	115	0	0	67	8023	0	102	40	152	0	1839	6524	149	9457	17713	20045	24336	1006	86756	478527	0	132083	961832	0	0	0	0	0	0	0	0
LFQ	2	0	0	152	0	0	0	0	244	0	0	4274	0	112	0	0	76	8552	0	108	14	147	0	2404	6173	143	9020	17681	22914	22332	987	75516	431413	0	70581	1080734	0	0	0	0	0	0	0	0
LFQ	3	0	0	149	0	0	0	0	279	0	0	4605	0	97	0	0	106	8697	0	86	11	136	0	2775	6148	160	8933	17435	24841	22238	960	74485	415079	0	62424	1103933	0	0	0	0	0	0	0	0
LFQ	4	0	0	48	0	0	0	0	288	0	0	4340	0	120	0	0	0	3094	1615	94	3855	140	0	2438	156	143	5986	8069	3145	12655	249	20040	673	32715	44385	0	309974	0	1299355	0	0	0	0	0
LFQ	5	0	0	202	0	0	0	0	267	0	0	4569	0	108	0	0	0	3202	1554	91	3765	169	0	2647	142	148	5852	8193	3114	12692	272	20209	639	33298	44827	0	317696	0	1289921	0	0	0	0	0
LFQ	6	0	0	0	0	0	0	4	94	744	0	2959	754	27	85	13	623	693	4464	1377	1129	30	315	1119	2235	90	6307	7125	2721	8518	4352	19636	4640	35015	39545	1	289380	28428	1291154	0	0	0	0	0
LFQ	7	0	0	0	0	0	1	6	98	722	0	2854	743	16	84	8	565	677	4129	1376	1088	26	320	1169	2207	106	6080	7056	3107	7812	4499	19260	4555	34482	38573	6	286286	27755	1297911	0	0	0	0	0
LFQ	8	0	0	0	0	0	4	6	86	711	0	2884	821	25	95	3	550	701	4016	1513	1150	35	353	1223	2270	107	6124	7298	3561	7527	4579	19622	4699	34989	39026	7	287901	27938	1293753	0	0	0	0	0
LFQ	9	0	0	0	0	0	3	7	93	715	0	2851	786	21	84	7	543	651	3961	1429	1185	32	358	1185	2344	96	6164	2979	8892	6352	4581	19711	3587	28059	26696	19972	91922	60	166042	96557	1255652	0	0	0
LFQ	10	0	0	0	0	0	10	5	92	682	0	2966	783	17	100	11	557	719	3863	1566	1214	54	361	1222	2370	117	6312	3074	10370	4785	4695	20148	3564	28382	27357	19271	91907	60	165733	100270	1250940	0	0	0
LFQ	11	0	0	0	0	0	2	5	91	740	3	2926	768	29	100	8	520	658	4014	1520	1165	42	390	1214	2318	130	6108	2883	12000	3284	4644	20421	3722	28864	27438	19888	93029	60	167091	102152	1245350	0	0	0
LFQ	12	0	0	0	0	0	5	6	93	763	7	3123	804	26	95	6	566	707	3924	1547	1178	38	398	1230	2525	155	6349	2999	13322	2075	4827	20345	3439	28626	27922	19571	94794	63	167245	106867	1237937	0	0	0
LFQ	13	0	0	0	0	0	9	8	89	787	10	3103	863	36	86	11	579	728	4053	1594	1295	43	432	1240	2498	178	6278	3142	13827	1913	5021	20831	3427	29296	28310	19912	95417	85	170255	109818	1228403	0	0	0
LFQ	14	0	0	0	0	0	9	10	99	814	15	3106	824	26	102	13	141	1118	4186	1569	1302	64	451	1252	1046	1751	6551	3043	13717	1856	4861	10632	13566	22426	28635	21934	17871	61109	48614	141698	102012	310254	926900	0
LFQ	15	0	0	0	0	0	11	7	100	793	28	3235	927	41	78	6	150	1130	4142	1631	1313	72	456	1278	1112	1854	6658	3222	13829	1858	4887	10833	13262	22414	28853	22107	18402	61645	49171	144164	102500	314898	916510	0
LFQ	16	0	0	0	0	0	13	13	102	820	36	3301	850	45	91	11	168	1182	4122	1599	1382	76	462	1232	1204	1897	6517	3250	13898	1900	5056	10881	13687	22459	29537	22257	18840	62164	49820	145597	103240	319881	905987	0
LFQ	17	0	0	0	0	0	20	15	108	931	65	3429	899	35	109	22	224	1167	4297	1727	1419	86	477	1278	1277	2189	6864	3328	14206	1871	5223	11431	13991	22938	29964	22897	19517	62906	50786	148314	104511	325155	889901	0
LFQ	18	0	0	0	0	0	11	14	132	946	87	3514	883	44	102	25	226	1227	4106	1783	1444	94	526	1240	1353	2257	6725	3370	14084	2014	5300	11670	14128	22850	30616	22857	20143	62961	51372	151079	105406	330516	878472	0
LFQ	19	0	0	0	0	0	11	13	122	982	122	3561	826	53	93	24	254	1126	470	5827	1482	95	600	1251	1408	2527	6614	3363	14237	2114	5541	12226	14475	22712	20063	34503	21182	53440	54185	127385	124242	343605	872843	0
LFQ	20	0	0	0	0	0	15	28	126	1079	179	3470	876	46	101	27	300	1258	577	5449	1513	119	636	1351	1533	2797	6733	3536	13969	2101	5652	12835	14665	22531	20352	34668	21912	54061	54923	130231	126461	346903	860564	0
LFQ	21	0	0	0	0	0	16	34	129	1120	245	3519	858	46	109	33	338	1406	738	5311	1558	133	633	1349	1727	3054	6647	3618	14040	2169	5802	13310	14814	22842	20807	35196	23158	54466	55817	133919	129216	351253	844147	0
LFQ	22	0	0	0	0	0	11	40	160	1288	333	3763	874	52	108	44	456	1534	930	5188	1643	133	712	1361	1827	3497	6460	3801	14155	2247	5924	13832	14883	22636	21212	35517	24286	56139	56483	137029	133038	355208	826773	0
LFQ	23	0	0	0	0	0	14	29	150	1106	292	2839	672	59	136	39	474	1411	1122	4212	1335	149	665	1255	1755	3278	5809	3350	12604	2045	5150	13519	13416	20842	19579	32199	23761	49986	56242	122960	146422	325495	879206	0
LFQ	24	0	0	0	0	0	10	28	133	1159	406	2746	572	55	115	37	470	1499	1247	3821	1354	158	686	1215	1863	3592	5528	3426	11943	2142	5002	14082	13432	20385	19827	31908	25029	49160	54178	122955	134919	297787	920708	0
LFQ	25	0	0	0	0	0	14	42	147	1227	565	2794	498	62	132	59	559	1650	1455	3526	1463	173	759	1297	2049	4168	5447	3507	11819	2282	5119	14903	13761	19522	20286	31865	26464	49672	53622	123636	129446	300418	919169	0
LFQ	26	0	0	0	0	0	19	66	147	1512	828	2828	478	82	128	69	689	1863	1667	3174	1454	213	850	1336	2175	4663	5591	3727	11663	2330	5261	16073	13773	19517	21034	32103	28378	50207	53960	125665	127852	302721	909481	0
LFQ	27	0	0	1	0	0	25	75	157	1582	1041	2695	378	84	144	84	824	2117	1939	2813	1485	246	958	1284	2388	5164	5556	3590	11144	2490	5411	17095	14083	18986	21881	31681	30034	50190	54515	127246	126585	307004	900602	0
LFQ	28	0	0	2	0	0	21	93	173	1800	1233	2445	292	92	154	76	915	2311	1918	2467	1481	306	968	1294	2422	5616	5563	3759	10690	2539	5458	17950	13976	18156	22194	31699	31885	49887	54294	127844	125164	314213	892227	0
LFQ	29	0	0	5	0	0	25	96	204	1952	1602	2197	182	92	187	117	1030	2615	1867	2135	1505	325	1085	1370	2449	5970	5671	3807	10175	2729	5550	19044	14398	17443	23088	31285	34623	49756	54016	130851	122346	317075	884710	0
LFQ	30	0	0	5	0	0	29	103	247	2212	1931	2137	137	136	186	136	1216	2844	1731	2020	1659	317	1101	1411	2663	6506	6016	4062	9698	2854	5759	20272	14490	16679	23698	31378	36726	49791	54747	133302	120274	320890	874214	0
LFQ	31	0	0	5	0	0	28	145	287	2370	2207	1626	72	132	206	143	1375	3062	1540	2025	1592	411	1239	1362	2628	6754	6446	4068	9355	2925	5862	21738	14593	16217	24729	31564	39482	49493	55636	136381	118519	324622	862738	0
LFQ	32	0	0	6	0	0	31	140	346	2314	2462	1198	39	168	217	194	1615	3321	1177	2085	1593	444	1375	1480	2692	6771	6969	4192	8669	3176	5804	22631	15026	15233	25649	30771	42571	48267	55954	139197	117878	325965	855893	0
LFQ	33	0	0	7	0	0	33	157	364	2435	2813	866	42	150	244	254	1819	3429	943	1991	1597	475	1405	1520	2854	6707	7278	4445	8098	3416	5842	23878	14957	14708	26688	30685	45507	48102	56715	141585	116020	328004	847425	0
LFQ	34	0	0	6	0	0	45	194	387	2471	3083	576	48	162	282	233	1967	3424	741	2131	1569	529	1537	1566	2809	6929	7351	4533	7735	3721	5995	24577	15483	14243	27743	30155	48458	46789	57551	144384	114521	329735	839748	0
LFQ	35	0	0	7	0	0	45	212	471	2524	3359	360	45	226	313	312	2263	3376	542	2063	1766	604	1603	1749	2960	7196	7599	4872	7695	4041	6100	25150	16025	14025	28929	30062	51790	45988	59150	147744	112825	330464	828906	0
LFQ	36	0	0	25	0	0	43	274	584	2668	3608	195	62	257	347	310	2330	3491	426	2044	1665	674	1706	1837	3115	7565	7712	5075	7498	4225	6402	25739	16304	13957	30165	29937	55584	44842	60134	147902	113182	332298	819150	0
LFQ	37	0	0	8	0	0	52	283	653	2649	3678	117	79	301	392	411	2584	3123	408	2040	1689	717	1805	1895	3224	7588	7400	5263	7265	4603	6572	25890	16717	14139	31743	29314	59226	43621	61556	149469	113577	332581	810660	0
LFQ	38	0	0	8	0	0	53	345	730	2589	3704	62	83	323	493	411	2770	2908	377	2127	1741	780	1937	2013	3433	7803	7024	5533	7325	5008	6587	25857	16806	14512	33201	29302	62336	42724	63172	150618	114473	332658	801419	0
LFQ	39	0	0	10	0	0	68	328	845	2586	3621	49	98	310	572	545	3020	2616	476	2295	1794	846	1814	2156	3850	7912	6930	5926	7568	5482	6973	25763	17148	14822	34682	29600	65788	42930	64055	145900	120251	333949	789607	0
LFQ	40	0	0	9	0	0	63	430	946	2592	3733	47	130	341	607	595	3179	2418	485	2310	1850	946	1938	2386	4141	8171	6481	6379	7658	6043	7324	25847	17667	15133	36166	29777	68986	42829	65078	147664	121614	335064	776098	0
LFQ	41	0	0	8	0	0	77	449	1032	2562	3664	66	127	414	713	664	3429	2068	506	2341	1836	1097	2034	2471	4374	8281	6018	6695	7763	6521	7466	25442	17935	15850	37697	29712	72184	42757	67636	147847	123340	335087	764916	0
LFQ	42	0	0	10	0	0	72	527	1169	2618	3667	47	141	487	763	750	3451	1695	583	2330	1980	1131	2217	2609	4639	8500	5637	7014	7931	7108	7942	25130	18517	16379	39219	29992	74752	43650	69041	148321	124204	335793	753009	0
LFQ	43	0	0	10	0	0	74	582	1305	2726	3701	80	156	540	882	868	3519	1461	632	2383	2028	1286	2189	2929	5029	8559	5231	7497	7927	7868	8148	25292	19283	16932	41018	30913	77946	44681	71275	149202	125334	334538	738952	0
LFQ	44	0	0	15	0	0	86	663	1445	2599	3463	82	175	562	958	966	3579	1244	646	2400	2061	1433	2338	3032	5354	8619	4864	7740	7980	8377	8478	24271	19523	17734	42015	31899	81067	46026	73652	148741	127831	334454	726569	0
LFQ	45	0	0	12	0	0	106	630	1550	2610	3391	70	189	623	1100	1018	3598	1002	725	2329	2080	2062	2015	3168	5855	8893	4642	8346	8040	9250	8707	23904	20278	18395	43170	32623	83918	47712	75063	149036	127539	334456	714801	0
LFQ	46	0	0	276	0	0	113	723	1727	2692	3313	91	208	646	1234	1116	3414	861	755	2403	2112	2093	2080	3326	6179	9033	4150	8592	8147	9943	9183	23622	21103	19101	43954	34064	87122	49781	77626	148531	129629	332871	701062	0
LFQ	47	0	0	354	0	0	109	779	1916	2767	3324	83	218	751	1366	1252	3466	759	882	2494	2199	2397	2038	3507	6714	8760	3873	9058	8150	10795	9648	22975	21971	20038	45721	35952	90793	51511	80506	148156	132405	329370	685779	0
LFQ	48	0	0	429	0	0	138	834	2102	2766	3159	113	279	820	1562	1306	3385	696	930	2504	2223	2636	2114	3907	7117	9089	3414	9935	8474	11741	9792	23179	22766	20958	46298	38618	94978	53860	82896	148288	135422	326371	667696	0
LFQ	49	0	0	792	0	0	129	860	2101	2840	2923	121	299	818	1633	1371	2965	611	906	2644	2168	2850	2134	3979	6707	9379	3043	10331	8631	12590	10383	22445	23517	21772	47293	40362	97869	56926	85831	132127	152350	323030	656023	0
LFQ	50	0	0	1285	0	0	177	894	2277	2934	2784	120	336	910	1842	1506	2832	593	997	2731	2182	3076	2213	4278	7066	9420	2673	10882	8634	13692	10667	22440	24737	22746	47700	43281	103106	59393	89014	132872	152828	318483	639116	0
LFQ	51	0	0	1990	0	0	151	865	2200	2890	2402	239	534	1241	3151	1962	3763	512	977	2679	1682	4958	2818	6599	10198	13394	4161	15484	9979	25731	13315	41616	39658	32854	88468	73645	101967	75663	175067	220416	357653	281025	130780	0
LFQ	52	0	0	2375	0	0	184	913	2366	2993	2195	208	548	1149	2704	1846	3005	483	996	2776	1923	4208	2500	5802	9100	10410	2855	13934	8994	20663	12222	29380	33349	30166	68334	66712	103229	72255	126198	187438	359201	404277	154765	0
LFQ	53	0	0	3001	0	0	186	879	2272	2856	1822	187	458	1072	2483	1693	2261	489	1057	2795	1917	4019	2373	5250	8517	8756	2290	13063	8636	17988	12318	23589	29925	27841	55575	58713	114898	70479	104257	154092	240232	406632	357752	0
LFQ	54	0	0	3755	0	0	202	909	2363	2897	1682	180	484	989	2506	1538	1896	532	1013	2808	1954	4188	2279	5208	8332	8159	2040	13170	8404	17719	12632	21296	28498	27011	51663	57091	125362	71272	101714	135336	189992	326706	508794	0
LFQ	55	0	0	4677	0	0	207	941	2450	2911	1418	230	489	837	2441	1604	1591	500	1101	2973	1977	4026	2467	5231	8365	5933	3907	13526	8156	17991	12964	20426	28876	27145	50033	58723	134073	74012	101771	127643	176570	295017	549336	0
LFQ	56	0	0	5793	0	0	215	928	2445	3083	1253	212	494	848	2431	1480	1346	514	1106	3052	1856	4156	2575	5379	8189	5396	4146	13506	8158	18154	13411	19898	29488	27793	50230	61678	143432	76565	104465	122860	173297	281346	551316	0
LFQ	57	0	0	6958	0	0	269	909	2526	3229	1074	230	566	840	2580	1468	1173	474	1148	3189	1942	4312	2464	5615	8489	5146	4279	14292	8341	18625	14394	19541	30549	29064	50389	64782	152242	80318	107425	118674	174117	269913	540887	0
LFQ	58	0	0	8222	0	0	262	940	2513	3239	868	236	538	806	2574	1446	1147	542	1186	3473	1889	4643	2526	5948	8343	4930	4221	14754	8287	19032	15009	19732	31574	29963	50787	69142	161877	83791	111521	116809	176122	262422	521051	0
LFQ	59	0	0	9533	0	0	294	951	2705	3474	671	282	584	870	2587	1291	1023	477	1256	3637	1824	4233	2348	7002	7535	4344	4406	17335	8419	19877	15625	20126	32911	31297	52020	72750	172228	88340	114815	115305	177406	253171	499325	0
LFQ	60	0	0	10933	0	0	214	727	2194	2953	514	245	542	691	2480	1087	815	414	1064	3160	1503	3932	2300	6798	6669	3715	3923	16301	7697	18810	14604	18977	31737	30438	50663	72155	189988	91281	120676	100406	192467	235612	503486	0
LFQ	61	0	0	12458	0	0	199	717	2271	2808	398	246	589	691	2473	893	770	424	1197	3125	1458	3961	2253	6691	6441	3525	3994	16351	7447	18631	15004	18855	31858	30425	49787	73441	207718	94953	125386	97222	190786	220879	495690	0
LFQ	62	0	0	14118	0	0	218	650	2221	2826	289	267	540	635	2308	907	785	423	1136	3316	1420	4099	2244	6782	6298	3334	4206	16661	7443	18127	15495	19036	32066	31112	50331	76492	223647	99635	130800	92789	192553	207734	478887	0
LFQ	63	0	0	15953	0	0	208	676	2308	2924	206	265	563	612	2363	936	734	390	1118	3515	1391	4311	2293	7027	6102	3376	4423	17620	7442	18282	16072	19721	33282	32015	51129	79806	239610	103933	135597	90014	194818	197502	453033	0
LFQ	64	0	0	17961	0	0	239	672	2373	2891	147	288	623	637	2296	755	811	438	1169	3767	1372	4525	2334	7245	5845	3236	4530	18031	7703	18488	17202	20492	34481	33343	52570	83918	255512	108929	140430	86538	197428	187079	424976	0
LFQ	65	0	0	20272	0	0	261	600	2442	2752	105	285	616	648	2310	747	737	554	1257	3274	1847	4443	2324	6658	6563	3355	4843	18316	6207	17969	19726	21443	35487	34107	54421	88741	272269	113945	144826	83813	200403	177336	395004	0
LFQ	66	0	0	22768	0	0	278	580	2436	2694	69	343	658	639	2228	652	706	498	1314	3262	1789	4614	2420	6677	6292	3460	4984	18912	6257	17537	20852	22674	36391	35531	55874	92906	288853	119983	149194	79451	204759	166037	365834	0
LFQ	67	0	0	25383	0	0	275	559	2523	2615	47	344	634	658	2225	656	761	471	1231	3379	1792	4764	2404	7027	6330	3398	5321	19128	6309	17214	21497	23744	37254	36593	57765	98197	305934	125654	153932	75736	206939	154290	336782	0
LFQ	68	0	0	28512	0	0	299	507	2461	2526	23	382	653	609	2098	579	790	499	1383	3583	1799	5001	2432	6963	6141	3463	5484	19783	6216	17065	22382	24726	38011	37947	60058	102919	324133	130612	158032	72001	208662	142627	307615	0
LFQ	69	0	0	32154	0	0	260	455	2391	2311	9	358	655	563	1906	493	804	446	1398	3544	1728	5160	2400	6976	6060	3422	5667	20122	6576	16482	23304	26050	39609	39579	62387	107830	342710	135462	162549	67472	209849	131195	277752	0
LFQ	70	0	0	36250	0	0	261	431	2226	2045	7	344	572	500	1664	470	840	484	1313	3591	1640	5077	2283	5541	4715	5754	5955	20287	6636	15518	24138	27115	39752	40157	64656	113136	362510	140636	168293	63199	210401	118967	249626	0
LFQ	71	0	0	41248	0	0	267	366	2048	1800	0	348	541	490	1540	398	805	466	1395	3629	1560	5142	2164	5331	4449	5964	6080	20456	6785	14907	25012	28402	40429	41456	67366	118555	381589	146138	172420	58562	209154	106498	221943	0
LFQ	72	0	0	47535	0	0	208	274	1731	1489	0	289	394	428	1154	352	761	448	1323	3605	1485	5141	2136	5021	4435	5986	6475	20416	6814	13838	25727	29352	41397	42408	69790	124387	401869	150478	176710	54136	206592	94506	195024	0
LFQ	73	0	0	55308	0	0	134	180	1214	1123	0	214	281	282	911	221	782	447	1249	3587	1429	5034	1989	4630	4266	6127	6517	20111	7086	12994	26262	30511	42422	43514	72879	129880	421486	155037	180359	49571	202443	83312	168593	0
LFQ	74	0	0	65045	0	0	42	59	533	559	0	98	117	122	479	118	723	409	1175	3325	1285	4509	1848	4080	3958	6093	6560	19465	7186	11979	26432	31791	42951	44349	75836	135889	441694	159554	183748	45262	196924	72044	144056	0
LFQ	75	0	0	78194	0	0	0	0	18	106	0	0	4	19	102	30	737	400	1146	3256	1206	4421	1673	3487	3836	5788	6525	15559	9941	10466	26302	32202	43986	45864	78553	142408	461013	162999	185489	40504	189192	61404	121137	0
LFQ	76	0	0	110785	0	0	0	0	0	0	0	0	0	0	0	0	3194	2280	5802	18498	6334	18689	8138	16043	13469	18401	25893	61196	27583	32260	85098	74143	108941	106800	107116	228362	243452	140490	87312	46937	81337	23744	33042	0
# GC Content of first fragments. Use `grep ^GCF | cut -f 2-` to extract this part.
GCF	2.51	0
GCF	6.28	1
GCF	8.29	3
GCF	9.55	4
GCF	10.80	11
GCF	12.31	17
GCF	13.57	48
GCF	14.82	103
GCF	16.33	227
GCF	17.59	519
GCF	18.84	895
GCF	19.85	1565
GCF	20.35	1566
GCF	20.85	2549
GCF	21.61	2548
GCF	22.36	4042
GCF	22.86	4043
GCF	23.37	4044
GCF	23.87	5754
GCF	24.37	5757
GCF	24.87	8211
GCF	25.38	8210
GCF	25.88	8222
GCF	26.38	11052
GCF	26.88	11067
GCF	27.39	14154
GCF	27.89	14161
GCF	28.39	14165
GCF	28.89	18163
GCF	29.40	18190
GCF	29.90	18200
GCF	30.40	22719
GCF	30.90	22735
GCF	31.41	28187
GCF	31.91	28219
GCF	32.41	28260
GCF	32.91	33674
GCF	33.42	33696
GCF	33.92	33706
GCF	34.42	39907
GCF	34.92	39934
GCF	35.43	46403
GCF	35.93	46445
GCF	36.43	46521
GCF	36.93	52997
GCF	37.44	53042
GCF	37.94	58856
GCF	38.44	58878
GCF	38.94	58963
GCF	39.45	64194
GCF	39.95	64270
GCF	40.45	64293
GCF	41.21	67977
GCF	41.96	70548
GCF	42.46	70505
GCF	42.96	70516
GCF	43.47	71607
GCF	43.97	71621
GCF	44.47	71637
GCF	44.97	72203
GCF	45.48	72193
GCF	45.98	71239
GCF	46.48	71236
GCF	46.98	71251
GCF	47.49	70360
GCF	47.99	70387
GCF	48.49	69871
GCF	48.99	69874
GCF	49.50	69814
GCF	50.00	69100
GCF	50.50	69090
GCF	51.01	69077
GCF	51.51	67978
GCF	52.01	67964
GCF	52.51	67145
GCF	53.02	67061
GCF	53.52	67080
GCF	54.02	66250
GCF	54.52	66272
GCF	55.03	65444
GCF	55.53	65459
GCF	56.03	65464
GCF	56.53	64266
GCF	57.04	64249
GCF	57.54	64240
GCF	58.04	62660
GCF	58.54	62667
GCF	59.05	60210
GCF	59.55	60205
GCF	60.05	60169
GCF	60.55	57013
GCF	61.06	56995
GCF	61.56	56979
GCF	62.06	52452
GCF	62.56	52398
GCF	63.07	46790
GCF	63.57	46784
GCF	64.07	46735
GCF	64.57	40722
GCF	65.08	40709
GCF	65.58	34053
GCF	66.08	34029
GCF	66.58	33994
GCF	67.09	27418
GCF	67.59	27369
GCF	68.09	27338
GCF	68.59	21072
GCF	69.10	21028
GCF	69.60	15322
GCF	70.10	15298
GCF	70.60	15267
GCF	71.11	10634
GCF	71.61	10588
GCF	72.11	10570
GCF	72.61	7207
GCF	73.12	7217
GCF	73.62	4724
GCF	74.12	4710
GCF	74.62	4703
GCF	75.13	2867
GCF	75.63	2846
GCF	76.13	1835
GCF	76.63	1833
GCF	77.14	1827
GCF	77.64	1185
GCF	78.14	1182
GCF	78.64	1178
GCF	79.15	656
GCF	79.65	654
GCF	80.15	410
GCF	80.90	409
GCF	81.66	260
GCF	82.16	258
GCF	83.17	124
GCF	84.67	57
GCF	85.68	21
GCF	86.18	22
GCF	86.93	6
GCF	87.69	5
GCF	88.69	1
# GC Content of last fragments. Use `grep ^GCL | cut -f 2-` to extract this part.
GCL	0.50	1
GCL	4.27	0
GCL	8.29	1
GCL	9.55	2
GCL	10.80	9
GCL	12.31	19
GCL	13.57	35
GCL	14.82	92
GCL	16.33	201
GCL	17.59	425
GCL	18.84	766
GCL	19.85	1440
GCL	20.35	1441
GCL	20.85	2261
GCL	21.61	2260
GCL	22.36	3453
GCL	22.86	3456
GCL	23.37	3457
GCL	23.87	5205
GCL	24.37	5208
GCL	24.87	7362
GCL	25.38	7363
GCL	25.88	7374
GCL	26.38	9914
GCL	26.88	9927
GCL	27.39	13379
GCL	27.89	13388
GCL	28.39	13392
GCL	28.89	16659
GCL	29.40	16684
GCL	29.90	16693
GCL	30.40	21179
GCL	30.90	21196
GCL	31.41	26385
GCL	31.91	26414
GCL	32.41	26465
GCL	32.91	31848
GCL	33.42	31878
GCL	33.92	31885
GCL	34.42	38411
GCL	34.92	38437
GCL	35.43	45249
GCL	35.93	45285
GCL	36.43	45360
GCL	36.93	52205
GCL	37.44	52266
GCL	37.94	58536
GCL	38.44	58560
GCL	38.94	58633
GCL	39.45	63634
GCL	39.95	63712
GCL	40.45	63740
GCL	40.95	68454
GCL	41.46	68457
GCL	41.96	71123
GCL	42.46	71083
GCL	42.96	71085
GCL	43.47	73780
GCL	43.97	73811
GCL	44.47	73825
GCL	44.97	73634
GCL	45.48	73614
GCL	45.98	72545
GCL	46.48	72538
GCL	46.98	72555
GCL	47.49	72139
GCL	47.99	72176
GCL	48.49	70801
GCL	48.99	70806
GCL	49.50	70750
GCL	50.00	69821
GCL	50.50	69808
GCL	51.01	69801
GCL	51.51	68874
GCL	52.01	68855
GCL	52.51	67899
GCL	53.02	67826
GCL	53.52	67838
GCL	54.02	67180
GCL	54.52	67186
GCL	55.03	66051
GCL	55.53	66061
GCL	56.03	66073
GCL	56.53	64785
GCL	57.04	64780
GCL	57.54	64767
GCL	58.04	63592
GCL	58.54	63595
GCL	59.05	60425
GCL	59.55	60423
GCL	60.05	60392
GCL	60.55	57457
GCL	61.06	57423
GCL	61.56	57419
GCL	62.06	53013
GCL	62.56	52991
GCL	63.07	47173
GCL	63.57	47169
GCL	64.07	47118
GCL	64.57	40418
GCL	65.08	40408
GCL	65.58	34462
GCL	66.08	34435
GCL	66.58	34400
GCL	67.09	27922
GCL	67.59	27884
GCL	68.09	27827
GCL	68.59	21088
GCL	69.10	21051
GCL	69.60	15069
GCL	70.10	15043
GCL	70.60	15003
GCL	71.11	10648
GCL	71.61	10618
GCL	72.11	10602
GCL	72.61	7044
GCL	73.12	7039
GCL	73.62	4487
GCL	74.12	4480
GCL	74.62	4471
GCL	75.13	2918
GCL	75.63	2899
GCL	76.13	1825
GCL	76.63	1820
GCL	77.14	1816
GCL	77.64	1104
GCL	78.14	1100
GCL	78.64	1094
GCL	79.40	687
GCL	80.15	399
GCL	80.90	397
GCL	81.66	220
GCL	82.16	219
GCL	83.17	122
GCL	84.67	39
GCL	85.68	19
GCL	86.18	20
GCL	86.93	7
GCL	87.69	6
# ACGT content per cycle. Use `grep ^GCC | cut -f 2-` to extract this part. The columns are: cycle; A,C,G,T base counts as a percentage of all A/C/G/T bases [%]; and N and O counts as a percentage of all A/C/G/T bases [%]
GCC	1	25.75	24.02	23.51	26.73	0.00	0.00
GCC	2	25.64	24.15	23.63	26.58	0.00	0.00
GCC	3	25.21	24.62	24.07	26.11	0.00	0.00
GCC	4	25.17	24.60	24.13	26.10	0.16	0.00
GCC	5	25.51	24.28	23.78	26.43	0.01	0.00
GCC	6	25.09	24.74	24.22	25.96	0.00	0.00
GCC	7	25.35	24.46	23.93	26.27	0.00	0.00
GCC	8	25.51	24.27	23.82	26.41	0.00	0.00
GCC	9	25.41	24.30	23.90	26.38	0.00	0.00
GCC	10	25.40	24.41	23.87	26.32	0.00	0.00
GCC	11	25.46	24.35	23.80	26.39	0.00	0.00
GCC	12	25.40	24.42	23.88	26.30	0.00	0.00
GCC	13	25.44	24.34	23.77	26.45	0.00	0.00
GCC	14	25.46	24.39	23.80	26.35	0.00	0.00
GCC	15	25.34	24.43	23.92	26.30	0.00	0.00
GCC	16	25.31	24.52	23.92	26.25	0.00	0.00
GCC	17	25.33	24.47	23.93	26.28	0.00	0.00
GCC	18	25.20	24.63	24.05	26.12	0.00	0.00
GCC	19	25.21	24.65	24.01	26.13	0.00	0.00
GCC	20	25.20	24.60	23.99	26.21	0.00	0.00
GCC	21	25.09	24.76	24.05	26.10	0.00	0.00
GCC	22	25.13	24.69	24.07	26.11	0.00	0.00
GCC	23	25.15	24.62	24.05	26.19	0.00	0.00
GCC	24	25.07	24.75	24.09	26.09	0.00	0.00
GCC	25	25.03	24.74	24.07	26.16	0.00	0.00
GCC	26	25.09	24.76	24.04	26.12	0.00	0.00
GCC	27	24.96	24.84	24.15	26.05	0.00	0.00
GCC	28	25.01	24.83	24.11	26.05	0.00	0.00
GCC	29	25.05	24.76	24.07	26.12	0.00	0.00
GCC	30	24.93	24.87	24.19	26.01	0.00	0.00
GCC	31	24.95	24.85	24.10	26.10	0.00	0.00
GCC	32	24.95	24.82	24.13	26.10	0.00	0.00
GCC	33	24.86	24.97	24.17	25.99	0.00	0.00
GCC	34	24.83	24.96	24.17	26.03	0.00	0.00
GCC	35	24.89	24.93	24.07	26.11	0.00	0.00
GCC	36	24.75	25.00	24.25	26.00	0.00	0.00
GCC	37	24.79	24.97	24.18	26.06	0.00	0.00
GCC	38	24.85	24.97	24.07	26.11	0.00	0.00
GCC	39	24.74	25.03	24.19	26.04	0.00	0.00
GCC	40	24.73	25.03	24.19	26.06	0.00	0.00
GCC	41	24.76	24.99	24.17	26.08	0.00	0.00
GCC	42	24.69	25.07	24.23	26.01	0.00	0.00
GCC	43	24.74	25.02	24.22	26.02	0.00	0.00
GCC	44	24.71	25.04	24.15	26.10	0.00	0.00
GCC	45	24.66	25.09	24.23	26.02	0.00	0.00
GCC	46	24.65	25.12	24.18	26.05	0.01	0.00
GCC	47	24.71	25.10	24.11	26.08	0.01	0.00
GCC	48	24.63	25.16	24.21	26.00	0.00	0.00
GCC	49	24.66	25.09	24.15	26.10	0.00	0.00
GCC	50	24.65	25.10	24.19	26.07	0.00	0.00
GCC	51	24.55	25.20	24.20	26.05	0.00	0.00
GCC	52	24.63	25.14	24.17	26.06	0.00	0.00
GCC	53	24.66	25.13	24.12	26.09	0.00	0.00
GCC	54	24.59	25.17	24.18	26.06	0.00	0.00
GCC	55	24.62	25.17	24.19	26.03	0.00	0.00
GCC	56	24.59	25.10	24.16	26.15	0.00	0.00
GCC	57	24.52	25.25	24.19	26.04	0.00	0.00
GCC	58	24.56	25.19	24.17	26.08	0.00	0.00
GCC	59	24.63	25.11	24.14	26.13	0.00	0.00
GCC	60	24.51	25.20	24.21	26.09	0.00	0.00
GCC	61	24.54	25.15	24.18	26.12	0.00	0.00
GCC	62	24.62	25.14	24.13	26.12	0.00	0.00
GCC	63	24.56	25.19	24.19	26.07	0.00	0.00
GCC	64	24.56	25.15	24.18	26.11	0.00	0.00
GCC	65	24.56	25.16	24.13	26.14	0.00	0.00
GCC	66	24.56	25.16	24.20	26.09	0.00	0.00
GCC	67	24.58	25.18	24.12	26.12	0.00	0.00
GCC	68	24.59	25.15	24.13	26.13	0.00	0.00
GCC	69	24.57	25.15	24.20	26.07	0.00	0.00
GCC	70	24.61	25.12	24.17	26.10	0.00	0.00
GCC	71	24.56	25.15	24.13	26.15	0.00	0.00
GCC	72	24.58	25.19	24.14	26.08	0.00	0.00
GCC	73	24.60	25.17	24.11	26.12	0.00	0.00
GCC	74	24.61	25.12	24.12	26.14	0.00	0.00
GCC	75	24.56	25.19	24.14	26.11	0.00	0.00
GCC	76	24.48	25.22	24.23	26.07	0.27	0.00
# ACGT content per cycle, read oriented. Use `grep ^GCT | cut -f 2-` to extract this part. The columns are: cycle; A,C,G,T base counts as a percentage of all A/C/G/T bases [%]
GCT	1	27.69	24.90	22.62	24.78
GCT	2	27.33	22.66	25.13	24.89
GCT	3	25.62	24.25	24.43	25.70
GCT	4	25.26	24.63	24.11	26.01
GCT	5	25.50	24.13	23.94	26.43
GCT	6	25.32	25.02	23.94	25.72
GCT	7	25.38	24.32	24.07	26.23
GCT	8	25.47	24.59	23.49	26.45
GCT	9	25.15	24.76	23.45	26.65
GCT	10	25.51	24.59	23.69	26.21
GCT	11	25.42	24.57	23.58	26.43
GCT	12	25.30	24.71	23.59	26.40
GCT	13	25.46	24.50	23.61	26.43
GCT	14	25.39	24.53	23.66	26.42
GCT	15	25.26	24.77	23.59	26.38
GCT	16	25.21	24.72	23.72	26.35
GCT	17	25.24	24.74	23.66	26.36
GCT	18	25.09	24.93	23.75	26.24
GCT	19	25.12	24.89	23.77	26.22
GCT	20	25.19	24.83	23.77	26.22
GCT	21	25.04	24.96	23.85	26.15
GCT	22	25.17	24.87	23.88	26.08
GCT	23	25.23	24.82	23.85	26.10
GCT	24	25.10	24.95	23.88	26.07
GCT	25	25.18	24.87	23.94	26.01
GCT	26	25.18	24.80	24.00	26.02
GCT	27	25.06	24.98	24.01	25.95
GCT	28	25.17	24.93	24.01	25.89
GCT	29	25.21	24.79	24.04	25.96
GCT	30	25.10	24.98	24.08	25.84
GCT	31	25.21	24.89	24.06	25.84
GCT	32	25.21	24.84	24.11	25.84
GCT	33	25.12	24.99	24.16	25.73
GCT	34	25.17	24.91	24.22	25.70
GCT	35	25.19	24.81	24.19	25.81
GCT	36	25.04	25.03	24.23	25.70
GCT	37	25.18	24.92	24.23	25.67
GCT	38	25.20	24.80	24.24	25.76
GCT	39	25.08	24.95	24.28	25.69
GCT	40	25.15	24.93	24.29	25.63
GCT	41	25.19	24.88	24.28	25.65
GCT	42	25.07	24.98	24.32	25.63
GCT	43	25.14	24.91	24.33	25.62
GCT	44	25.18	24.88	24.31	25.63
GCT	45	25.11	24.95	24.37	25.57
GCT	46	25.14	24.90	24.40	25.56
GCT	47	25.20	24.81	24.41	25.59
GCT	48	25.08	24.92	24.45	25.55
GCT	49	25.21	24.86	24.38	25.56
GCT	50	25.15	24.82	24.46	25.56
GCT	51	25.10	24.95	24.44	25.50
GCT	52	25.18	24.86	24.44	25.51
GCT	53	25.20	24.79	24.46	25.55
GCT	54	25.16	24.87	24.47	25.50
GCT	55	25.18	24.81	24.54	25.46
GCT	56	25.25	24.77	24.49	25.49
GCT	57	25.12	24.89	24.55	25.45
GCT	58	25.24	24.78	24.58	25.40
GCT	59	25.28	24.74	24.50	25.48
GCT	60	25.17	24.83	24.58	25.43
GCT	61	25.26	24.76	24.57	25.40
GCT	62	25.29	24.73	24.54	25.45
GCT	63	25.19	24.78	24.60	25.44
GCT	64	25.29	24.73	24.60	25.37
GCT	65	25.29	24.67	24.62	25.42
GCT	66	25.24	24.75	24.61	25.40
GCT	67	25.36	24.64	24.66	25.34
GCT	68	25.31	24.61	24.67	25.40
GCT	69	25.29	24.72	24.64	25.35
GCT	70	25.37	24.62	24.67	25.34
GCT	71	25.33	24.60	24.69	25.38
GCT	72	25.32	24.67	24.67	25.35
GCT	73	25.42	24.61	24.66	25.30
GCT	74	25.39	24.56	24.69	25.36
GCT	75	25.33	24.60	24.73	25.34
GCT	76	25.40	24.59	24.85	25.16
# ACGT content per cycle for first fragments. Use `grep ^FBC | cut -f 2-` to extract this part. The columns are: cycle; A,C,G,T base counts as a percentage of all A/C/G/T bases [%]; and N and O counts as a percentage of all A/C/G/T bases [%]
FBC	1	25.67	24.06	23.62	26.65	0.00	0.00
FBC	2	25.78	23.95	23.52	26.74	0.00	0.00
FBC	3	25.46	24.37	23.83	26.34	0.00	0.00
FBC	4	25.57	24.13	23.80	26.50	0.32	0.00
FBC	5	25.59	24.21	23.76	26.45	0.00	0.00
FBC	6	25.30	24.52	24.04	26.13	0.00	0.00
FBC	7	25.48	24.35	23.82	26.35	0.00	0.00
FBC	8	25.61	24.18	23.78	26.43	0.00	0.00
FBC	9	25.51	24.17	23.84	26.48	0.00	0.00
FBC	10	25.50	24.27	23.80	26.42	0.00	0.00
FBC	11	25.49	24.28	23.75	26.48	0.01	0.00
FBC	12	25.43	24.39	23.82	26.36	0.00	0.00
FBC	13	25.51	24.24	23.71	26.54	0.00	0.00
FBC	14	25.52	24.32	23.77	26.39	0.00	0.00
FBC	15	25.39	24.35	23.92	26.35	0.00	0.00
FBC	16	25.40	24.43	23.82	26.35	0.00	0.00
FBC	17	25.38	24.42	23.91	26.30	0.00	0.00
FBC	18	25.26	24.58	24.01	26.16	0.00	0.00
FBC	19	25.25	24.57	23.96	26.22	0.00	0.00
FBC	20	25.25	24.58	23.95	26.22	0.00	0.00
FBC	21	25.14	24.72	23.99	26.14	0.00	0.00
FBC	22	25.21	24.63	24.05	26.12	0.00	0.00
FBC	23	25.20	24.57	24.01	26.22	0.00	0.00
FBC	24	25.14	24.66	24.05	26.15	0.00	0.00
FBC	25	25.11	24.65	24.03	26.21	0.00	0.00
FBC	26	25.14	24.70	24.00	26.16	0.00	0.00
FBC	27	25.01	24.75	24.15	26.09	0.00	0.00
FBC	28	25.10	24.76	24.12	26.02	0.00	0.00
FBC	29	25.05	24.73	24.06	26.15	0.00	0.00
FBC	30	24.99	24.80	24.17	26.04	0.00	0.00
FBC	31	25.04	24.76	24.07	26.13	0.00	0.00
FBC	32	25.00	24.78	24.09	26.12	0.00	0.00
FBC	33	24.93	24.91	24.15	26.01	0.01	0.00
FBC	34	24.83	24.91	24.15	26.11	0.00	0.00
FBC	35	24.90	24.87	24.06	26.18	0.00	0.00
FBC	36	24.76	24.94	24.23	26.08	0.01	0.00
FBC	37	24.86	24.95	24.10	26.09	0.00	0.00
FBC	38	24.90	24.92	24.03	26.16	0.00	0.00
FBC	39	24.81	24.98	24.17	26.04	0.00	0.00
FBC	40	24.76	25.01	24.18	26.06	0.00	0.00
FBC	41	24.78	24.93	24.18	26.11	0.00	0.00
FBC	42	24.72	25.02	24.20	26.05	0.00	0.00
FBC	43	24.74	24.97	24.22	26.07	0.00	0.00
FBC	44	24.70	25.05	24.13	26.11	0.00	0.00
FBC	45	24.70	25.06	24.21	26.02	0.00	0.00
FBC	46	24.69	25.10	24.17	26.05	0.00	0.00
FBC	47	24.75	25.07	24.09	26.09	0.00	0.00
FBC	48	24.69	25.10	24.23	25.97	0.00	0.00
FBC	49	24.70	25.04	24.13	26.13	0.00	0.00
FBC	50	24.61	25.08	24.20	26.11	0.00	0.00
FBC	51	24.61	25.17	24.19	26.03	0.00	0.00
FBC	52	24.67	25.11	24.15	26.07	0.00	0.00
FBC	53	24.71	25.08	24.14	26.07	0.00	0.00
FBC	54	24.61	25.11	24.17	26.11	0.00	0.00
FBC	55	24.61	25.17	24.22	26.00	0.00	0.00
FBC	56	24.66	25.09	24.10	26.15	0.00	0.00
FBC	57	24.54	25.20	24.19	26.07	0.00	0.00
FBC	58	24.53	25.22	24.16	26.08	0.00	0.00
FBC	59	24.69	25.11	24.09	26.11	0.00	0.00
FBC	60	24.52	25.19	24.22	26.07	0.00	0.00
FBC	61	24.54	25.16	24.15	26.15	0.00	0.00
FBC	62	24.61	25.13	24.11	26.16	0.00	0.00
FBC	63	24.58	25.16	24.21	26.05	0.00	0.00
FBC	64	24.55	25.16	24.17	26.12	0.00	0.00
FBC	65	24.57	25.17	24.14	26.12	0.00	0.00
FBC	66	24.55	25.16	24.19	26.10	0.00	0.00
FBC	67	24.57	25.22	24.10	26.12	0.00	0.00
FBC	68	24.59	25.12	24.15	26.13	0.00	0.00
FBC	69	24.56	25.12	24.24	26.09	0.00	0.00
FBC	70	24.66	25.15	24.11	26.07	0.00	0.00
FBC	71	24.58	25.14	24.13	26.15	0.00	0.00
FBC	72	24.56	25.18	24.16	26.10	0.00	0.00
FBC	73	24.62	25.18	24.10	26.10	0.00	0.00
FBC	74	24.62	25.12	24.11	26.16	0.00	0.00
FBC	75	24.59	25.21	24.12	26.08	0.00	0.00
FBC	76	24.50	25.24	24.19	26.07	0.35	0.00
# ACGT raw counters for first fragments. Use `grep ^FTC | cut -f 2-` to extract this part. The columns are: A,C,G,T,N base counters
FTC	33208165	33051937	32021720	34847599	12735
# ACGT content per cycle for last fragments. Use `grep ^LBC | cut -f 2-` to extract this part. The columns are: cycle; A,C,G,T base counts as a percentage of all A/C/G/T bases [%]; and N and O counts as a percentage of all A/C/G/T bases [%]
LBC	1	25.83	23.98	23.39	26.80	0.01	0.00
LBC	2	25.49	24.35	23.75	26.42	0.01	0.00
LBC	3	24.95	24.87	24.30	25.88	0.01	0.00
LBC	4	24.77	25.06	24.47	25.70	0.00	0.00
LBC	5	25.43	24.36	23.81	26.40	0.01	0.00
LBC	6	24.87	24.95	24.40	25.78	0.00	0.00
LBC	7	25.21	24.56	24.05	26.18	0.00	0.00
LBC	8	25.41	24.36	23.86	26.38	0.00	0.00
LBC	9	25.32	24.43	23.97	26.28	0.00	0.00
LBC	10	25.29	24.54	23.94	26.23	0.00	0.00
LBC	11	25.43	24.42	23.85	26.30	0.00	0.00
LBC	12	25.37	24.45	23.94	26.25	0.00	0.00
LBC	13	25.37	24.43	23.82	26.37	0.00	0.00
LBC	14	25.41	24.46	23.83	26.30	0.00	0.00
LBC	15	25.29	24.52	23.93	26.26	0.00	0.00
LBC	16	25.23	24.61	24.02	26.14	0.00	0.00
LBC	17	25.28	24.51	23.96	26.25	0.00	0.00
LBC	18	25.15	24.67	24.09	26.09	0.00	0.00
LBC	19	25.16	24.73	24.06	26.05	0.00	0.00
LBC	20	25.14	24.63	24.03	26.20	0.00	0.00
LBC	21	25.04	24.80	24.11	26.05	0.00	0.00
LBC	22	25.06	24.75	24.09	26.10	0.00	0.00
LBC	23	25.09	24.67	24.09	26.15	0.00	0.00
LBC	24	25.01	24.83	24.13	26.03	0.00	0.00
LBC	25	24.96	24.82	24.11	26.11	0.00	0.00
LBC	26	25.04	24.81	24.08	26.07	0.00	0.00
LBC	27	24.91	24.93	24.15	26.01	0.00	0.00
LBC	28	24.91	24.89	24.11	26.09	0.00	0.00
LBC	29	25.05	24.79	24.08	26.08	0.00	0.00
LBC	30	24.87	24.93	24.22	25.99	0.00	0.00
LBC	31	24.86	24.94	24.13	26.06	0.00	0.00
LBC	32	24.90	24.87	24.16	26.08	0.00	0.00
LBC	33	24.78	25.04	24.20	25.98	0.00	0.00
LBC	34	24.84	25.01	24.20	25.95	0.00	0.00
LBC	35	24.87	24.99	24.09	26.04	0.00	0.00
LBC	36	24.74	25.07	24.27	25.92	0.00	0.00
LBC	37	24.72	25.00	24.25	26.03	0.00	0.00
LBC	38	24.80	25.02	24.12	26.06	0.00	0.00
LBC	39	24.66	25.08	24.22	26.04	0.00	0.00
LBC	40	24.70	25.05	24.20	26.05	0.00	0.00
LBC	41	24.73	25.05	24.16	26.06	0.00	0.00
LBC	42	24.66	25.11	24.26	25.97	0.00	0.00
LBC	43	24.74	25.07	24.21	25.98	0.00	0.00
LBC	44	24.71	25.02	24.18	26.09	0.00	0.00
LBC	45	24.63	25.11	24.24	26.02	0.00	0.00
LBC	46	24.61	25.15	24.20	26.05	0.01	0.00
LBC	47	24.66	25.13	24.13	26.08	0.01	0.00
LBC	48	24.57	25.22	24.19	26.02	0.00	0.00
LBC	49	24.62	25.14	24.17	26.07	0.00	0.00
LBC	50	24.70	25.11	24.17	26.02	0.00	0.00
LBC	51	24.50	25.23	24.21	26.06	0.00	0.00
LBC	52	24.59	25.16	24.19	26.06	0.00	0.00
LBC	53	24.61	25.18	24.11	26.11	0.00	0.00
LBC	54	24.58	25.22	24.19	26.01	0.00	0.00
LBC	55	24.62	25.17	24.16	26.05	0.00	0.00
LBC	56	24.51	25.11	24.22	26.15	0.00	0.00
LBC	57	24.51	25.29	24.19	26.02	0.00	0.00
LBC	58	24.59	25.16	24.18	26.07	0.00	0.00
LBC	59	24.56	25.10	24.19	26.15	0.00	0.00
LBC	60	24.50	25.21	24.19	26.10	0.00	0.00
LBC	61	24.54	25.15	24.21	26.10	0.00	0.00
LBC	62	24.63	25.16	24.14	26.07	0.00	0.00
LBC	63	24.53	25.22	24.17	26.08	0.00	0.00
LBC	64	24.56	25.15	24.19	26.10	0.00	0.00
LBC	65	24.56	25.15	24.11	26.17	0.00	0.00
LBC	66	24.57	25.15	24.21	26.08	0.00	0.00
LBC	67	24.60	25.15	24.14	26.12	0.00	0.00
LBC	68	24.58	25.18	24.12	26.12	0.00	0.00
LBC	69	24.59	25.19	24.17	26.05	0.00	0.00
LBC	70	24.56	25.09	24.22	26.13	0.00	0.00
LBC	71	24.55	25.16	24.14	26.15	0.01	0.00
LBC	72	24.60	25.21	24.13	26.07	0.01	0.00
LBC	73	24.58	25.16	24.12	26.15	0.01	0.00
LBC	74	24.61	25.13	24.13	26.13	0.00	0.00
LBC	75	24.53	25.16	24.17	26.14	0.00	0.00
LBC	76	24.47	25.20	24.26	26.07	0.19	0.00
# ACGT raw counters for last fragments. Use `grep ^LTC | cut -f 2-` to extract this part. The columns are: A,C,G,T,N base counters
LTC	33081994	33190959	32107692	34756223	5288
# Insert sizes. Use `grep ^IS | cut -f 2-` to extract this part. The columns are: insert size, pairs total, inward oriented pairs, outward oriented pairs, other pairs
IS	0	114	0	0	114
IS	1	0	0	0	0
IS	2	5	0	1	4
IS	3	1	0	1	0
IS	4	0	0	0	0
IS	5	2	0	2	0
IS	6	1	0	1	0
IS	7	1	0	1	0
IS	8	2	0	2	0
IS	9	2	0	2	0
IS	10	1	0	1	0
IS	11	3	0	3	0
IS	12	2	0	2	0
IS	13	0	0	0	0
IS	14	3	0	3	0
IS	15	1	0	1	0
IS	16	1	0	1	0
IS	17	1	0	1	0
IS	18	4	0	3	1
IS	19	49	44	4	1
IS	20	36	32	4	0
IS	21	10	7	3	0
IS	22	21	17	4	0
IS	23	20	18	2	0
IS	24	11	5	6	0
IS	25	2	0	2	0
IS	26	2	0	2	0
IS	27	3	1	2	0
IS	28	2	0	2	0
IS	29	1	1	0	0
IS	30	6	3	3	0
IS	31	7	3	3	1
IS	32	9	7	2	0
IS	33	2	1	1	0
IS	34	6	2	3	1
IS	35	3	2	1	0
IS	36	6	3	3	0
IS	37	6	3	3	0
IS	38	6	4	1	1
IS	39	2	2	0	0
IS	40	2	1	1	0
IS	41	6	4	2	0
IS	42	4	3	0	1
IS	43	15	12	2	1
IS	44	3	1	0	2
IS	45	13	6	6	1
IS	46	6	2	2	2
IS	47	7	4	3	0
IS	48	10	7	3	0
IS	49	13	6	5	2
IS	50	9	4	5	0
IS	51	12	9	2	1
IS	52	11	8	3	0
IS	53	23	17	4	2
IS	54	24	21	2	1
IS	55	29	27	2	0
IS	56	39	31	5	3
IS	57	47	45	1	1
IS	58	74	71	1	2
IS	59	87	83	3	1
IS	60	137	129	5	3
IS	61	167	165	1	1
IS	62	244	237	6	1
IS	63	281	278	1	2
IS	64	356	349	5	2
IS	65	480	478	1	1
IS	66	611	606	4	1
IS	67	776	771	4	1
IS	68	867	862	5	0
IS	69	1078	1074	4	0
IS	70	1275	1272	2	1
IS	71	1565	1559	5	1
IS	72	1710	1705	4	1
IS	73	2072	2068	4	0
IS	74	2300	2295	4	1
IS	75	2599	2588	9	2
IS	76	2868	2866	0	2
IS	77	3178	3176	0	2
IS	78	3558	3555	0	3
IS	79	3905	3904	0	1
IS	80	4076	4075	0	1
IS	81	4502	4499	0	3
IS	82	4920	4918	0	2
IS	83	5233	5232	0	1
IS	84	5581	5580	0	1
IS	85	5768	5768	0	0
IS	86	6150	6149	0	1
IS	87	6521	6521	0	0
IS	88	6825	6825	0	0
IS	89	7247	7245	0	2
IS	90	7351	7351	0	0
IS	91	7792	7792	0	0
IS	92	8096	8095	0	1
IS	93	8168	8168	0	0
IS	94	8493	8493	0	0
IS	95	8843	8842	0	1
IS	96	8780	8779	0	1
IS	97	9261	9260	0	1
IS	98	9569	9569	0	0
IS	99	9668	9667	0	1
IS	100	9885	9884	0	1
IS	101	10230	10230	0	0
IS	102	10273	10269	1	3
IS	103	10528	10527	0	1
IS	104	10631	10630	0	1
IS	105	10863	10862	1	0
IS	106	11005	11003	0	2
IS	107	11150	11150	0	0
IS	108	11358	11358	0	0
IS	109	11546	11544	0	2
IS	110	11568	11568	0	0
IS	111	11892	11892	0	0
IS	112	11762	11761	0	1
IS	113	12162	12161	0	1
IS	114	12223	12222	0	1
IS	115	12264	12263	0	1
IS	116	12254	12253	0	1
IS	117	12210	12209	0	1
IS	118	12478	12478	0	0
IS	119	12749	12748	0	1
IS	120	12842	12842	0	0
IS	121	12708	12706	0	2
IS	122	12742	12742	0	0
IS	123	12906	12905	0	1
IS	124	13063	13063	0	0
IS	125	12911	12911	0	0
IS	126	13101	13101	0	0
IS	127	13262	13261	0	1
IS	128	12841	12840	0	1
IS	129	13163	13163	0	0
IS	130	13169	13169	0	0
IS	131	13119	13119	0	0
IS	132	13408	13407	0	1
IS	133	13054	13054	0	0
IS	134	13416	13414	0	2
IS	135	13102	13102	0	0
IS	136	13192	13192	0	0
IS	137	13327	13326	0	1
IS	138	13378	13378	0	0
IS	139	13297	13297	0	0
IS	140	13115	13115	0	0
IS	141	13211	13211	0	0
IS	142	13134	13133	0	1
IS	143	13015	13013	0	2
IS	144	12924	12923	0	1
IS	145	13158	13158	0	0
IS	146	12828	12828	0	0
IS	147	13166	13166	0	0
IS	148	13023	13022	0	1
IS	149	13152	13151	0	1
IS	150	12663	12663	0	0
IS	151	12614	12612	0	2
IS	152	12649	12649	0	0
IS	153	12642	12641	0	1
IS	154	12652	12651	0	1
IS	155	12322	12322	0	0
IS	156	12369	12368	0	1
IS	157	12336	12334	0	2
IS	158	12112	12112	0	0
IS	159	12114	12112	0	2
IS	160	12064	12064	0	0
IS	161	12033	12031	0	2
IS	162	11900	11900	0	0
IS	163	11781	11780	0	1
IS	164	11712	11711	0	1
IS	165	11542	11542	0	0
IS	166	11602	11602	0	0
IS	167	11602	11600	1	1
IS	168	11341	11341	0	0
IS	169	11192	11192	0	0
IS	170	11175	11175	0	0
IS	171	10884	10884	0	0
IS	172	10799	10798	0	1
IS	173	10850	10849	0	1
IS	174	10610	10609	0	1
IS	175	10459	10459	0	0
IS	176	10604	10604	0	0
IS	177	10363	10361	0	2
IS	178	10263	10263	0	0
IS	179	10112	10111	0	1
IS	180	9887	9886	0	1
IS	181	9903	9903	0	0
IS	182	9729	9729	0	0
IS	183	9697	9697	0	0
IS	184	9693	9693	0	0
IS	185	9472	9472	0	0
IS	186	9380	9380	0	0
IS	187	9172	9172	0	0
IS	188	8874	8874	0	0
IS	189	8947	8947	0	0
IS	190	8799	8799	0	0
IS	191	8553	8553	0	0
IS	192	8470	8469	1	0
IS	193	8540	8540	0	0
IS	194	8412	8412	0	0
IS	195	8358	8358	0	0
IS	196	8224	8222	0	2
IS	197	8084	8084	0	0
IS	198	7831	7831	0	0
IS	199	7877	7876	1	0
IS	200	7693	7692	0	1
IS	201	7614	7613	0	1
IS	202	7409	7409	0	0
IS	203	7304	7304	0	0
IS	204	7182	7182	0	0
IS	205	7069	7069	0	0
IS	206	7126	7125	0	1
IS	207	6926	6926	0	0
IS	208	6999	6999	0	0
IS	209	6771	6771	0	0
IS	210	6492	6492	0	0
IS	211	6496	6496	0	0
IS	212	6582	6582	0	0
IS	213	6339	6339	0	0
IS	214	6138	6138	0	0
IS	215	6183	6183	0	0
IS	216	6027	6027	0	0
IS	217	5951	5951	0	0
IS	218	5776	5776	0	0
IS	219	5673	5673	0	0
IS	220	5628	5628	0	0
IS	221	5546	5546	0	0
IS	222	5357	5357	0	0
IS	223	5323	5323	0	0
IS	224	5162	5162	0	0
IS	225	5056	5056	0	0
IS	226	5003	5003	0	0
IS	227	4965	4965	0	0
IS	228	4955	4955	0	0
IS	229	4844	4843	0	1
IS	230	4753	4752	0	1
IS	231	4551	4550	0	1
IS	232	4492	4492	0	0
IS	233	4423	4423	0	0
IS	234	4346	4346	0	0
IS	235	4305	4305	0	0
IS	236	4148	4148	0	0
IS	237	4065	4065	0	0
IS	238	4053	4053	0	0
IS	239	3960	3959	0	1
IS	240	3812	3812	0	0
IS	241	3820	3820	0	0
IS	242	3626	3626	0	0
IS	243	3639	3639	0	0
IS	244	3488	3488	0	0
IS	245	3543	3543	0	0
IS	246	3478	3478	0	0
IS	247	3410	3410	0	0
IS	248	3340	3340	0	0
IS	249	3300	3300	0	0
IS	250	3161	3161	0	0
IS	251	3065	3065	0	0
IS	252	3120	3120	0	0
IS	253	2965	2965	0	0
IS	254	2930	2930	0	0
IS	255	2840	2839	1	0
IS	256	2824	2824	0	0
IS	257	2691	2691	0	0
IS	258	2721	2721	0	0
IS	259	2712	2712	0	0
IS	260	2578	2578	0	0
IS	261	2547	2547	0	0
IS	262	2423	2423	0	0
IS	263	2445	2445	0	0
IS	264	2342	2342	0	0
IS	265	2343	2343	0	0
IS	266	2354	2354	0	0
IS	267	2273	2273	0	0
IS	268	2239	2239	0	0
IS	269	2088	2088	0	0
IS	270	2125	2125	0	0
IS	271	2057	2057	0	0
IS	272	1954	1954	0	0
IS	273	1992	1992	0	0
IS	274	1902	1902	0	0
IS	275	1852	1852	0	0
IS	276	1880	1880	0	0
IS	277	1833	1833	0	0
IS	278	1813	1813	0	0
IS	279	1784	1784	0	0
IS	280	1714	1714	0	0
IS	281	1646	1646	0	0
IS	282	1685	1685	0	0
IS	283	1602	1602	0	0
IS	284	1515	1515	0	0
IS	285	1570	1570	0	0
IS	286	1485	1485	0	0
IS	287	1439	1439	0	0
IS	288	1423	1423	0	0
IS	289	1420	1420	0	0
IS	290	1370	1370	0	0
IS	291	1344	1344	0	0
IS	292	1313	1313	0	0
IS	293	1260	1260	0	0
IS	294	1287	1287	0	0
IS	295	1162	1162	0	0
IS	296	1208	1208	0	0
IS	297	1153	1153	0	0
IS	298	1148	1148	0	0
IS	299	1118	1118	0	0
IS	300	1160	1160	0	0
IS	301	1098	1098	0	0
IS	302	1035	1035	0	0
IS	303	1029	1029	0	0
IS	304	1016	1016	0	0
IS	305	995	995	0	0
IS	306	992	992	0	0
IS	307	924	924	0	0
IS	308	871	871	0	0
IS	309	912	911	0	1
IS	310	818	818	0	0
IS	311	891	891	0	0
IS	312	859	859	0	0
IS	313	835	835	0	0
IS	314	778	778	0	0
IS	315	745	745	0	0
IS	316	762	762	0	0
IS	317	767	767	0	0
IS	318	735	735	0	0
IS	319	750	750	0	0
IS	320	696	696	0	0
IS	321	647	646	1	0
IS	322	673	673	0	0
IS	323	685	685	0	0
IS	324	603	603	0	0
IS	325	653	653	0	0
IS	326	632	632	0	0
IS	327	602	602	0	0
IS	328	627	627	0	0
IS	329	608	608	0	0
IS	330	606	606	0	0
IS	331	584	584	0	0
IS	332	547	547	0	0
IS	333	534	534	0	0
IS	334	506	506	0	0
IS	335	507	507	0	0
IS	336	505	505	0	0
IS	337	501	501	0	0
IS	338	465	465	0	0
IS	339	493	493	0	0
IS	340	481	481	0	0
IS	341	474	474	0	0
IS	342	455	455	0	0
IS	343	441	441	0	0
IS	344	465	465	0	0
IS	345	462	462	0	0
IS	346	421	421	0	0
IS	347	374	374	0	0
IS	348	400	400	0	0
IS	349	398	398	0	0
IS	350	354	354	0	0
IS	351	370	370	0	0
IS	352	396	396	0	0
IS	353	353	353	0	0
IS	354	355	355	0	0
IS	355	328	328	0	0
IS	356	345	345	0	0
IS	357	318	318	0	0
IS	358	301	301	0	0
IS	359	326	326	0	0
IS	360	343	343	0	0
IS	361	331	331	0	0
IS	362	296	296	0	0
IS	363	299	299	0	0
IS	364	310	310	0	0
IS	365	267	267	0	0
IS	366	286	286	0	0
IS	367	266	266	0	0
IS	368	299	299	0	0
IS	369	283	283	0	0
IS	370	260	260	0	0
IS	371	257	257	0	0
IS	372	247	247	0	0
IS	373	250	250	0	0
IS	374	241	241	0	0
IS	375	253	253	0	0
IS	376	257	257	0	0
IS	377	256	256	0	0
IS	378	235	235	0	0
# Read lengths. Use `grep ^RL | cut -f 2-` to extract this part. The columns are: read length, count
RL	31	128
RL	32	110
RL	33	94
RL	34	100
RL	35	58
RL	36	80
RL	37	94
RL	38	120
RL	39	120
RL	40	92
RL	41	108
RL	42	98
RL	43	70
RL	44	70
RL	45	60
RL	46	80
RL	47	82
RL	48	84
RL	49	72
RL	50	60
RL	51	62
RL	52	66
RL	53	98
RL	54	72
RL	55	88
RL	56	122
RL	57	136
RL	58	176
RL	59	212
RL	60	312
RL	61	370
RL	62	520
RL	63	592
RL	64	736
RL	65	1000
RL	66	1282
RL	67	1578
RL	68	1776
RL	69	2196
RL	70	2574
RL	71	3178
RL	72	3458
RL	73	4176
RL	74	4660
RL	75	5256
RL	76	3470678
# Read lengths - first fragments. Use `grep ^FRL | cut -f 2-` to extract this part. The columns are: read length, count
FRL	31	64
FRL	32	55
FRL	33	47
FRL	34	50
FRL	35	29
FRL	36	40
FRL	37	47
FRL	38	60
FRL	39	60
FRL	40	46
FRL	41	54
FRL	42	49
FRL	43	35
FRL	44	35
FRL	45	30
FRL	46	40
FRL	47	41
FRL	48	42
FRL	49	36
FRL	50	30
FRL	51	31
FRL	52	33
FRL	53	49
FRL	54	36
FRL	55	44
FRL	56	61
FRL	57	68
FRL	58	88
FRL	59	106
FRL	60	156
FRL	61	185
FRL	62	260
FRL	63	296
FRL	64	368
FRL	65	500
FRL	66	641
FRL	67	789
FRL	68	888
FRL	69	1098
FRL	70	1287
FRL	71	1589
FRL	72	1729
FRL	73	2088
FRL	74	2330
FRL	75	2628
FRL	76	1735339
# Read lengths - last fragments. Use `grep ^LRL | cut -f 2-` to extract this part. The columns are: read length, count
LRL	31	64
LRL	32	55
LRL	33	47
LRL	34	50
LRL	35	29
LRL	36	40
LRL	37	47
LRL	38	60
LRL	39	60
LRL	40	46
LRL	41	54
LRL	42	49
LRL	43	35
LRL	44	35
LRL	45	30
LRL	46	40
LRL	47	41
LRL	48	42
LRL	49	36
LRL	50	30
LRL	51	31
LRL	52	33
LRL	53	49
LRL	54	36
LRL	55	44
LRL	56	61
LRL	57	68
LRL	58	88
LRL	59	106
LRL	60	156
LRL	61	185
LRL	62	260
LRL	63	296
LRL	64	368
LRL	65	500
LRL	66	641
LRL	67	789
LRL	68	888
LRL	69	1098
LRL	70	1287
LRL	71	1589
LRL	72	1729
LRL	73	2088
LRL	74	2330
LRL	75	2628
LRL	76	1735339
# Mapping qualities for reads !(UNMAP|SECOND|SUPPL|QCFAIL|DUP). Use `grep ^MAPQ | cut -f 2-` to extract this part. The columns are: mapq, count
MAPQ	0	358613
MAPQ	1	734
MAPQ	2	291
MAPQ	3	1567
MAPQ	4	629
MAPQ	5	388
MAPQ	6	566
MAPQ	7	857
MAPQ	8	424
MAPQ	9	1857
MAPQ	10	566
MAPQ	11	1239
MAPQ	12	663
MAPQ	13	964
MAPQ	14	421
MAPQ	15	1413
MAPQ	16	1027
MAPQ	17	813
MAPQ	18	629
MAPQ	19	1435
MAPQ	20	2450
MAPQ	21	2608
MAPQ	22	4008
MAPQ	23	3373
MAPQ	24	4973
MAPQ	25	8708
MAPQ	26	289
MAPQ	27	21809
MAPQ	28	355
MAPQ	29	839
MAPQ	30	431
MAPQ	31	600
MAPQ	32	201
MAPQ	33	1657
MAPQ	34	388
MAPQ	35	426
MAPQ	36	457
MAPQ	37	843
MAPQ	38	261
MAPQ	39	1895
MAPQ	40	29145
MAPQ	41	699
MAPQ	42	696
MAPQ	43	2057
MAPQ	44	1277
MAPQ	45	2241
MAPQ	46	3125
MAPQ	47	2298
MAPQ	48	3802
MAPQ	49	9105
MAPQ	50	832
MAPQ	51	29487
MAPQ	52	1391
MAPQ	53	815
MAPQ	54	3396
MAPQ	55	1638
MAPQ	56	402
MAPQ	57	6059
MAPQ	58	427
MAPQ	59	102
MAPQ	60	2975336
# Indel distribution. Use `grep ^ID | cut -f 2-` to extract this part. The columns are: length, number of insertions, number of deletions
ID	1	3508	5485
ID	2	798	1343
ID	3	488	816
ID	4	305	485
ID	5	109	146
ID	6	72	150
ID	7	31	27
ID	8	30	54
ID	9	37	30
ID	10	21	30
ID	11	11	25
ID	12	8	27
ID	13	6	9
ID	14	9	13
ID	15	0	14
ID	16	5	5
ID	17	1	7
ID	18	0	4
ID	19	1	2
ID	20	0	5
ID	21	0	1
ID	23	0	1
ID	24	0	2
ID	26	0	1
# Indels per cycle. Use `grep ^IC | cut -f 2-` to extract this part. The columns are: cycle, number of insertions (fwd), .. (rev) , number of deletions (fwd), .. (rev)
IC	3	0	0	27	32
IC	4	25	25	24	31
IC	5	26	29	37	33
IC	6	30	45	35	49
IC	7	41	29	48	57
IC	8	39	27	56	74
IC	9	48	32	55	59
IC	10	48	48	55	62
IC	11	45	30	85	72
IC	12	36	45	72	84
IC	13	36	44	79	78
IC	14	49	54	67	71
IC	15	48	38	70	59
IC	16	48	45	81	71
IC	17	51	50	69	68
IC	18	50	54	82	72
IC	19	53	54	76	84
IC	20	52	47	81	92
IC	21	57	53	68	62
IC	22	52	47	71	80
IC	23	42	46	79	73
IC	24	58	45	72	76
IC	25	41	52	81	66
IC	26	49	40	70	61
IC	27	53	53	80	65
IC	28	47	50	84	75
IC	29	46	40	80	59
IC	30	61	47	74	63
IC	31	45	34	55	70
IC	32	46	42	58	63
IC	33	41	39	74	64
IC	34	40	50	73	61
IC	35	50	47	76	79
IC	36	51	52	77	76
IC	37	37	44	66	60
IC	38	46	44	62	75
IC	39	56	38	90	43
IC	40	31	38	69	65
IC	41	43	40	61	76
IC	42	36	37	73	52
IC	43	36	50	59	55
IC	44	45	39	66	61
IC	45	48	34	83	68
IC	46	38	38	71	65
IC	47	45	45	67	73
IC	48	31	41	65	55
IC	49	42	39	66	60
IC	50	36	48	70	65
IC	51	32	39	61	73
IC	52	37	49	61	52
IC	53	40	32	68	72
IC	54	38	40	56	73
IC	55	41	33	61	63
IC	56	39	25	56	54
IC	57	34	39	63	51
IC	58	33	33	68	52
IC	59	27	36	56	48
IC	60	29	36	41	58
IC	61	31	35	60	62
IC	62	45	31	60	50
IC	63	30	26	48	35
IC	64	23	34	47	49
IC	65	35	20	49	54
IC	66	30	26	50	48
IC	67	22	23	44	45
IC	68	38	18	46	54
IC	69	20	16	30	46
IC	70	23	18	27	43
IC	71	21	20	32	46
IC	72	19	15	33	31
IC	73	12	15	29	24
# Coverage distribution. Use `grep ^COV | cut -f 2-` to extract this part.
COV	[1-1]	1	25419275
COV	[2-2]	2	13156820
COV	[3-3]	3	8670884
COV	[4-4]	4	6329978
COV	[5-5]	5	4669252
COV	[6-6]	6	3460737
COV	[7-7]	7	2569366
COV	[8-8]	8	1918501
COV	[9-9]	9	1435247
COV	[10-10]	10	1074677
COV	[11-11]	11	815856
COV	[12-12]	12	625766
COV	[13-13]	13	485001
COV	[14-14]	14	377150
COV	[15-15]	15	298202
COV	[16-16]	16	236385
COV	[17-17]	17	189043
COV	[18-18]	18	153311
COV	[19-19]	19	123400
COV	[20-20]	20	100880
COV	[21-21]	21	83685
COV	[22-22]	22	68909
COV	[23-23]	23	56480
COV	[24-24]	24	45819
COV	[25-25]	25	38944
COV	[26-26]	26	32692
COV	[27-27]	27	27952
COV	[28-28]	28	23478
COV	[29-29]	29	20002
COV	[30-30]	30	17556
COV	[31-31]	31	14940
COV	[32-32]	32	12550
COV	[33-33]	33	10930
COV	[34-34]	34	9755
COV	[35-35]	35	8470
COV	[36-36]	36	7295
COV	[37-37]	37	6262
COV	[38-38]	38	5571
COV	[39-39]	39	4984
COV	[40-40]	40	4303
COV	[41-41]	41	3739
COV	[42-42]	42	3055
COV	[43-43]	43	2788
COV	[44-44]	44	2439
COV	[45-45]	45	2269
COV	[46-46]	46	1941
COV	[47-47]	47	1795
COV	[48-48]	48	1667
COV	[49-49]	49	1570
COV	[50-50]	50	1365
COV	[51-51]	51	1406
COV	[52-52]	52	1198
COV	[53-53]	53	1133
COV	[54-54]	54	1067
COV	[55-55]	55	833
COV	[56-56]	56	774
COV	[57-57]	57	695
COV	[58-58]	58	583
COV	[59-59]	59	566
COV	[60-60]	60	417
COV	[61-61]	61	460
COV	[62-62]	62	356
COV	[63-63]	63	369
COV	[64-64]	64	358
COV	[65-65]	65	300
COV	[66-66]	66	302
COV	[67-67]	67	299
COV	[68-68]	68	216
COV	[69-69]	69	228
COV	[70-70]	70	203
COV	[71-71]	71	187
COV	[72-72]	72	178
COV	[73-73]	73	174
COV	[74-74]	74	135
COV	[75-75]	75	130
COV	[76-76]	76	124
COV	[77-77]	77	121
COV	[78-78]	78	125
COV	[79-79]	79	98
COV	[80-80]	80	104
COV	[81-81]	81	99
COV	[82-82]	82	103
COV	[83-83]	83	111
COV	[84-84]	84	95
COV	[85-85]	85	98
COV	[86-86]	86	70
COV	[87-87]	87	71
COV	[88-88]	88	69
COV	[89-89]	89	75
COV	[90-90]	90	67
COV	[91-91]	91	45
COV	[92-92]	92	48
COV	[93-93]	93	42
COV	[94-94]	94	38
COV	[95-95]	95	34
COV	[96-96]	96	27
COV	[97-97]	97	41
COV	[98-98]	98	38
COV	[99-99]	99	15
COV	[100-100]	100	13
COV	[101-101]	101	28
COV	[102-102]	102	25
COV	[103-103]	103	18
COV	[104-104]	104	26
COV	[105-105]	105	23
COV	[106-106]	106	19
COV	[107-107]	107	25
COV	[108-108]	108	21
COV	[109-109]	109	27
COV	[110-110]	110	38
COV	[111-111]	111	33
COV	[112-112]	112	27
COV	[113-113]	113	38
COV	[114-114]	114	35
COV	[115-115]	115	26
COV	[116-116]	116	22
COV	[117-117]	117	32
COV	[118-118]	118	42
COV	[119-119]	119	34
COV	[120-120]	120	40
COV	[121-121]	121	33
COV	[122-122]	122	36
COV	[123-123]	123	30
COV	[124-124]	124	30
COV	[125-125]	125	49
COV	[126-126]	126	30
COV	[127-127]	127	20
COV	[128-128]	128	11
COV	[129-129]	129	23
COV	[130-130]	130	23
COV	[131-131]	131	12
COV	[132-132]	132	26
COV	[133-133]	133	24
COV	[134-134]	134	29
COV	[135-135]	135	15
COV	[136-136]	136	21
COV	[137-137]	137	27
COV	[138-138]	138	25
COV	[139-139]	139	23
COV	[140-140]	140	16
COV	[141-141]	141	17
COV	[142-142]	142	24
COV	[143-143]	143	24
COV	[144-144]	144	22
COV	[145-145]	145	13
COV	[146-146]	146	17
COV	[147-147]	147	12
COV	[148-148]	148	19
COV	[149-149]	149	17
COV	[150-150]	150	20
COV	[151-151]	151	13
COV	[152-152]	152	24
COV	[153-153]	153	13
COV	[154-154]	154	10
COV	[155-155]	155	5
COV	[156-156]	156	9
COV	[157-157]	157	10
COV	[158-158]	158	9
COV	[159-159]	159	9
COV	[160-160]	160	7
COV	[161-161]	161	8
COV	[162-162]	162	8
COV	[163-163]	163	7
COV	[164-164]	164	5
COV	[165-165]	165	6
COV	[166-166]	166	10
COV	[167-167]	167	6
COV	[168-168]	168	5
COV	[169-169]	169	2
COV	[170-170]	170	5
COV	[171-171]	171	2
COV	[172-172]	172	6
COV	[173-173]	173	6
COV	[174-174]	174	8
COV	[175-175]	175	6
COV	[177-177]	177	1
COV	[179-179]	179	1
COV	[180-180]	180	1
COV	[182-182]	182	2
COV	[183-183]	183	2
COV	[186-186]	186	2
COV	[187-187]	187	1
COV	[188-188]	188	2
COV	[191-191]	191	1
COV	[193-193]	193	1
COV	[194-194]	194	1
COV	[197-197]	197	2
COV	[201-201]	201	1
COV	[202-202]	202	1
COV	[203-203]	203	1
COV	[204-204]	204	2
COV	[206-206]	206	2
COV	[207-207]	207	2
COV	[208-208]	208	3
COV	[209-209]	209	1
COV	[210-210]	210	2
COV	[211-211]	211	5
COV	[212-212]	212	2
COV	[213-213]	213	1
COV	[214-214]	214	2
COV	[215-215]	215	3
COV	[216-216]	216	1
COV	[217-217]	217	1
COV	[218-218]	218	1
COV	[221-221]	221	1
COV	[222-222]	222	1
COV	[223-223]	223	1
COV	[224-224]	224	3
COV	[225-225]	225	1
COV	[226-226]	226	1
COV	[229-229]	229	3
COV	[230-230]	230	1
COV	[232-232]	232	2
COV	[233-233]	233	2
COV	[235-235]	235	1
COV	[237-237]	237	1
COV	[238-238]	238	2
COV	[243-243]	243	2
COV	[244-244]	244	2
COV	[246-246]	246	4
COV	[247-247]	247	1
COV	[248-248]	248	1
COV	[249-249]	249	2
COV	[250-250]	250	1
COV	[251-251]	251	1
COV	[252-252]	252	1
COV	[254-254]	254	1
COV	[256-256]	256	2
COV	[257-257]	257	3
COV	[260-260]	260	3
COV	[261-261]	261	1
COV	[262-262]	262	1
COV	[263-263]	263	3
COV	[264-264]	264	2
COV	[265-265]	265	1
COV	[266-266]	266	2
COV	[267-267]	267	1
COV	[268-268]	268	2
COV	[269-269]	269	1
COV	[270-270]	270	3
COV	[271-271]	271	1
COV	[273-273]	273	1
COV	[275-275]	275	2
COV	[277-277]	277	1
COV	[279-279]	279	2
COV	[280-280]	280	1
COV	[281-281]	281	2
COV	[283-283]	283	3
COV	[284-284]	284	2
COV	[285-285]	285	2
COV	[286-286]	286	5
COV	[289-289]	289	3
COV	[293-293]	293	1
COV	[294-294]	294	4
COV	[298-298]	298	1
COV	[299-299]	299	1
COV	[300-300]	300	1
COV	[302-302]	302	1
COV	[303-303]	303	1
COV	[304-304]	304	1
COV	[305-305]	305	1
COV	[306-306]	306	2
COV	[308-308]	308	1
COV	[309-309]	309	1
COV	[310-310]	310	1
COV	[312-312]	312	3
COV	[313-313]	313	2
COV	[314-314]	314	1
COV	[315-315]	315	2
COV	[316-316]	316	3
COV	[317-317]	317	1
COV	[318-318]	318	1
COV	[319-319]	319	3
COV	[321-321]	321	3
COV	[322-322]	322	3
COV	[323-323]	323	3
COV	[324-324]	324	2
COV	[325-325]	325	1
COV	[326-326]	326	1
COV	[327-327]	327	1
COV	[328-328]	328	2
COV	[329-329]	329	1
COV	[330-330]	330	1
COV	[331-331]	331	2
COV	[333-333]	333	2
COV	[335-335]	335	3
COV	[336-336]	336	2
COV	[337-337]	337	2
COV	[338-338]	338	2
COV	[339-339]	339	2
COV	[340-340]	340	3
COV	[341-341]	341	3
COV	[342-342]	342	1
COV	[343-343]	343	2
COV	[345-345]	345	2
COV	[346-346]	346	3
COV	[347-347]	347	1
COV	[349-349]	349	1
COV	[351-351]	351	1
COV	[353-353]	353	2
COV	[354-354]	354	1
COV	[356-356]	356	1
COV	[357-357]	357	2
COV	[358-358]	358	1
COV	[359-359]	359	1
COV	[360-360]	360	2
COV	[361-361]	361	1
COV	[362-362]	362	2
COV	[364-364]	364	2
COV	[365-365]	365	5
COV	[367-367]	367	2
COV	[368-368]	368	1
COV	[369-369]	369	1
COV	[371-371]	371	1
COV	[377-377]	377	1
COV	[379-379]	379	1
COV	[380-380]	380	1
COV	[383-383]	383	1
COV	[384-384]	384	1
COV	[387-387]	387	1
COV	[390-390]	390	1
COV	[396-396]	396	1
COV	[399-399]	399	1
COV	[405-405]	405	1
COV	[413-413]	413	2
COV	[421-421]	421	1
COV	[425-425]	425	1
COV	[427-427]	427	1
COV	[429-429]	429	1
COV	[441-441]	441	1
COV	[442-442]	442	1
COV	[449-449]	449	2
COV	[453-453]	453	1
COV	[457-457]	457	1
COV	[467-467]	467	1
COV	[474-474]	474	1
COV	[475-475]	475	1
COV	[482-482]	482	1
COV	[484-484]	484	1
COV	[494-494]	494	2
COV	[497-497]	497	1
COV	[500-500]	500	1
COV	[502-502]	502	1
COV	[506-506]	506	1
COV	[508-508]	508	1
COV	[510-510]	510	1
COV	[513-513]	513	1
COV	[514-514]	514	1
COV	[520-520]	520	1
COV	[521-521]	521	1
COV	[526-526]	526	2
COV	[538-538]	538	1
COV	[540-540]	540	1
COV	[541-541]	541	2
COV	[542-542]	542	1
COV	[543-543]	543	1
COV	[546-546]	546	1
COV	[549-549]	549	1
COV	[550-550]	550	1
COV	[564-564]	564	2
COV	[565-565]	565	1
COV	[567-567]	567	1
COV	[577-577]	577	1
COV	[581-581]	581	1
COV	[591-591]	591	1
COV	[592-592]	592	1
COV	[593-593]	593	1
COV	[601-601]	601	1
COV	[604-604]	604	1
COV	[606-606]	606	1
COV	[611-611]	611	1
COV	[614-614]	614	1
COV	[615-615]	615	1
COV	[620-620]	620	1
COV	[625-625]	625	1
COV	[628-628]	628	1
COV	[639-639]	639	1
COV	[642-642]	642	2
COV	[647-647]	647	1
COV	[649-649]	649	1
COV	[650-650]	650	1
COV	[651-651]	651	1
COV	[653-653]	653	1
COV	[655-655]	655	1
COV	[659-659]	659	1
COV	[662-662]	662	1
COV	[666-666]	666	1
COV	[667-667]	667	1
COV	[673-673]	673	1
COV	[676-676]	676	2
COV	[682-682]	682	1
COV	[683-683]	683	1
COV	[688-688]	688	2
COV	[690-690]	690	1
COV	[692-692]	692	1
COV	[696-696]	696	1
COV	[697-697]	697	1
COV	[702-702]	702	1
COV	[704-704]	704	1
COV	[709-709]	709	2
COV	[710-710]	710	1
COV	[716-716]	716	1
COV	[720-720]	720	1
COV	[724-724]	724	1
COV	[729-729]	729	1
COV	[731-731]	731	1
COV	[733-733]	733	1
COV	[743-743]	743	1
COV	[745-745]	745	1
COV	[750-750]	750	1
COV	[752-752]	752	1
COV	[754-754]	754	1
COV	[757-757]	757	1
COV	[761-761]	761	1
COV	[764-764]	764	1
COV	[766-766]	766	1
COV	[769-769]	769	1
COV	[771-771]	771	1
COV	[772-772]	772	6
COV	[773-773]	773	2
COV	[774-774]	774	1
COV	[775-775]	775	2
COV	[776-776]	776	1
COV	[777-777]	777	1
COV	[778-778]	778	2
COV	[779-779]	779	1
COV	[784-784]	784	1
# GC-depth. Use `grep ^GCD | cut -f 2-` to extract this part. The columns are: GC%, unique sequence percentiles, 10th, 25th, 50th, 75th and 90th depth percentile
GCD	0.0	0.290	0.004	0.004	0.004	0.004	0.004
GCD	7.6	0.292	0.046	0.046	0.046	0.046	0.046
GCD	9.0	0.294	0.004	0.004	0.004	0.004	0.004
GCD	12.0	0.297	0.004	0.004	0.004	0.004	0.004
GCD	13.0	0.299	0.004	0.004	0.004	0.004	0.004
GCD	14.0	0.308	0.008	0.008	0.008	0.008	0.008
GCD	16.0	0.313	0.008	0.008	0.008	0.008	0.008
GCD	17.0	0.323	0.004	0.004	0.006	0.008	0.008
GCD	18.0	0.332	0.004	0.006	0.008	0.008	0.008
GCD	19.0	0.338	0.008	0.008	0.008	0.008	0.008
GCD	20.0	0.361	0.004	0.004	0.004	0.008	0.008
GCD	21.0	0.383	0.004	0.004	0.004	0.006	0.012
GCD	22.0	0.426	0.004	0.004	0.004	0.008	0.008
GCD	23.0	0.460	0.008	0.008	0.008	0.008	0.015
GCD	24.0	0.539	0.004	0.004	0.008	0.008	0.011
GCD	25.0	0.631	0.004	0.004	0.004	0.008	0.008
GCD	26.0	0.799	0.004	0.004	0.008	0.008	0.008
GCD	27.0	0.869	0.008	0.008	0.008	0.023	0.038
GCD	28.0	1.122	0.004	0.004	0.008	0.008	0.016
GCD	29.0	1.381	0.004	0.004	0.008	0.015	0.061
GCD	30.0	1.849	0.004	0.008	0.008	0.037	0.106
GCD	31.0	2.233	0.008	0.011	0.038	0.090	0.175
GCD	32.0	3.134	0.004	0.008	0.013	0.084	0.190
GCD	33.0	4.175	0.004	0.008	0.046	0.144	0.276
GCD	34.0	5.931	0.004	0.008	0.061	0.175	0.323
GCD	35.0	7.807	0.008	0.046	0.137	0.258	0.418
GCD	36.0	10.626	0.008	0.011	0.091	0.243	0.433
GCD	37.0	13.505	0.008	0.038	0.129	0.289	0.464
GCD	38.0	17.168	0.008	0.023	0.129	0.289	0.466
GCD	39.0	21.226	0.008	0.023	0.127	0.300	0.489
GCD	40.0	24.992	0.015	0.061	0.175	0.353	0.535
GCD	41.0	29.491	0.008	0.023	0.129	0.311	0.501
GCD	42.0	33.573	0.008	0.038	0.144	0.319	0.547
GCD	43.0	38.200	0.008	0.023	0.121	0.302	0.534
GCD	44.0	41.875	0.015	0.046	0.144	0.338	0.577
GCD	45.0	45.957	0.008	0.015	0.121	0.304	0.573
GCD	46.0	49.705	0.008	0.030	0.137	0.342	0.577
GCD	47.0	53.468	0.008	0.015	0.103	0.304	0.558
GCD	48.0	56.691	0.008	0.030	0.129	0.334	0.586
GCD	49.0	60.180	0.008	0.015	0.110	0.323	0.588
GCD	50.0	63.200	0.008	0.023	0.129	0.334	0.623
GCD	51.0	66.506	0.008	0.011	0.099	0.323	0.630
GCD	52.0	69.218	0.011	0.038	0.137	0.353	0.653
GCD	53.0	72.402	0.008	0.015	0.095	0.309	0.607
GCD	54.0	75.206	0.008	0.023	0.129	0.360	0.664
GCD	55.0	78.173	0.008	0.015	0.114	0.338	0.657
GCD	56.0	80.561	0.011	0.038	0.175	0.410	0.759
GCD	57.0	83.375	0.008	0.019	0.142	0.414	0.797
GCD	58.0	85.722	0.008	0.034	0.182	0.478	0.866
GCD	59.0	88.283	0.008	0.023	0.159	0.425	0.815
GCD	60.0	90.341	0.011	0.052	0.205	0.483	0.843
GCD	61.0	92.643	0.008	0.015	0.137	0.413	0.812
GCD	62.0	94.463	0.008	0.023	0.152	0.418	0.812
GCD	63.0	95.846	0.008	0.038	0.159	0.395	0.682
GCD	64.0	97.073	0.008	0.015	0.099	0.326	0.600
GCD	65.0	97.799	0.011	0.023	0.106	0.270	0.614
GCD	66.0	98.468	0.008	0.008	0.030	0.148	0.326
GCD	67.0	98.859	0.008	0.011	0.023	0.079	0.237
GCD	68.0	99.198	0.008	0.008	0.015	0.038	0.117
GCD	69.0	99.385	0.008	0.008	0.023	0.046	0.091
GCD	70.0	99.562	0.008	0.008	0.008	0.023	0.044
GCD	71.0	99.682	0.008	0.008	0.015	0.025	0.038
GCD	72.0	99.772	0.008	0.008	0.008	0.018	0.036
GCD	73.0	99.823	0.008	0.008	0.008	0.023	0.030
GCD	74.0	99.881	0.008	0.008	0.008	0.015	0.023
GCD	75.0	99.919	0.008	0.008	0.008	0.015	0.023
GCD	76.0	99.950	0.004	0.008	0.008	0.009	0.024
GCD	77.0	99.962	0.008	0.008	0.008	0.008	0.015
GCD	78.0	99.979	0.008	0.008	0.008	0.008	0.014
GCD	79.0	99.986	0.008	0.008	0.008	0.010	0.011
GCD	80.0	99.993	0.004	0.005	0.008	0.008	0.008
GCD	82.0	99.997	0.008	0.008	0.008	0.008	0.008
GCD	83.0	100.000	0.004	0.004	0.006	0.008	0.008
