# This file was produced by samtools stats (1.23+htslib-1.23) and can be plotted using plot-bamstats
# This file contains statistics for all reads.
# The command line was:  stats data/AFR/GWD/HG02813/aligned/HG02813.bam
# CHK, Checksum	[2]Read Names	[3]Sequences	[4]Qualities
# CHK, CRC32 of reads which passed filtering followed by addition (32bit overflow)
CHK	9958dc3d	10320948	631f154b
# Summary Numbers. Use `grep ^SN | cut -f 2-` to extract this part.
SN	raw total sequences:	229362	# excluding supplementary and secondary reads
SN	filtered sequences:	0
SN	sequences:	229362
SN	is sorted:	1	# sorted by coordinate
SN	1st fragments:	114681
SN	last fragments:	114681
SN	reads mapped:	229342
SN	reads mapped and paired:	229336	# paired-end technology bit set + both mates mapped
SN	reads unmapped:	20
SN	reads properly paired:	228002	# proper-pair bit set
SN	reads paired:	229362	# paired-end technology bit set
SN	reads duplicated:	0	# PCR or optical duplicate bit set
SN	reads MQ0:	19874	# mapped and MQ=0
SN	reads QC failed:	0
SN	non-primary alignments:	0
SN	supplementary alignments:	236
SN	total length:	22922950	# ignores clipping
SN	total first fragment length:	11461475	# ignores clipping
SN	total last fragment length:	11461475	# ignores clipping
SN	bases mapped:	22921080	# ignores clipping
SN	bases mapped (cigar):	22886539	# more accurate
SN	bases trimmed:	0
SN	bases duplicated:	0
SN	mismatches:	77445	# from NM fields
SN	error rate:	3.383867e-03	# mismatches / bases mapped (cigar)
SN	average length:	100
SN	average first fragment length:	100
SN	average last fragment length:	100
SN	maximum length:	100
SN	maximum first fragment length:	100
SN	maximum last fragment length:	100
SN	average quality:	34.9
SN	insert size average:	239.6
SN	insert size standard deviation:	81.4
SN	inward oriented pairs:	114134
SN	outward oriented pairs:	30
SN	pairs with other orientation:	23
SN	pairs on different chromosomes:	481
SN	percentage of properly paired reads (%):	99.4
# First Fragment Qualities. Use `grep ^FFQ | cut -f 2-` to extract this part.
# Columns correspond to qualities and rows to cycles. First column is the cycle number.
FFQ	1	0	0	132	0	0	0	0	0	0	0	122	0	0	0	0	0	257	0	0	1	0	0	80	401	0	287	1480	2198	881	0	7664	52075	0	6032	43071	0	0	0	0	0	0	0	0
FFQ	2	0	0	420	0	0	0	0	0	0	0	125	0	0	0	0	0	372	0	0	8	0	0	183	324	0	252	1131	2497	765	0	5980	44933	0	2830	54861	0	0	0	0	0	0	0	0
FFQ	3	0	0	0	0	0	0	0	0	0	0	76	0	0	0	0	0	638	0	0	26	0	0	183	247	0	310	1045	2596	894	0	5841	41765	0	2436	58624	0	0	0	0	0	0	0	0
FFQ	4	0	0	0	0	0	0	0	0	0	0	86	0	0	0	0	0	141	0	0	128	0	0	136	0	0	264	563	50	885	32	1527	55	2428	3549	0	29071	0	75766	0	0	0	0	0
FFQ	5	0	0	0	0	0	0	0	0	0	0	152	0	0	0	0	0	215	0	0	137	0	0	175	0	0	376	711	51	922	23	1691	36	2552	3954	0	29910	0	73776	0	0	0	0	0
FFQ	6	0	0	0	0	0	0	0	0	10	0	102	23	0	0	0	11	29	126	90	107	0	18	19	166	0	461	633	97	490	411	1649	194	2920	3839	1	27815	2318	73152	0	0	0	0	0
FFQ	7	0	0	0	0	0	1	1	0	23	0	191	76	0	0	0	20	52	178	139	156	0	38	30	258	0	585	861	139	496	603	2074	202	3103	3960	0	27862	2264	71369	0	0	0	0	0
FFQ	8	0	0	0	0	0	0	0	0	18	0	181	54	0	0	0	19	53	236	121	138	0	36	20	240	0	593	720	140	568	514	1985	225	3184	4106	0	27923	2467	71140	0	0	0	0	0
FFQ	9	0	0	0	0	0	0	2	0	93	0	552	206	0	0	1	27	134	409	329	316	2	57	41	511	1	1038	445	1266	685	890	2980	221	3663	3720	1641	10250	6	16603	9638	58954	0	0	0
FFQ	10	0	0	0	0	0	0	0	0	14	0	142	34	0	0	0	36	50	280	78	104	1	17	14	194	1	550	228	825	538	428	1859	225	3028	2857	2355	9764	8	17632	8038	65381	0	0	0
FFQ	11	0	0	0	0	0	0	0	0	13	0	130	59	0	0	0	27	51	224	97	102	1	25	17	187	2	517	263	955	242	472	1892	186	2711	2900	1838	9516	7	17315	8822	66110	0	0	0
FFQ	12	0	0	0	0	0	0	0	0	14	1	129	48	0	0	0	18	44	196	114	107	3	28	20	178	1	497	227	1039	109	460	1800	164	2511	2801	1633	9289	3	16949	8936	67362	0	0	0
FFQ	13	0	0	0	0	0	0	1	0	22	0	101	47	1	0	0	25	40	183	109	101	0	32	17	194	4	548	273	1044	72	501	1925	162	2637	2945	1481	9589	10	16704	9415	66498	0	0	0
FFQ	14	0	0	0	0	0	0	1	0	30	1	166	63	0	0	0	6	68	194	133	121	2	30	28	58	215	568	283	1148	90	536	861	1282	1877	3093	1891	1739	6062	4671	13848	8223	24958	42435	0
FFQ	15	0	0	0	0	0	0	2	0	22	0	162	43	4	0	0	6	64	217	136	142	3	32	17	69	169	546	283	1108	107	548	803	1254	1830	3035	1860	1818	6011	4723	14149	8647	24862	42009	0
FFQ	16	0	0	0	0	0	0	1	4	32	4	191	49	1	0	1	2	70	213	165	126	1	38	25	62	195	641	298	1237	100	589	899	1322	1959	3235	1944	1870	6210	4785	14308	8287	25020	40797	0
FFQ	17	0	0	0	0	0	0	0	2	24	2	159	39	1	1	1	7	65	192	139	116	3	33	16	59	202	550	264	1118	89	550	785	1305	1947	3062	1997	1795	6243	4960	14360	8780	25161	40654	0
FFQ	18	0	0	0	0	0	0	0	1	26	6	136	53	0	1	1	10	59	180	131	120	3	38	19	65	235	527	273	1083	93	547	882	1306	1863	3192	1858	1881	6105	4876	14634	8695	25455	40327	0
FFQ	19	0	0	0	0	0	2	2	2	31	4	156	35	1	0	1	7	69	24	323	135	3	41	20	78	232	554	287	1114	76	588	873	1368	1797	1872	3325	1855	5305	4899	12040	10459	26303	40800	0
FFQ	20	0	0	0	0	0	1	2	1	35	10	168	54	3	2	1	15	85	22	340	143	3	47	24	90	240	609	276	1164	103	607	953	1373	1932	1912	3305	1993	5499	4866	12114	10520	25892	40277	0
FFQ	21	0	0	0	0	0	1	0	3	36	13	176	57	5	1	3	24	79	27	336	139	5	40	35	90	284	568	319	1218	100	609	999	1330	1891	1933	3387	2051	5616	4927	12006	10931	25500	39942	0
FFQ	22	0	0	0	0	0	2	1	3	45	19	201	75	3	1	0	22	79	37	338	144	4	45	32	119	325	563	334	1195	121	636	1087	1419	1896	2087	3363	2115	5572	5107	12535	11087	25625	38444	0
FFQ	23	0	0	0	0	0	0	4	3	50	10	155	40	4	6	1	21	74	56	312	141	8	50	32	93	298	523	314	1064	110	587	1040	1378	1884	2000	3350	2022	5431	5304	12234	11713	25712	38657	0
FFQ	24	0	0	0	0	0	1	0	2	47	18	158	56	5	0	4	26	85	62	252	134	6	51	34	118	341	450	304	1003	109	568	1056	1303	1825	1896	3356	2112	5334	5298	12426	11277	24914	40050	0
FFQ	25	0	0	0	0	0	1	6	7	60	38	187	37	2	2	4	32	120	79	283	148	5	67	30	142	413	477	342	1187	137	640	1223	1527	1842	2093	3490	2313	5561	4953	12880	10702	24885	38766	0
FFQ	26	0	0	0	0	0	0	4	14	92	64	238	70	5	7	4	44	121	89	326	220	4	81	32	188	543	485	382	1272	126	712	1317	1513	1872	2151	3500	2460	5760	5381	13047	10822	24884	36851	0
FFQ	27	0	0	0	0	0	1	3	10	99	80	188	40	5	6	5	44	114	115	242	183	6	67	30	150	497	423	308	1103	116	595	1326	1362	1737	2031	3486	2499	5550	5274	13233	11371	25584	36798	0
FFQ	28	0	0	0	0	0	3	8	10	133	116	252	35	11	9	7	71	177	156	285	196	8	77	50	203	683	466	355	1259	146	650	1523	1651	1773	2162	3605	2711	5751	5237	13819	10498	25447	35138	0
FFQ	29	0	0	0	0	0	2	11	19	152	129	206	20	10	11	6	63	211	159	217	166	13	86	49	190	694	390	331	1127	154	679	1614	1517	1773	2204	3657	2807	5769	5350	13808	10645	25548	34894	0
FFQ	30	0	0	0	0	0	2	9	19	163	148	217	16	7	8	4	90	199	147	220	188	9	91	46	219	697	473	366	1028	152	649	1740	1594	1620	2290	3602	2959	5490	5501	13864	10523	25943	34388	0
FFQ	31	0	0	0	0	0	4	13	25	184	194	187	7	9	12	18	103	215	136	208	180	19	73	55	246	748	551	408	1112	169	739	1852	1662	1593	2437	3688	3190	5692	5459	14102	10125	25929	33337	0
FFQ	32	0	0	0	0	0	2	12	23	222	233	157	6	11	13	15	141	318	139	269	208	15	128	64	231	828	550	407	1073	179	759	2072	1728	1491	2674	3716	3452	5821	5682	14731	9866	25555	31884	0
FFQ	33	0	0	0	0	0	7	21	41	262	306	144	4	10	14	27	162	314	89	223	231	22	136	66	275	977	641	441	1051	233	822	2281	1786	1490	2750	3731	3804	5691	5803	15025	9813	25253	30723	0
FFQ	34	0	0	0	0	0	8	22	29	176	269	58	6	21	11	22	109	246	64	201	190	27	123	75	245	763	659	418	912	233	682	2314	1666	1286	2590	3680	3887	5638	5867	15510	10007	26007	30642	0
FFQ	35	0	0	0	0	0	7	29	59	275	418	62	4	17	22	38	164	255	57	258	242	35	155	100	249	990	678	487	1067	287	873	2423	1922	1334	2997	3822	4169	5588	5683	15826	9166	25391	29513	0
FFQ	36	0	0	0	0	0	3	32	72	306	499	36	5	20	33	31	214	344	51	316	276	30	176	108	303	1086	756	564	1064	270	890	2739	1965	1365	3304	3871	4427	5374	5951	16195	8938	25154	27890	0
FFQ	37	0	0	0	0	0	9	29	46	202	378	17	7	18	21	21	184	307	30	224	205	42	125	124	286	905	774	486	905	266	775	2711	1779	1254	3179	3645	4656	5099	6239	16161	9565	25535	28446	0
FFQ	38	0	0	1	0	0	6	33	45	198	357	8	10	28	28	32	233	260	36	214	243	47	172	112	308	860	674	516	940	299	806	2603	1925	1226	3294	3552	4893	5092	6019	16100	9186	25784	28511	0
FFQ	39	0	0	1	0	0	7	45	67	261	389	6	9	30	38	55	232	271	36	246	252	49	173	123	312	842	652	505	949	313	868	2632	2017	1327	3428	3544	5217	4938	6125	15812	9351	25731	27797	0
FFQ	40	0	0	1	0	0	11	40	98	283	473	4	10	33	39	40	270	231	54	297	288	61	199	148	388	1146	604	615	1060	412	993	2649	2089	1457	3605	3631	5310	4934	6098	15853	9468	25150	26604	0
FFQ	41	0	0	1	0	0	13	49	125	318	487	5	12	37	62	56	310	226	55	290	284	65	214	188	439	1140	666	658	1046	436	961	2743	2192	1428	3906	3619	5489	4868	6217	16175	9392	24805	25668	0
FFQ	42	0	0	1	0	0	15	43	103	240	386	9	13	45	69	70	285	186	58	240	248	78	176	163	454	1051	572	660	956	503	923	2618	2137	1418	3911	3546	5857	4874	6349	15960	9879	24935	25612	0
FFQ	43	0	0	16	0	0	12	84	144	337	513	9	11	55	64	86	365	164	65	313	275	77	229	202	526	1184	528	745	1055	533	1098	2574	2305	1564	4169	3616	5900	4983	6293	15750	9503	24763	24532	0
FFQ	44	0	0	1	0	0	11	64	158	318	474	6	14	54	74	91	354	162	74	307	270	107	251	195	523	1181	499	778	1063	629	1051	2637	2308	1558	4408	3755	6026	5018	6354	16264	9587	24396	23619	0
FFQ	45	0	0	1	0	0	16	64	142	259	383	11	18	44	81	87	335	122	63	283	258	164	172	207	527	1073	482	832	973	661	966	2556	2301	1649	4393	3620	5967	5039	6736	16231	9800	24659	23461	0
FFQ	46	0	0	1	0	0	11	80	152	223	306	10	14	40	102	73	340	76	71	224	220	160	159	247	575	977	423	777	947	719	885	2536	2137	1562	4392	3519	5851	4716	6634	15426	10271	24427	25352	0
FFQ	47	0	0	2	0	0	16	63	143	220	348	13	19	48	94	95	308	76	75	213	246	163	169	243	601	943	376	799	893	767	976	2423	2203	1716	4485	3506	5878	4982	6646	15303	10076	24162	25346	0
FFQ	48	0	0	1	0	0	17	58	152	262	319	17	17	53	128	114	267	55	96	242	242	164	185	255	635	1035	316	912	871	844	1000	2295	2285	1703	4379	3624	6092	5040	6662	15252	9727	24163	25154	0
FFQ	49	0	0	1	0	0	10	82	189	287	323	11	25	72	120	144	297	68	90	247	292	221	184	289	652	1129	297	931	980	956	1136	2219	2577	1873	4500	3917	5966	5165	6740	13681	11182	23219	24560	0
FFQ	50	0	0	1	0	0	21	79	251	295	302	23	28	83	142	128	272	42	111	290	264	223	202	323	675	1076	266	1003	985	1078	1104	2347	2554	1905	4504	4038	5925	5411	6895	13568	11216	22824	24176	0
FFQ	51	0	0	1	0	0	15	78	218	251	299	14	37	70	195	125	263	42	108	277	248	227	197	348	727	1032	225	1040	977	1202	1106	2267	2518	1904	4614	4137	6021	5453	6922	13369	11341	22814	23947	0
FFQ	52	0	0	1	0	0	18	101	230	283	274	15	25	80	154	134	230	53	111	279	247	259	194	379	713	991	203	1102	948	1269	1145	2159	2686	1955	4519	4482	6055	5608	7113	13396	11340	22618	23258	0
FFQ	53	0	0	1	0	0	17	63	165	244	165	15	29	62	185	152	187	50	80	246	223	283	195	436	751	859	179	1044	830	1254	1013	2057	2508	1943	4275	4310	6203	5332	7316	12388	12106	22052	25408	0
FFQ	54	0	0	3	0	0	15	82	216	260	197	17	41	55	172	135	183	42	91	237	227	265	175	382	772	845	146	1020	815	1367	1037	1828	2556	1911	4097	4588	6443	5565	7292	11986	11480	21940	26139	0
FFQ	55	0	0	0	0	0	13	75	209	245	147	10	30	71	160	154	145	53	89	270	224	258	178	405	692	539	384	1073	821	1357	1168	1849	2490	1971	4108	4866	6721	5669	6910	12099	11600	21163	26404	0
FFQ	56	0	0	0	0	0	10	61	207	230	111	10	36	72	171	146	117	37	95	285	209	262	180	366	722	498	348	1082	709	1428	1128	1627	2642	1984	3936	5076	7002	5900	7273	11827	11492	20944	26394	0
FFQ	57	0	0	0	0	0	25	82	247	312	126	20	36	59	184	138	100	48	96	275	221	312	241	432	754	451	395	1179	777	1490	1200	1681	2782	2091	4005	5275	7186	6110	7025	11490	11305	20434	26031	0
FFQ	58	0	0	0	0	0	16	74	214	258	109	27	47	64	195	126	100	35	102	286	183	329	206	464	768	420	404	1248	718	1523	1269	1640	2837	2290	3979	5593	7511	6235	7284	11521	11144	19822	25572	0
FFQ	59	0	0	0	0	0	28	124	470	574	197	29	55	92	273	159	100	68	164	492	317	341	272	661	826	504	596	1668	981	1742	1546	1674	3350	2508	4211	5992	7767	6796	7063	11170	10491	18467	22843	0
FFQ	60	0	0	0	0	0	27	76	221	314	70	29	58	79	249	144	81	41	115	322	198	389	206	587	763	391	403	1513	718	1939	1335	1786	3252	2423	4115	6254	8040	6553	7783	10843	11940	18184	23168	0
FFQ	61	0	0	18	0	0	38	79	246	293	64	23	47	59	245	113	63	47	86	337	184	324	248	623	647	326	457	1515	680	1790	1311	1611	3158	2609	4004	6545	8489	6917	7741	10694	11995	18051	22931	0
FFQ	62	0	0	32	0	0	25	81	269	353	47	24	45	62	222	101	85	46	104	343	179	366	230	614	666	342	455	1583	737	1789	1559	1668	3298	2649	4038	6799	9187	7202	7618	10327	11781	17360	22321	0
FFQ	63	0	0	60	0	0	37	80	320	389	52	24	54	76	272	110	73	33	142	433	194	401	218	675	674	337	510	1732	788	1883	1646	1702	3517	2881	4067	7044	9521	7474	7876	10152	11786	16298	21073	0
FFQ	64	0	0	91	0	0	29	73	339	383	25	29	72	54	249	82	84	47	117	457	194	420	250	753	712	321	488	1846	732	1916	1618	1829	3588	2942	4064	7453	10050	7894	8047	9584	11938	15781	20049	0
FFQ	65	0	0	129	0	0	46	72	273	344	18	37	58	74	266	87	78	54	117	334	220	400	240	679	657	279	524	1747	612	1885	1830	1849	3515	2960	4250	7743	10615	7917	8372	9367	12405	15261	19284	0
FFQ	66	0	0	224	0	0	36	75	317	362	4	32	75	64	268	72	78	50	120	425	251	435	233	694	655	296	576	1948	613	1846	1906	1993	3597	3030	4314	8032	11230	8305	8623	9121	12190	14416	18090	0
FFQ	67	0	0	237	0	0	37	73	277	338	3	44	94	99	214	63	72	50	128	388	251	421	229	761	626	301	514	1922	607	1801	1996	1927	3663	3296	4288	8555	12154	8408	8689	8611	12560	13670	17228	0
FFQ	68	0	0	280	0	0	37	74	367	340	5	42	66	74	239	65	61	55	145	409	209	443	251	778	595	339	613	2043	614	1807	2043	2178	3915	3380	4451	8885	12919	8707	8938	8096	12380	12716	16034	0
FFQ	69	0	0	349	0	0	42	75	397	392	2	43	111	89	284	83	82	59	161	470	250	538	244	773	624	380	716	2133	682	1919	2258	2286	4048	3614	4620	9380	13364	9324	8857	7795	12117	11664	14365	0
FFQ	70	0	0	422	0	0	45	70	372	336	0	60	106	89	229	64	80	56	138	445	201	536	274	690	526	516	660	2081	625	1694	2285	2294	3978	3648	4797	9765	14240	9466	9258	7126	12952	10808	13655	0
FFQ	71	0	0	511	0	0	54	64	452	352	0	66	100	79	267	69	93	60	165	503	235	576	293	699	474	557	748	2295	657	1734	2393	2423	4221	3839	4999	10047	14916	9643	9552	6886	12388	9923	12252	0
FFQ	72	0	0	598	0	0	49	65	436	363	0	71	91	81	272	58	99	54	170	508	226	568	271	678	463	588	773	2300	706	1565	2626	2569	4121	3931	5054	10390	15996	10174	9814	6187	12561	8940	11168	0
FFQ	73	0	0	700	0	0	61	56	450	354	1	70	119	71	284	56	84	73	156	532	219	613	312	708	473	621	834	2357	718	1522	2667	2627	4225	3819	5320	10818	17052	10290	10074	5673	12453	8107	10015	0
FFQ	74	0	0	787	0	0	71	79	528	323	0	90	103	91	243	58	116	79	167	524	238	638	334	708	511	606	816	2534	752	1522	2957	2871	4284	4025	5438	11260	17846	10464	10293	5239	12216	6982	8791	0
FFQ	75	0	0	868	0	0	62	80	554	324	0	85	118	101	268	65	123	88	199	602	219	671	312	667	489	698	875	2191	1043	1465	2917	2929	4404	4306	5715	11903	18670	10759	10413	4717	11964	6197	7520	0
FFQ	76	0	0	960	0	0	67	62	465	241	0	103	146	117	347	56	162	55	198	510	262	1033	410	880	642	959	1133	3185	1439	2295	4068	4958	6732	6642	6783	16000	13647	11242	6762	4107	11892	4045	1972	0
FFQ	77	0	0	1024	0	0	56	56	467	274	0	102	137	92	242	47	119	66	201	536	238	872	331	645	556	823	1051	2483	1209	1495	3471	3895	5395	5713	7090	15455	16804	11812	8477	3631	12501	4784	2426	0
FFQ	78	0	0	1089	0	0	89	64	479	211	0	76	135	85	177	46	140	57	166	531	188	767	288	556	535	755	968	2196	1230	1255	3399	3484	4840	5172	6736	14897	19955	11724	10125	3242	11412	4184	3321	0
FFQ	79	0	0	1178	0	0	84	57	494	209	0	77	122	86	203	35	137	59	215	538	218	782	310	530	519	769	948	2207	1200	1148	3294	3166	4586	4695	6489	14158	22864	11740	11166	2723	10766	3153	3648	0
FFQ	80	0	0	1274	0	0	77	64	534	166	0	106	124	96	169	38	136	38	215	499	234	802	293	466	515	758	1021	2152	1182	986	3298	3128	4588	4555	6643	14166	24838	11786	11532	2299	9969	2562	3264	0
FFQ	81	0	0	1380	0	0	76	36	492	150	0	105	138	74	131	28	159	51	198	526	220	752	262	417	493	750	1069	2002	1206	860	3339	3084	4673	4576	6726	14602	26247	12155	11629	1949	9445	1936	2636	0
FFQ	82	0	0	1496	0	0	69	57	602	171	0	104	114	96	143	41	156	56	186	621	239	782	271	370	566	745	1202	2060	1274	806	3501	3210	4570	4760	6912	15266	27286	11942	11352	1732	8439	1387	1987	0
FFQ	83	0	0	1623	0	0	73	56	544	150	0	146	138	94	146	30	166	66	225	530	267	866	273	372	535	856	1223	1986	1339	761	3525	3234	4624	4821	7036	15531	28641	12169	10998	1426	7613	1053	1433	0
FFQ	84	0	0	1759	0	0	95	39	523	116	0	119	115	101	101	34	151	74	220	580	263	875	261	312	582	816	1236	1922	1363	650	3707	3141	4654	4876	7068	16031	30213	12282	10748	1112	6682	725	1021	0
FFQ	85	0	0	1911	0	0	97	45	666	163	0	132	118	110	107	33	189	75	249	659	337	895	249	276	636	907	1378	1894	1460	597	3792	3181	4832	4920	7222	16718	31014	12105	10074	879	5506	451	690	0
FFQ	86	0	0	2088	0	0	95	45	598	129	0	157	131	100	103	31	205	66	227	622	288	941	272	253	653	914	1458	1953	1509	642	3907	3262	4877	5109	7297	17407	31998	11776	9533	648	4521	302	444	0
FFQ	87	0	0	2262	0	0	85	26	580	96	0	143	120	114	74	34	181	63	224	613	341	965	251	222	644	932	1431	1792	1511	588	3937	3259	5020	5247	7267	17762	33271	11854	9052	489	3662	168	275	0
FFQ	88	0	0	2455	0	0	81	30	544	91	0	149	100	104	69	24	186	66	229	557	332	955	181	196	628	962	1483	1694	1562	502	3851	3186	4885	5196	7381	18287	35082	11633	8327	325	2947	100	173	0
FFQ	89	0	0	2687	0	0	97	23	621	74	0	150	129	126	75	19	196	65	220	654	348	894	198	165	697	939	1592	1603	1591	467	4105	3178	5096	5151	7492	18553	35926	11411	7440	243	2176	61	83	0
FFQ	90	0	0	2914	0	0	91	14	562	77	0	157	107	106	51	21	201	67	234	689	372	1014	190	143	622	1016	1655	1557	1711	481	4089	3164	5144	5365	7511	19134	36967	10874	6449	178	1546	24	39	0
FFQ	91	0	0	3213	0	0	97	33	686	58	0	183	93	110	50	28	215	81	235	729	375	1003	179	160	680	1036	1816	1500	1766	365	4256	3228	5198	5515	7740	19482	37312	10328	5592	111	1036	16	19	0
FFQ	92	0	0	3509	0	0	87	25	605	46	0	213	109	106	45	17	181	73	258	629	448	936	156	116	714	1007	1807	1365	1737	374	4150	3232	5283	5522	7807	19970	38387	10070	4757	84	674	7	9	0
FFQ	93	0	0	3916	0	0	98	22	616	75	0	168	99	121	27	15	209	79	251	667	439	950	144	115	751	1066	1981	1312	1890	361	4230	3271	5167	5591	7848	20088	39026	9599	3836	38	430	7	2	0
FFQ	94	0	0	4421	0	0	125	27	843	67	0	223	123	114	45	27	238	115	315	858	505	1119	153	126	792	1133	2219	1358	2010	362	4675	3351	5549	5894	7611	20487	37830	8573	2913	27	252	1	3	0
FFQ	95	0	0	4876	0	0	103	17	589	52	0	205	107	38	82	8	209	66	274	665	449	1050	101	81	795	1144	2133	1230	1957	298	4495	3355	5434	5919	7882	20837	39090	8385	2378	19	143	1	0	0
FFQ	96	0	0	5447	0	0	74	15	611	41	0	165	85	34	89	15	224	66	294	743	528	1028	75	92	835	1111	2270	1108	2071	324	4585	3408	5468	5965	7647	21332	39139	7669	1801	10	76	1	0	0
FFQ	97	0	0	6145	0	0	80	14	538	44	0	171	96	36	65	12	213	85	263	701	510	984	79	90	826	1171	2206	1042	2063	253	4537	3379	5529	6033	7785	20972	39733	7401	1326	6	40	0	0	0
FFQ	98	0	0	6957	0	0	32	6	236	25	1	97	42	21	41	5	184	79	208	561	451	782	45	57	760	1094	2180	784	1928	233	4230	3462	5464	5934	7909	21492	41154	6879	1056	4	15	0	0	0
FFQ	99	0	0	7978	0	0	10	1	113	14	0	42	23	3	12	3	127	73	204	593	435	722	34	56	713	1026	2042	775	1913	177	4275	3394	5387	5914	8028	20982	41906	6565	837	1	5	0	0	0
FFQ	100	0	0	9068	0	0	0	0	0	0	0	0	0	0	0	1	162	93	212	641	421	689	33	58	703	992	2078	665	1939	177	4138	3242	5405	6049	8068	21553	41418	5885	659	1	1	0	0	0
# Last Fragment Qualities. Use `grep ^LFQ | cut -f 2-` to extract this part.
# Columns correspond to qualities and rows to cycles. First column is the cycle number.
LFQ	1	0	0	106	0	0	0	0	0	0	0	490	0	0	0	0	0	618	0	0	0	0	0	118	801	0	576	1962	2835	1479	0	7961	47091	0	13572	37072	0	0	0	0	0	0	0	0
LFQ	2	0	0	0	0	0	0	0	0	0	0	663	0	0	0	0	0	1011	0	0	3	0	0	287	812	0	679	2176	3635	1400	0	6636	42895	0	8046	46438	0	0	0	0	0	0	0	0
LFQ	3	0	0	0	0	0	0	0	0	0	0	476	0	0	0	0	0	796	0	0	0	0	0	266	629	0	812	1770	3044	1675	0	6486	40676	0	7783	50268	0	0	0	0	0	0	0	0
LFQ	4	0	0	0	0	0	0	0	0	0	0	650	0	0	0	0	0	428	0	0	444	0	0	239	0	0	655	985	67	1398	0	2324	61	3095	4759	0	28799	0	70777	0	0	0	0	0
LFQ	5	0	0	0	0	0	0	0	0	0	0	518	0	0	0	0	0	349	0	0	431	0	0	217	0	0	611	847	45	1356	0	2148	58	3008	4872	0	28745	0	71476	0	0	0	0	0
LFQ	6	0	0	0	0	0	0	0	0	60	0	397	137	0	0	0	38	71	342	159	153	0	28	25	285	0	760	887	136	804	584	2278	283	3612	4446	0	25551	2994	70651	0	0	0	0	0
LFQ	7	0	0	0	0	0	0	0	0	38	0	325	104	0	0	0	29	63	345	151	134	0	20	24	222	0	701	767	160	754	458	2168	263	3339	4572	0	25884	3013	71147	0	0	0	0	0
LFQ	8	0	0	0	0	0	0	0	0	53	0	384	119	0	0	1	36	84	381	183	162	0	34	19	301	1	717	902	187	700	560	2205	279	3582	4439	0	25762	2947	70643	0	0	0	0	0
LFQ	9	0	0	0	0	0	0	0	0	56	0	328	116	0	0	1	41	81	349	151	170	1	25	24	242	1	671	278	870	677	550	2186	205	3021	3170	1805	9458	0	16883	9536	63785	0	0	0
LFQ	10	0	0	0	0	0	0	0	1	52	0	358	137	0	1	0	45	69	376	170	154	0	44	19	296	2	715	310	1067	483	598	2207	218	3191	3217	1829	9750	0	16948	9806	62618	0	0	0
LFQ	11	0	0	0	0	0	0	1	1	74	0	375	137	1	0	0	43	85	405	143	158	0	33	28	303	5	754	324	1294	303	601	2206	220	3149	3142	1844	9689	0	16775	9498	63090	0	0	0
LFQ	12	0	0	0	0	0	2	0	1	52	1	361	110	2	0	0	48	70	385	174	162	0	30	20	274	3	726	288	1434	140	572	2209	170	3168	3199	1893	9529	1	16913	9459	63285	0	0	0
LFQ	13	0	0	0	0	0	0	2	1	81	4	685	200	0	1	0	58	114	450	278	297	0	38	57	465	5	972	428	1793	132	822	2935	218	3497	3673	1926	10341	3	16876	10121	58208	0	0	0
LFQ	14	0	0	0	0	0	0	1	0	94	4	609	202	1	0	0	7	130	564	260	270	1	41	33	86	287	885	389	1876	139	724	1166	1652	2598	3679	2546	1896	6304	5071	15157	8940	22411	36658	0
LFQ	15	0	0	0	0	0	0	1	2	59	5	397	117	2	0	1	8	103	495	178	160	3	35	26	72	205	747	337	1595	86	554	946	1452	2480	3324	2640	1803	6253	5379	15283	9731	23130	37072	0
LFQ	16	0	0	3	0	0	0	1	2	81	5	507	196	0	1	2	12	160	446	238	238	4	54	32	92	323	899	403	1700	125	737	1065	1630	2524	3606	2439	1984	6416	5094	15605	8988	23635	35434	0
LFQ	17	0	0	0	0	0	3	2	0	67	9	393	133	3	0	1	16	116	448	189	189	2	39	20	96	275	758	318	1619	117	682	1071	1543	2460	3384	2536	1928	6286	5270	15458	9661	23376	36213	0
LFQ	18	0	0	0	0	0	0	4	0	86	12	560	192	3	4	2	14	139	481	238	232	1	54	36	120	356	852	389	1714	103	748	1104	1697	2438	3720	2401	2077	6389	5002	15576	9210	23469	35258	0
LFQ	19	0	0	0	0	0	1	4	3	97	19	504	192	2	2	2	20	129	31	707	244	7	42	40	122	406	940	372	1786	121	721	1188	1735	2472	2287	3935	2072	5686	4973	12904	11190	23857	35868	0
LFQ	20	0	0	0	0	0	3	6	5	130	25	504	208	4	1	3	28	145	58	719	222	2	74	40	148	371	861	409	1763	138	733	1288	1682	2619	2293	4077	2138	5770	5154	13052	11397	24055	34556	0
LFQ	21	0	0	28	0	0	3	3	7	110	31	506	145	5	2	4	37	139	76	639	207	7	65	51	144	397	799	429	1731	141	765	1278	1581	2443	2258	4029	2146	5810	5143	13207	11744	24301	34270	0
LFQ	22	0	0	56	0	0	2	4	7	122	47	459	134	3	1	3	38	152	79	582	241	6	51	39	149	382	725	394	1544	142	674	1281	1533	2498	2163	4038	2192	5796	5168	13441	12221	24197	34117	0
LFQ	23	0	0	13	0	0	1	4	7	94	43	398	110	4	5	3	40	147	112	561	213	9	48	43	169	434	691	370	1522	136	704	1317	1542	2307	2196	3866	2293	5647	5208	13657	12529	24440	33798	0
LFQ	24	0	0	0	0	0	1	6	8	134	66	437	104	5	1	7	54	185	124	465	227	13	75	52	197	510	685	406	1578	159	669	1388	1562	2285	2210	3847	2360	5797	5298	13947	11763	22753	35303	0
LFQ	25	0	0	0	0	0	6	9	14	148	68	385	100	5	5	6	57	162	172	441	217	8	81	50	210	532	681	415	1555	151	738	1471	1626	2182	2335	4057	2488	5827	5199	14139	11629	23004	34508	0
LFQ	26	0	0	0	0	0	1	10	15	183	138	490	110	9	2	4	84	220	159	518	315	9	94	49	216	743	683	459	1677	170	879	1677	1902	2259	2532	4238	2669	5884	5366	14379	11191	22954	32393	0
LFQ	27	0	0	0	0	0	5	12	8	198	145	424	67	8	5	6	87	213	190	430	267	22	91	44	245	722	661	405	1507	165	782	1757	1785	2243	2587	4178	2731	6023	5631	14159	11673	23281	31924	0
LFQ	28	0	0	10	0	0	6	15	22	239	201	453	65	13	4	19	100	265	237	373	328	12	124	75	219	962	706	472	1629	190	898	2014	1891	2182	2580	4311	2845	6099	5471	14814	11392	23441	30004	0
LFQ	29	0	0	0	0	0	12	12	48	349	355	565	45	14	12	16	115	378	302	479	382	19	168	80	347	1168	692	583	1816	211	1008	2241	2118	2198	3009	4449	3061	6376	5691	14966	10804	22939	27653	0
LFQ	30	0	0	0	0	0	2	22	46	285	305	398	29	15	16	26	155	388	271	361	284	9	114	87	284	1065	790	499	1584	205	865	2424	1998	2018	2834	4519	3215	6172	6084	15282	11631	23120	27279	0
LFQ	31	0	0	0	0	0	11	26	40	396	464	413	15	14	21	18	178	463	253	393	327	22	161	93	322	1255	796	574	1631	233	951	2713	2118	1924	3058	4378	3520	6205	5802	15822	11001	23178	25892	0
LFQ	32	0	0	0	0	0	4	30	45	315	378	214	9	12	17	20	185	418	144	280	248	28	154	93	318	1044	887	531	1351	219	835	2751	1968	1782	2996	4482	3652	6044	6226	15937	11133	23884	26041	0
LFQ	33	0	0	0	0	0	9	36	56	377	596	231	8	19	17	31	227	404	125	351	314	33	181	106	341	1227	851	582	1287	279	987	2696	2225	1688	3258	4361	3905	5964	6061	16656	10490	23633	25057	0
LFQ	34	0	0	0	0	0	11	34	79	467	775	170	6	19	33	36	246	513	121	393	334	29	192	117	358	1357	957	600	1354	297	1057	3084	2271	1678	3389	4292	4061	6129	6158	16926	9837	23191	24092	0
LFQ	35	0	0	0	0	0	14	45	74	461	729	109	3	26	34	46	337	506	88	379	362	50	206	126	398	1349	1093	630	1360	358	991	3419	2267	1574	3478	4436	4413	5882	6144	17128	9950	22910	23287	0
LFQ	36	0	0	0	0	0	17	64	144	589	1083	78	9	39	35	58	369	610	87	498	497	47	266	171	433	1653	1119	733	1527	353	1260	3649	2583	1651	3815	4378	4723	5775	6031	17251	9153	22303	21607	0
LFQ	37	0	0	2	0	0	14	71	171	623	1178	36	11	43	59	74	487	624	75	550	447	62	269	172	523	1605	1183	786	1411	423	1116	3843	2587	1622	4042	4507	5074	5610	6333	17404	9327	21814	20477	0
LFQ	38	0	0	2	0	0	18	106	172	684	1304	22	9	55	67	87	563	645	85	468	482	83	323	190	566	1788	1241	823	1493	469	1237	3972	2713	1510	4272	4479	5351	5559	6381	17220	9172	21466	19574	0
LFQ	39	0	0	2	0	0	14	80	213	625	1096	6	12	56	79	91	565	605	98	497	488	96	286	213	598	1660	1254	852	1407	506	1120	4055	2669	1533	4336	4408	5819	5363	6632	16716	10010	21183	19407	0
LFQ	40	0	0	2	0	0	21	100	210	577	1002	14	16	56	98	89	559	503	84	450	441	102	311	255	583	1613	1193	887	1384	578	1151	3929	2635	1641	4674	4289	5710	5278	6691	17057	10095	21405	18963	0
LFQ	41	0	0	1	0	0	12	98	209	563	1000	12	21	90	119	121	598	421	105	425	428	111	338	270	672	1633	1063	932	1343	650	1101	4012	2598	1747	4759	3991	5969	4928	6620	16736	10255	20804	19890	0
LFQ	42	0	0	1	0	0	22	125	223	532	844	16	27	75	126	127	613	329	99	442	403	145	340	280	678	1653	1022	1006	1289	756	1168	3936	2709	1628	4909	4007	6013	4661	6930	16649	10186	21226	19448	0
LFQ	43	0	0	1	0	0	30	109	245	495	776	9	17	83	150	112	617	250	115	418	410	153	302	272	725	1602	894	941	1255	784	1142	3778	2698	1663	4924	3883	5975	4822	6987	16760	10406	21253	19586	0
LFQ	44	0	0	3	0	0	18	126	261	502	806	15	19	97	146	151	593	250	105	492	410	162	310	327	774	1586	747	1021	1331	891	1179	3526	2764	1801	4983	3886	5958	4833	6828	16600	10170	21577	19391	0
LFQ	45	0	0	2	0	0	33	147	317	664	1031	15	35	123	193	152	675	238	141	548	524	254	342	386	874	1722	775	1141	1496	973	1358	3602	2971	1887	5353	3990	6044	5124	6720	16426	9287	20495	18578	0
LFQ	46	0	0	3	0	0	27	163	317	556	762	10	38	110	191	186	660	150	137	445	436	258	329	395	902	1649	706	1161	1330	1161	1225	3576	2932	1849	5507	3977	6166	5079	6995	16380	9948	20617	18302	0
LFQ	47	0	0	4	0	0	27	151	311	494	709	14	31	95	213	188	556	107	131	426	418	297	339	423	975	1609	556	1167	1226	1125	1336	3339	2910	1872	5377	4201	6039	5214	7088	16659	10080	20724	18204	0
LFQ	48	0	0	4	0	0	29	116	292	419	609	24	37	102	235	199	531	102	137	337	377	280	314	437	963	1396	486	1188	1101	1322	1117	3258	2830	1884	5224	3749	5882	4718	7010	15678	11099	20913	20234	0
LFQ	49	0	0	4	0	0	32	165	382	585	717	12	53	113	226	200	546	108	143	486	449	287	291	422	922	1630	421	1331	1286	1325	1347	3016	2953	2032	5195	4106	5686	5138	6546	13967	11320	20527	20663	0
LFQ	50	0	0	6	0	0	23	162	379	582	676	21	57	123	268	215	534	99	189	434	392	317	305	507	1009	1628	372	1316	1254	1467	1206	2975	2936	2053	5115	4111	5693	5210	6689	13585	11246	20155	21321	0
LFQ	51	0	0	6	0	0	20	139	359	467	525	20	58	108	312	294	537	82	129	373	318	388	315	613	1145	1650	397	1424	1140	2013	1196	3731	3283	2147	6425	4575	6296	5304	9803	15148	16012	17851	10026	0
LFQ	52	0	0	5	0	0	32	175	499	654	694	25	57	140	356	260	445	112	167	426	419	414	325	559	1151	1486	277	1522	1213	1894	1360	3090	3320	2289	5510	4710	5863	5410	7659	14486	14971	20302	12350	0
LFQ	53	0	0	163	0	0	25	131	382	534	425	29	59	123	345	255	340	61	127	388	340	385	327	600	1096	1368	236	1514	1149	1891	1301	2713	3060	2212	5100	4717	5874	5405	7378	13609	13402	20668	16894	0
LFQ	54	0	0	380	0	0	33	95	266	395	288	20	56	92	288	171	259	58	128	347	265	377	290	564	1026	1018	214	1359	951	1831	1234	2310	3022	2133	4804	4897	5846	5388	7168	13003	12657	20577	20812	0
LFQ	55	0	0	4	0	0	28	128	386	504	312	34	75	258	279	215	329	75	166	404	353	378	318	584	960	737	490	1496	1017	1792	1397	2160	3203	2397	4523	5015	5920	5791	6658	12814	11559	19589	22272	0
LFQ	56	0	0	4	0	0	32	170	475	679	345	29	73	209	383	243	253	81	176	520	344	435	347	725	1207	762	579	1635	1074	1924	1537	2210	3310	2471	4419	5445	5892	6006	6466	12363	10886	18852	22056	0
LFQ	57	0	0	3	0	0	42	150	412	536	209	27	59	127	355	279	190	68	148	468	301	496	350	715	1118	676	534	1729	999	2125	1497	2177	3531	2456	4538	5728	6184	6042	6802	11940	11080	18550	21974	0
LFQ	58	0	0	2	0	0	46	194	417	648	205	31	83	146	419	234	159	97	180	500	333	478	322	760	1078	621	616	1855	986	2201	1624	2065	3609	2593	4342	6007	6496	6351	6723	11882	10833	17954	21523	0
LFQ	59	0	0	2	0	0	48	150	461	674	159	29	100	124	387	227	130	85	151	515	294	494	328	791	1080	576	584	1987	998	2356	1685	2096	3563	2670	4384	6176	6521	6368	6902	12001	10998	17268	21249	0
LFQ	60	0	0	2	0	0	45	181	532	724	159	40	100	104	451	206	145	97	167	609	337	511	371	960	1075	576	598	2086	1083	2475	1761	2009	3854	2902	4283	6544	6927	6649	6797	11469	10666	16909	20205	0
LFQ	61	0	0	30	0	0	66	256	741	1107	206	55	118	128	551	258	154	124	242	806	387	563	426	1089	1220	591	798	2454	1083	2569	2033	2105	4105	3143	4386	6917	6847	6792	6729	11317	10118	15690	18404	0
LFQ	62	0	0	88	0	0	55	181	472	671	68	60	125	114	564	222	119	63	185	600	252	666	401	1091	1121	547	606	2337	972	2837	1897	2205	4093	3089	4178	7242	7277	6848	7131	10954	11288	15490	18498	0
LFQ	63	0	0	181	0	0	58	212	636	841	92	56	123	131	485	199	131	82	209	685	316	599	400	1138	1003	509	681	2555	950	2722	2162	2197	4247	3267	4221	7485	7551	7206	6930	10584	11088	14912	17760	0
LFQ	64	0	0	291	0	0	73	214	693	954	55	70	142	134	594	208	142	82	242	760	376	700	392	1270	1060	534	818	2761	1102	2781	2247	2318	4331	3476	4248	7855	7814	7344	6800	10141	11016	14030	16532	0
LFQ	65	0	0	411	0	0	88	233	722	892	44	88	147	135	595	207	135	131	252	673	436	733	416	1280	1200	533	910	2751	940	2950	2415	2345	4589	3530	4222	8039	8145	7588	7170	9900	10842	13287	15624	0
LFQ	66	0	0	548	0	0	74	165	631	802	25	80	150	140	525	153	107	79	204	683	348	793	430	1114	982	510	839	2716	843	2705	2440	2524	4583	3795	4284	8499	8637	7730	7377	9526	11435	12938	15182	0
LFQ	67	0	0	716	0	0	100	197	789	897	15	73	163	137	504	176	120	100	251	809	380	793	454	1269	971	530	910	3026	876	2623	2654	2616	4661	3801	4345	8773	9057	8256	7390	9166	10930	12133	13934	0
LFQ	68	0	0	908	0	0	86	167	690	638	12	79	144	127	451	150	140	78	249	680	371	774	462	1205	943	504	899	2870	846	2577	2671	2739	4735	3821	4382	9225	9791	8226	7617	8700	11625	11541	13470	0
LFQ	69	0	0	1120	0	0	91	157	781	738	3	84	146	141	485	155	131	115	243	768	373	806	423	1228	858	548	971	3075	887	2492	3013	2729	4776	4050	4459	9594	10282	8610	7691	8124	11262	10598	12583	0
LFQ	70	0	0	1332	0	0	104	169	757	671	0	106	160	129	453	129	134	86	224	756	333	880	454	1053	760	772	972	3076	810	2332	3001	2932	4932	4243	4551	9668	11032	8879	7993	7719	11323	10094	11568	0
LFQ	71	0	0	1614	0	0	114	169	802	619	2	116	174	152	425	130	146	96	269	764	335	910	429	1045	711	788	1030	3081	902	2297	3214	2989	4907	4202	4696	10133	11440	9109	8239	7148	11535	9088	10765	0
LFQ	72	0	0	1887	0	0	93	146	796	586	1	103	169	125	412	96	157	98	263	815	345	858	452	993	681	868	1166	3157	984	2166	3184	3233	4827	4427	4737	10631	12151	9302	8304	6598	11600	8378	9795	0
LFQ	73	0	0	2236	0	0	101	140	859	609	0	109	193	126	379	87	148	112	261	835	329	922	471	1032	689	882	1139	3336	968	2037	3339	3308	5013	4569	4968	10934	12740	9480	8494	6092	11354	7570	8723	0
LFQ	74	0	0	2602	0	0	112	176	940	612	0	132	181	147	412	89	167	106	312	950	326	932	490	1029	743	905	1225	3389	1047	1992	3497	3443	5049	4702	5005	11511	13266	9710	8693	5669	10794	6646	7583	0
LFQ	75	0	0	2959	0	0	128	134	945	560	0	140	231	140	444	106	182	120	279	933	372	1087	463	1060	735	974	1342	3115	1318	1907	3661	3623	5113	4686	5164	11768	13846	9755	8891	5021	10832	5753	6794	0
LFQ	76	0	0	3351	0	0	135	154	1121	633	1	141	198	145	376	94	210	119	341	1121	386	1180	537	1068	761	999	1399	3309	1393	1843	3917	3685	5499	4880	5364	12131	14144	9721	8904	4506	10318	4916	5577	0
LFQ	77	0	0	3778	0	0	160	177	1531	789	0	187	266	185	520	86	222	159	396	1230	371	1231	514	995	798	1122	1589	3497	1483	1810	4317	3714	5465	5073	5359	12399	14456	9643	8799	4030	9675	4104	4446	0
LFQ	78	0	0	4172	0	0	144	146	1146	519	0	199	268	201	474	68	239	115	375	1001	385	1330	551	985	813	1090	1511	3510	1541	1707	4268	3990	5496	5225	5551	13168	15336	9681	9011	3424	9638	3368	3928	0
LFQ	79	0	0	4604	0	0	169	146	1206	527	1	192	264	151	387	64	214	128	356	1038	411	1378	481	912	800	1109	1657	3516	1572	1560	4355	3989	5588	5337	5649	13590	15959	9999	9256	3023	8858	2863	3264	0
LFQ	80	0	0	5029	0	0	167	143	1291	507	0	201	223	194	362	81	269	126	353	1188	408	1410	490	793	820	1203	1686	3449	1551	1498	4663	4138	5721	5320	5848	14163	16616	10008	9110	2604	8225	2200	2515	0
LFQ	81	0	0	5499	0	0	183	147	1428	525	3	198	273	174	346	66	245	122	377	1172	444	1405	534	805	881	1153	1797	3358	1690	1368	4785	3959	5843	5531	5999	14943	17196	9736	8987	2222	7543	1761	1874	0
LFQ	82	0	0	5935	0	0	182	92	1325	395	1	193	234	178	313	64	255	141	355	1056	425	1436	460	710	886	1184	1847	3280	1734	1225	4885	4121	5874	5681	6029	15268	18298	9830	9046	1837	6993	1343	1460	0
LFQ	83	0	0	6421	0	0	222	138	1606	487	1	248	305	216	306	72	284	128	422	1271	455	1548	512	704	951	1255	2155	3362	1874	1135	5098	4135	5947	5616	5888	15709	18301	9447	8742	1483	6124	901	1100	0
LFQ	84	0	0	6892	0	0	206	115	1416	340	2	283	282	202	294	47	295	121	412	1190	470	1626	515	620	950	1344	2092	3382	1911	1132	5244	4114	6136	5755	6100	16124	19323	9475	8371	1141	5254	644	747	0
LFQ	85	0	0	7394	0	0	185	99	1351	261	1	246	236	203	209	53	289	118	360	1167	490	1539	439	490	979	1313	2277	3085	1946	979	5191	4138	6206	5906	6111	16921	20278	9358	8256	935	4577	479	502	0
LFQ	86	0	0	8009	0	0	188	103	1432	249	1	248	266	201	197	69	304	161	401	1317	556	1575	421	481	983	1315	2362	2996	1926	897	5286	3984	6182	6049	6126	17319	20824	9338	7625	712	3828	281	349	0
LFQ	87	0	0	8586	0	0	217	86	1435	253	0	276	266	215	163	52	320	156	458	1310	587	1659	412	370	1020	1386	2536	3074	2116	854	5435	4076	6476	6081	6192	17511	21156	8873	7106	544	2927	174	197	0
LFQ	88	0	0	9193	0	0	235	112	1745	270	0	313	280	239	175	66	349	166	423	1408	586	1687	385	363	1075	1416	2715	2947	2220	769	5632	4049	6662	6079	5985	17978	21379	8479	6290	352	2330	93	108	0
LFQ	89	0	0	9839	0	0	200	99	1386	193	0	315	242	211	155	33	335	146	428	1281	618	1748	348	305	1071	1487	2652	2809	2111	672	5682	4009	6507	6314	6172	18552	22261	8464	5792	250	1733	59	66	0
LFQ	90	0	0	10534	0	0	202	81	1432	153	0	294	225	224	118	46	347	163	462	1264	636	1615	357	253	1036	1427	2692	2609	2338	642	5564	4057	6589	6422	6246	18884	22945	8059	5110	209	1250	22	29	0
LFQ	91	0	0	11355	0	0	215	68	1604	158	1	342	240	199	115	39	379	139	423	1291	680	1610	307	220	1102	1462	2898	2626	2336	567	5722	3906	6729	6293	6045	19264	23107	7673	4356	135	889	15	14	0
LFQ	92	0	0	12168	0	0	197	53	1560	124	1	315	259	224	102	49	370	150	417	1376	752	1708	292	207	1072	1541	2932	2508	2360	546	5784	3989	6756	6543	5983	19224	23411	7218	3640	110	558	9	7	0
LFQ	93	0	0	13023	0	0	217	57	1394	113	1	334	220	212	76	33	312	150	469	1252	751	1619	279	172	1101	1518	3148	2290	2361	482	5872	3897	6774	6475	5968	19731	23859	6895	3012	64	368	3	3	0
LFQ	94	0	0	14079	0	0	177	26	1075	108	0	322	184	158	54	30	303	136	424	1142	693	1523	211	124	1081	1466	3125	1944	2324	420	5771	3830	6679	6776	6016	20237	24764	6592	2428	22	238	2	0	0
LFQ	95	0	0	15271	0	0	138	38	1073	78	1	273	139	45	139	22	283	143	407	1183	744	1494	165	114	1008	1478	3077	1745	2373	416	5788	3762	6661	6826	5988	20441	25101	6012	1901	14	125	0	1	0
LFQ	96	0	0	16657	0	0	154	27	972	53	1	244	116	36	127	22	293	131	404	1110	715	1355	122	113	1072	1386	3041	1507	2399	347	5520	3930	6846	6650	5794	20652	25427	5691	1453	11	66	1	1	0
LFQ	97	0	0	18416	0	0	146	27	1026	50	0	224	128	39	102	12	265	159	385	1287	821	1404	124	94	1018	1405	3344	1498	2428	368	5788	3806	6694	6690	5777	20163	24640	5012	1055	3	30	0	0	0
LFQ	98	0	0	20166	0	0	70	14	587	26	0	201	75	28	64	5	273	123	363	1063	727	1174	89	83	1042	1436	3304	1383	2364	288	5713	3820	6733	6744	5655	20580	24865	4536	796	2	16	0	0	0
LFQ	99	0	0	22159	0	0	16	3	281	9	0	97	48	9	30	6	228	126	337	1096	639	1080	66	91	985	1370	3233	1164	2315	234	5471	3893	6780	6811	5690	20656	24784	4101	563	3	9	0	0	0
LFQ	100	0	0	24034	0	0	0	0	0	0	0	0	0	0	2	0	206	151	298	1167	582	898	54	95	858	1201	3038	952	2302	244	5342	3924	6719	6896	5658	20547	25066	3700	412	3	2	0	0	0
# GC Content of first fragments. Use `grep ^GCF | cut -f 2-` to extract this part.
GCF	6.28	0
GCF	13.07	2
GCF	14.07	1
GCF	15.08	2
GCF	16.08	5
GCF	17.09	11
GCF	18.09	17
GCF	19.10	43
GCF	20.10	89
GCF	21.11	119
GCF	22.11	189
GCF	23.12	271
GCF	24.12	442
GCF	24.87	638
GCF	25.38	639
GCF	26.13	869
GCF	26.88	1100
GCF	27.39	1102
GCF	27.89	1428
GCF	28.39	1427
GCF	28.89	1665
GCF	29.40	1666
GCF	29.90	2096
GCF	30.40	2097
GCF	30.90	2298
GCF	31.41	2297
GCF	31.91	2639
GCF	32.41	2637
GCF	32.91	2846
GCF	33.42	2848
GCF	33.92	3067
GCF	34.42	3069
GCF	34.92	3304
GCF	35.43	3306
GCF	35.93	3498
GCF	36.43	3495
GCF	36.93	3766
GCF	37.44	3767
GCF	37.94	3793
GCF	38.44	3796
GCF	38.94	3946
GCF	39.45	3945
GCF	39.95	3812
GCF	40.45	3813
GCF	40.95	3800
GCF	41.46	3798
GCF	41.96	3856
GCF	42.46	3858
GCF	42.96	3819
GCF	43.47	3821
GCF	43.97	3758
GCF	44.47	3763
GCF	44.97	3577
GCF	45.48	3569
GCF	45.98	3436
GCF	46.48	3432
GCF	46.98	3303
GCF	47.49	3307
GCF	47.99	3223
GCF	48.49	3226
GCF	48.99	3152
GCF	49.50	3150
GCF	50.00	3014
GCF	50.50	3016
GCF	51.26	3023
GCF	52.26	2966
GCF	53.02	2792
GCF	53.52	2793
GCF	54.02	2803
GCF	54.52	2810
GCF	55.03	2685
GCF	55.53	2682
GCF	56.03	2606
GCF	56.53	2607
GCF	57.04	2462
GCF	57.54	2458
GCF	58.29	2345
GCF	59.05	2269
GCF	59.55	2266
GCF	60.05	2042
GCF	60.55	2039
GCF	61.31	1963
GCF	62.06	1681
GCF	62.56	1680
GCF	63.32	1521
GCF	64.07	1335
GCF	64.57	1331
GCF	65.08	1141
GCF	65.58	1140
GCF	66.08	946
GCF	66.58	948
GCF	67.09	810
GCF	67.59	808
GCF	68.09	612
GCF	68.59	614
GCF	69.10	464
GCF	69.60	465
GCF	70.35	391
GCF	71.11	289
GCF	71.61	288
GCF	72.11	219
GCF	72.61	218
GCF	73.37	169
GCF	74.37	100
GCF	75.38	68
GCF	76.38	64
GCF	77.39	47
GCF	78.39	28
GCF	79.40	21
GCF	80.40	19
GCF	81.41	16
GCF	82.41	14
GCF	83.42	4
GCF	84.42	6
GCF	85.93	2
# GC Content of last fragments. Use `grep ^GCL | cut -f 2-` to extract this part.
GCL	4.77	0
GCL	10.05	1
GCL	11.06	0
GCL	13.07	1
GCL	15.08	3
GCL	16.08	6
GCL	17.09	12
GCL	18.09	20
GCL	19.10	37
GCL	20.10	68
GCL	21.11	124
GCL	22.11	197
GCL	23.12	321
GCL	24.12	460
GCL	24.87	681
GCL	25.38	682
GCL	26.13	855
GCL	26.88	1147
GCL	27.39	1149
GCL	27.89	1401
GCL	28.39	1400
GCL	28.89	1679
GCL	29.40	1680
GCL	29.90	2029
GCL	30.40	2030
GCL	31.16	2351
GCL	31.91	2571
GCL	32.41	2569
GCL	32.91	2897
GCL	33.42	2899
GCL	33.92	3118
GCL	34.42	3116
GCL	34.92	3273
GCL	35.43	3276
GCL	35.93	3457
GCL	36.43	3459
GCL	36.93	3710
GCL	37.44	3713
GCL	37.94	3839
GCL	38.44	3844
GCL	38.94	3902
GCL	39.45	3900
GCL	39.95	3958
GCL	40.45	3959
GCL	40.95	3887
GCL	41.46	3885
GCL	41.96	3872
GCL	42.46	3874
GCL	42.96	3766
GCL	43.47	3767
GCL	43.97	3612
GCL	44.47	3616
GCL	44.97	3595
GCL	45.48	3590
GCL	45.98	3462
GCL	46.48	3459
GCL	46.98	3374
GCL	47.49	3380
GCL	48.24	3182
GCL	49.25	3061
GCL	50.00	3059
GCL	50.50	3056
GCL	51.01	2904
GCL	51.51	2905
GCL	52.01	2923
GCL	52.51	2924
GCL	53.02	2732
GCL	53.52	2734
GCL	54.02	2762
GCL	54.52	2769
GCL	55.03	2617
GCL	55.53	2612
GCL	56.03	2616
GCL	56.53	2613
GCL	57.04	2508
GCL	57.54	2503
GCL	58.04	2362
GCL	58.54	2365
GCL	59.05	2245
GCL	59.55	2243
GCL	60.05	2047
GCL	60.55	2045
GCL	61.31	1872
GCL	62.06	1745
GCL	62.56	1746
GCL	63.32	1470
GCL	64.07	1366
GCL	64.57	1367
GCL	65.08	1180
GCL	65.58	1177
GCL	66.08	996
GCL	66.58	998
GCL	67.09	811
GCL	67.59	810
GCL	68.09	649
GCL	68.59	651
GCL	69.10	496
GCL	69.60	497
GCL	70.10	421
GCL	70.60	422
GCL	71.11	301
GCL	71.61	299
GCL	72.11	209
GCL	72.61	208
GCL	73.37	166
GCL	74.37	100
GCL	75.38	85
GCL	76.38	53
GCL	77.39	54
GCL	78.39	33
GCL	79.40	20
GCL	80.40	29
GCL	81.41	15
GCL	82.41	10
GCL	83.42	9
GCL	84.42	3
GCL	85.43	7
GCL	86.93	1
GCL	88.44	3
GCL	90.95	0
GCL	93.47	1
GCL	94.97	0
GCL	96.48	1
# ACGT content per cycle. Use `grep ^GCC | cut -f 2-` to extract this part. The columns are: cycle; A,C,G,T base counts as a percentage of all A/C/G/T bases [%]; and N and O counts as a percentage of all A/C/G/T bases [%]
GCC	1	27.67	21.96	22.20	28.17	0.10	0.00
GCC	2	27.98	21.52	21.89	28.62	0.18	0.00
GCC	3	27.64	21.91	22.19	28.26	0.00	0.00
GCC	4	27.45	21.96	22.52	28.06	0.00	0.00
GCC	5	27.71	21.76	21.97	28.56	0.00	0.00
GCC	6	27.19	22.46	22.41	27.94	0.00	0.00
GCC	7	27.54	22.10	22.16	28.20	0.00	0.00
GCC	8	27.74	21.74	21.96	28.56	0.00	0.00
GCC	9	27.58	21.87	22.16	28.39	0.00	0.00
GCC	10	27.30	22.10	22.47	28.13	0.00	0.00
GCC	11	27.55	21.98	22.35	28.13	0.00	0.00
GCC	12	27.32	22.06	22.39	28.23	0.00	0.00
GCC	13	27.27	22.13	22.42	28.18	0.00	0.00
GCC	14	27.47	22.01	22.18	28.33	0.00	0.00
GCC	15	27.42	22.06	22.42	28.09	0.00	0.00
GCC	16	27.32	22.16	22.19	28.33	0.00	0.00
GCC	17	27.51	22.26	22.19	28.04	0.00	0.00
GCC	18	27.14	22.37	22.41	28.09	0.00	0.00
GCC	19	27.06	22.30	22.55	28.08	0.00	0.00
GCC	20	27.20	22.29	22.43	28.08	0.00	0.00
GCC	21	27.04	22.31	22.57	28.09	0.01	0.00
GCC	22	27.05	22.27	22.59	28.08	0.02	0.00
GCC	23	27.10	22.20	22.57	28.12	0.01	0.00
GCC	24	27.09	22.42	22.55	27.93	0.00	0.00
GCC	25	26.90	22.57	22.46	28.07	0.00	0.00
GCC	26	26.91	22.40	22.64	28.05	0.00	0.00
GCC	27	26.88	22.58	22.68	27.85	0.00	0.00
GCC	28	26.91	22.53	22.67	27.89	0.00	0.00
GCC	29	26.83	22.48	22.71	27.97	0.00	0.00
GCC	30	26.68	22.51	22.77	28.04	0.00	0.00
GCC	31	26.72	22.44	22.72	28.12	0.00	0.00
GCC	32	26.77	22.34	22.89	28.00	0.00	0.00
GCC	33	26.78	22.68	22.75	27.80	0.00	0.00
GCC	34	26.65	22.69	22.77	27.89	0.00	0.00
GCC	35	26.76	22.52	22.76	27.96	0.00	0.00
GCC	36	26.69	22.68	22.73	27.90	0.00	0.00
GCC	37	26.83	22.51	22.86	27.81	0.00	0.00
GCC	38	26.74	22.60	22.87	27.79	0.00	0.00
GCC	39	26.60	22.48	22.89	28.03	0.00	0.00
GCC	40	26.53	22.71	22.83	27.92	0.00	0.00
GCC	41	26.72	22.47	22.98	27.83	0.00	0.00
GCC	42	26.65	22.58	22.86	27.91	0.00	0.00
GCC	43	26.47	22.63	23.01	27.89	0.01	0.00
GCC	44	26.64	22.47	23.03	27.85	0.00	0.00
GCC	45	26.62	22.68	22.99	27.70	0.00	0.00
GCC	46	26.58	22.55	22.86	28.02	0.00	0.00
GCC	47	26.39	22.82	22.90	27.89	0.00	0.00
GCC	48	26.28	22.75	23.14	27.83	0.00	0.00
GCC	49	26.42	22.70	23.01	27.88	0.00	0.00
GCC	50	26.47	22.73	23.02	27.79	0.00	0.00
GCC	51	26.50	22.64	23.08	27.77	0.00	0.00
GCC	52	26.46	22.78	22.95	27.82	0.00	0.00
GCC	53	26.43	22.70	22.89	27.99	0.07	0.00
GCC	54	26.54	22.76	22.93	27.77	0.17	0.00
GCC	55	26.40	22.84	23.11	27.65	0.00	0.00
GCC	56	26.47	22.61	22.93	28.00	0.00	0.00
GCC	57	26.39	22.78	23.01	27.82	0.00	0.00
GCC	58	26.49	22.67	22.95	27.89	0.00	0.00
GCC	59	26.22	22.72	23.10	27.96	0.00	0.00
GCC	60	26.25	22.72	23.08	27.95	0.00	0.00
GCC	61	26.27	22.81	23.09	27.83	0.00	0.00
GCC	62	26.53	22.63	23.09	27.75	0.00	0.00
GCC	63	26.41	22.89	22.90	27.80	0.00	0.00
GCC	64	26.23	22.89	23.09	27.80	0.00	0.00
GCC	65	26.40	22.79	23.07	27.74	0.00	0.00
GCC	66	26.39	22.90	22.96	27.75	0.02	0.00
GCC	67	26.17	22.91	23.01	27.91	0.00	0.00
GCC	68	26.25	22.87	23.03	27.85	0.00	0.00
GCC	69	26.22	22.84	23.14	27.80	0.00	0.00
GCC	70	26.21	22.84	23.19	27.76	0.00	0.00
GCC	71	26.19	23.00	23.09	27.72	0.00	0.00
GCC	72	26.32	22.93	23.08	27.66	0.00	0.00
GCC	73	26.30	22.90	23.19	27.61	0.00	0.00
GCC	74	26.27	22.84	23.03	27.87	0.00	0.00
GCC	75	26.25	22.89	23.22	27.65	0.00	0.00
GCC	76	26.22	22.92	23.26	27.60	0.00	0.00
GCC	77	26.39	22.78	23.07	27.77	0.00	0.00
GCC	78	26.13	23.07	23.23	27.57	0.00	0.00
GCC	79	26.41	22.78	23.06	27.75	0.00	0.00
GCC	80	26.25	22.91	23.26	27.58	0.00	0.00
GCC	81	26.31	22.94	23.13	27.62	0.00	0.00
GCC	82	26.19	22.98	23.11	27.72	0.00	0.00
GCC	83	26.28	22.91	23.05	27.75	0.00	0.00
GCC	84	26.16	22.89	23.28	27.67	0.00	0.00
GCC	85	25.97	23.10	23.09	27.84	0.00	0.00
GCC	86	26.27	23.01	23.08	27.63	0.00	0.00
GCC	87	26.23	23.06	23.22	27.49	0.00	0.00
GCC	88	26.09	22.97	23.22	27.72	0.00	0.00
GCC	89	26.14	22.89	23.35	27.62	0.00	0.00
GCC	90	26.12	22.89	23.26	27.73	0.00	0.00
GCC	91	26.11	23.11	23.07	27.71	0.00	0.00
GCC	92	26.28	23.00	23.15	27.56	0.00	0.00
GCC	93	26.19	22.94	23.40	27.47	0.00	0.00
GCC	94	25.99	23.09	23.18	27.74	0.00	0.00
GCC	95	25.97	22.94	23.46	27.62	0.00	0.00
GCC	96	26.13	23.02	23.24	27.61	0.00	0.00
GCC	97	25.93	23.19	23.21	27.67	0.00	0.00
GCC	98	26.18	22.94	23.34	27.54	0.00	0.00
GCC	99	26.11	23.18	23.32	27.39	0.00	0.00
GCC	100	26.37	22.94	23.22	27.47	0.00	0.00
# ACGT content per cycle, read oriented. Use `grep ^GCT | cut -f 2-` to extract this part. The columns are: cycle; A,C,G,T base counts as a percentage of all A/C/G/T bases [%]
GCT	1	29.34	23.45	20.71	26.50
GCT	2	29.35	20.78	22.63	27.24
GCT	3	27.51	22.36	21.74	28.39
GCT	4	27.46	22.51	21.98	28.05
GCT	5	27.84	21.72	22.01	28.42
GCT	6	27.58	22.56	22.30	27.55
GCT	7	27.95	22.13	22.13	27.79
GCT	8	27.79	22.30	21.40	28.51
GCT	9	27.16	22.41	21.62	28.82
GCT	10	27.47	22.57	22.00	27.96
GCT	11	27.43	22.44	21.89	28.24
GCT	12	27.47	22.54	21.92	28.08
GCT	13	27.38	22.65	21.89	28.08
GCT	14	27.57	22.33	21.87	28.23
GCT	15	27.54	22.50	21.99	27.97
GCT	16	27.42	22.47	21.89	28.23
GCT	17	27.38	22.49	21.96	28.17
GCT	18	27.23	22.66	22.12	27.99
GCT	19	27.27	22.75	22.10	27.87
GCT	20	27.34	22.66	22.06	27.94
GCT	21	27.18	22.71	22.17	27.94
GCT	22	27.21	22.73	22.13	27.93
GCT	23	27.26	22.65	22.13	27.96
GCT	24	27.13	22.79	22.19	27.89
GCT	25	27.13	22.81	22.22	27.83
GCT	26	27.09	22.68	22.36	27.87
GCT	27	27.19	22.92	22.34	27.54
GCT	28	27.19	22.91	22.29	27.61
GCT	29	27.09	22.86	22.34	27.71
GCT	30	27.11	22.85	22.43	27.61
GCT	31	27.34	22.75	22.40	27.50
GCT	32	27.16	22.72	22.52	27.60
GCT	33	27.06	23.09	22.33	27.51
GCT	34	27.07	23.04	22.41	27.48
GCT	35	27.15	22.79	22.49	27.57
GCT	36	27.11	22.89	22.52	27.48
GCT	37	27.20	22.87	22.49	27.43
GCT	38	27.29	22.86	22.61	27.24
GCT	39	27.25	23.01	22.36	27.38
GCT	40	27.00	23.00	22.54	27.45
GCT	41	27.12	23.06	22.40	27.43
GCT	42	26.97	22.97	22.47	27.59
GCT	43	27.08	23.09	22.55	27.29
GCT	44	27.15	22.96	22.54	27.35
GCT	45	26.74	23.04	22.63	27.59
GCT	46	27.04	22.83	22.58	27.55
GCT	47	26.96	23.02	22.70	27.33
GCT	48	26.72	23.24	22.65	27.39
GCT	49	27.11	23.07	22.64	27.18
GCT	50	27.01	23.13	22.61	27.24
GCT	51	27.06	23.03	22.69	27.21
GCT	52	26.94	23.10	22.63	27.34
GCT	53	27.09	23.02	22.56	27.32
GCT	54	26.99	23.02	22.67	27.32
GCT	55	26.92	23.14	22.81	27.13
GCT	56	27.07	22.95	22.58	27.39
GCT	57	26.89	23.15	22.64	27.33
GCT	58	27.12	22.99	22.63	27.26
GCT	59	26.88	23.02	22.80	27.31
GCT	60	26.87	23.00	22.80	27.33
GCT	61	26.84	22.95	22.95	27.26
GCT	62	26.99	22.98	22.74	27.28
GCT	63	26.95	23.07	22.72	27.26
GCT	64	26.90	23.11	22.87	27.12
GCT	65	26.95	23.19	22.67	27.19
GCT	66	26.88	23.12	22.74	27.27
GCT	67	27.08	23.08	22.84	27.00
GCT	68	27.07	23.15	22.75	27.03
GCT	69	26.89	23.17	22.81	27.13
GCT	70	27.04	23.26	22.77	26.93
GCT	71	26.85	23.17	22.92	27.06
GCT	72	26.93	23.08	22.94	27.06
GCT	73	26.85	23.15	22.94	27.05
GCT	74	26.92	23.13	22.74	27.21
GCT	75	26.73	23.15	22.96	27.17
GCT	76	26.74	23.18	22.99	27.08
GCT	77	27.04	23.03	22.82	27.11
GCT	78	26.88	23.30	23.00	26.82
GCT	79	27.05	22.94	22.90	27.11
GCT	80	26.89	23.14	23.03	26.94
GCT	81	26.87	23.18	22.89	27.06
GCT	82	26.95	23.08	23.01	26.96
GCT	83	26.97	23.02	22.95	27.06
GCT	84	26.84	23.17	23.01	26.99
GCT	85	26.96	23.24	22.95	26.86
GCT	86	26.97	23.19	22.91	26.93
GCT	87	26.95	23.13	23.15	26.77
GCT	88	26.95	23.09	23.10	26.86
GCT	89	26.91	23.17	23.07	26.85
GCT	90	26.96	23.14	23.01	26.89
GCT	91	26.99	23.05	23.13	26.83
GCT	92	27.03	23.06	23.09	26.82
GCT	93	26.72	23.15	23.19	26.94
GCT	94	26.98	23.07	23.20	26.75
GCT	95	26.78	23.15	23.26	26.81
GCT	96	26.88	23.19	23.07	26.86
GCT	97	26.95	23.25	23.16	26.65
GCT	98	26.88	23.19	23.08	26.85
GCT	99	26.86	23.23	23.27	26.64
GCT	100	27.08	23.02	23.14	26.76
# ACGT content per cycle for first fragments. Use `grep ^FBC | cut -f 2-` to extract this part. The columns are: cycle; A,C,G,T base counts as a percentage of all A/C/G/T bases [%]; and N and O counts as a percentage of all A/C/G/T bases [%]
FBC	1	27.52	21.86	22.54	28.08	0.12	0.00
FBC	2	27.94	21.62	21.81	28.63	0.37	0.00
FBC	3	27.83	21.77	22.12	28.28	0.00	0.00
FBC	4	27.77	21.76	22.29	28.18	0.00	0.00
FBC	5	27.76	21.88	21.88	28.49	0.00	0.00
FBC	6	27.19	22.47	22.42	27.92	0.00	0.00
FBC	7	27.58	21.98	22.12	28.33	0.00	0.00
FBC	8	27.74	21.78	21.98	28.50	0.00	0.00
FBC	9	27.76	21.88	22.18	28.17	0.00	0.00
FBC	10	27.26	22.11	22.57	28.05	0.00	0.00
FBC	11	27.55	22.03	22.48	27.94	0.00	0.00
FBC	12	27.34	22.06	22.32	28.27	0.00	0.00
FBC	13	27.22	22.18	22.48	28.12	0.00	0.00
FBC	14	27.49	22.08	22.24	28.19	0.00	0.00
FBC	15	27.33	22.04	22.50	28.13	0.00	0.00
FBC	16	27.16	22.18	22.40	28.26	0.00	0.00
FBC	17	27.72	22.18	22.17	27.92	0.00	0.00
FBC	18	26.92	22.57	22.55	27.96	0.00	0.00
FBC	19	27.07	22.32	22.56	28.05	0.00	0.00
FBC	20	27.30	22.39	22.36	27.95	0.00	0.00
FBC	21	26.97	22.46	22.60	27.98	0.00	0.00
FBC	22	27.06	22.29	22.78	27.87	0.00	0.00
FBC	23	27.09	22.16	22.63	28.11	0.00	0.00
FBC	24	27.07	22.48	22.51	27.94	0.00	0.00
FBC	25	26.83	22.70	22.47	28.00	0.00	0.00
FBC	26	26.90	22.42	22.60	28.08	0.00	0.00
FBC	27	26.62	22.83	22.69	27.86	0.00	0.00
FBC	28	27.02	22.49	22.72	27.77	0.00	0.00
FBC	29	26.68	22.56	22.79	27.97	0.00	0.00
FBC	30	26.51	22.73	22.73	28.03	0.00	0.00
FBC	31	26.60	22.49	22.85	28.07	0.00	0.00
FBC	32	26.65	22.37	22.97	28.01	0.00	0.00
FBC	33	26.67	22.69	22.86	27.77	0.00	0.00
FBC	34	26.60	22.79	22.88	27.74	0.00	0.00
FBC	35	26.53	22.61	22.73	28.12	0.00	0.00
FBC	36	26.64	23.05	22.51	27.80	0.00	0.00
FBC	37	26.88	22.57	22.62	27.93	0.00	0.00
FBC	38	26.83	22.67	22.80	27.70	0.00	0.00
FBC	39	26.62	22.51	22.96	27.91	0.00	0.00
FBC	40	26.69	22.67	22.79	27.85	0.00	0.00
FBC	41	26.70	22.48	23.10	27.72	0.00	0.00
FBC	42	26.68	22.34	22.90	28.08	0.00	0.00
FBC	43	26.39	22.69	23.04	27.88	0.01	0.00
FBC	44	26.57	22.50	22.96	27.97	0.00	0.00
FBC	45	26.58	22.67	23.06	27.69	0.00	0.00
FBC	46	26.56	22.75	22.87	27.82	0.00	0.00
FBC	47	26.35	22.66	22.99	28.00	0.00	0.00
FBC	48	26.16	22.67	23.24	27.93	0.00	0.00
FBC	49	26.39	22.77	23.13	27.71	0.00	0.00
FBC	50	26.46	22.90	22.92	27.72	0.00	0.00
FBC	51	26.51	22.59	23.14	27.76	0.00	0.00
FBC	52	26.43	22.87	22.90	27.81	0.00	0.00
FBC	53	26.45	22.69	22.84	28.03	0.00	0.00
FBC	54	26.46	22.82	23.05	27.67	0.00	0.00
FBC	55	26.12	23.03	23.10	27.75	0.00	0.00
FBC	56	26.26	22.68	23.01	28.05	0.00	0.00
FBC	57	26.36	22.78	22.98	27.88	0.00	0.00
FBC	58	26.39	22.71	22.95	27.95	0.00	0.00
FBC	59	26.20	22.80	23.05	27.94	0.00	0.00
FBC	60	26.10	22.77	23.18	27.95	0.00	0.00
FBC	61	26.27	22.83	23.06	27.84	0.00	0.00
FBC	62	26.44	22.78	23.01	27.77	0.00	0.00
FBC	63	26.15	22.94	22.82	28.10	0.00	0.00
FBC	64	26.22	22.94	23.05	27.80	0.00	0.00
FBC	65	26.30	22.89	23.12	27.69	0.00	0.00
FBC	66	26.51	22.99	22.81	27.70	0.04	0.00
FBC	67	26.19	23.04	22.97	27.80	0.00	0.00
FBC	68	26.11	23.00	23.05	27.83	0.00	0.00
FBC	69	26.25	22.84	23.03	27.89	0.00	0.00
FBC	70	26.27	22.82	23.29	27.62	0.00	0.00
FBC	71	26.25	22.80	23.10	27.85	0.00	0.00
FBC	72	26.33	23.01	22.99	27.67	0.00	0.00
FBC	73	26.31	22.85	23.17	27.66	0.00	0.00
FBC	74	26.35	22.78	22.91	27.97	0.00	0.00
FBC	75	26.40	22.70	23.16	27.74	0.00	0.00
FBC	76	26.22	22.64	23.33	27.80	0.00	0.00
FBC	77	26.58	22.64	23.09	27.69	0.00	0.00
FBC	78	26.18	23.02	23.17	27.63	0.00	0.00
FBC	79	26.61	22.66	23.07	27.66	0.00	0.00
FBC	80	26.18	22.80	23.37	27.65	0.00	0.00
FBC	81	26.39	22.85	23.15	27.61	0.00	0.00
FBC	82	26.16	22.96	23.05	27.83	0.00	0.00
FBC	83	26.46	22.86	22.88	27.81	0.00	0.00
FBC	84	26.14	22.77	23.47	27.62	0.00	0.00
FBC	85	25.94	22.95	23.08	28.03	0.00	0.00
FBC	86	26.35	22.95	22.96	27.74	0.00	0.00
FBC	87	26.31	23.11	22.96	27.62	0.00	0.00
FBC	88	26.13	22.90	23.12	27.86	0.00	0.00
FBC	89	26.35	22.80	23.22	27.64	0.00	0.00
FBC	90	25.97	22.88	23.25	27.91	0.00	0.00
FBC	91	26.24	23.25	22.85	27.65	0.00	0.00
FBC	92	26.38	23.04	22.91	27.67	0.00	0.00
FBC	93	26.40	22.80	23.44	27.36	0.00	0.00
FBC	94	26.03	22.94	23.20	27.83	0.00	0.00
FBC	95	26.02	22.80	23.52	27.66	0.00	0.00
FBC	96	26.26	22.89	23.14	27.71	0.00	0.00
FBC	97	26.11	23.02	23.16	27.71	0.00	0.00
FBC	98	26.22	23.05	23.21	27.51	0.00	0.00
FBC	99	26.29	23.08	23.19	27.44	0.00	0.00
FBC	100	26.61	22.79	23.03	27.57	0.00	0.00
# ACGT raw counters for first fragments. Use `grep ^FTC | cut -f 2-` to extract this part. The columns are: A,C,G,T,N base counters
FTC	3053092	2593013	2619025	3195725	620
# ACGT content per cycle for last fragments. Use `grep ^LBC | cut -f 2-` to extract this part. The columns are: cycle; A,C,G,T base counts as a percentage of all A/C/G/T bases [%]; and N and O counts as a percentage of all A/C/G/T bases [%]
LBC	1	27.81	22.05	21.86	28.27	0.09	0.00
LBC	2	28.01	21.42	21.97	28.60	0.00	0.00
LBC	3	27.45	22.05	22.26	28.24	0.00	0.00
LBC	4	27.14	22.17	22.76	27.94	0.00	0.00
LBC	5	27.66	21.65	22.07	28.62	0.00	0.00
LBC	6	27.19	22.45	22.39	27.96	0.00	0.00
LBC	7	27.50	22.23	22.20	28.07	0.00	0.00
LBC	8	27.75	21.69	21.94	28.62	0.00	0.00
LBC	9	27.40	21.86	22.13	28.60	0.00	0.00
LBC	10	27.33	22.10	22.37	28.21	0.00	0.00
LBC	11	27.54	21.94	22.22	28.31	0.00	0.00
LBC	12	27.30	22.06	22.46	28.18	0.00	0.00
LBC	13	27.32	22.08	22.35	28.25	0.00	0.00
LBC	14	27.45	21.94	22.13	28.48	0.00	0.00
LBC	15	27.51	22.08	22.35	28.06	0.00	0.00
LBC	16	27.47	22.15	21.98	28.40	0.00	0.00
LBC	17	27.31	22.35	22.20	28.15	0.00	0.00
LBC	18	27.35	22.16	22.27	28.22	0.00	0.00
LBC	19	27.06	22.29	22.55	28.11	0.00	0.00
LBC	20	27.09	22.20	22.50	28.21	0.00	0.00
LBC	21	27.12	22.15	22.53	28.20	0.02	0.00
LBC	22	27.04	22.25	22.41	28.30	0.05	0.00
LBC	23	27.11	22.24	22.52	28.14	0.01	0.00
LBC	24	27.11	22.37	22.60	27.93	0.00	0.00
LBC	25	26.97	22.43	22.46	28.14	0.00	0.00
LBC	26	26.92	22.39	22.68	28.01	0.00	0.00
LBC	27	27.14	22.34	22.68	27.84	0.00	0.00
LBC	28	26.81	22.56	22.62	28.01	0.01	0.00
LBC	29	26.98	22.41	22.63	27.98	0.00	0.00
LBC	30	26.84	22.28	22.82	28.06	0.00	0.00
LBC	31	26.85	22.39	22.58	28.18	0.00	0.00
LBC	32	26.88	22.32	22.81	27.98	0.00	0.00
LBC	33	26.88	22.66	22.64	27.82	0.00	0.00
LBC	34	26.71	22.59	22.65	28.05	0.00	0.00
LBC	35	26.99	22.43	22.79	27.80	0.00	0.00
LBC	36	26.74	22.32	22.94	28.00	0.00	0.00
LBC	37	26.77	22.45	23.09	27.69	0.00	0.00
LBC	38	26.65	22.53	22.94	27.88	0.00	0.00
LBC	39	26.58	22.46	22.82	28.14	0.00	0.00
LBC	40	26.38	22.75	22.87	27.99	0.00	0.00
LBC	41	26.73	22.47	22.86	27.94	0.00	0.00
LBC	42	26.62	22.82	22.82	27.75	0.00	0.00
LBC	43	26.56	22.56	22.99	27.89	0.00	0.00
LBC	44	26.71	22.45	23.10	27.74	0.00	0.00
LBC	45	26.66	22.69	22.93	27.72	0.00	0.00
LBC	46	26.59	22.35	22.84	28.22	0.00	0.00
LBC	47	26.43	22.97	22.81	27.78	0.00	0.00
LBC	48	26.41	22.83	23.04	27.72	0.00	0.00
LBC	49	26.45	22.63	22.88	28.04	0.00	0.00
LBC	50	26.48	22.55	23.11	27.86	0.00	0.00
LBC	51	26.48	22.70	23.03	27.79	0.00	0.00
LBC	52	26.48	22.69	23.00	27.83	0.00	0.00
LBC	53	26.41	22.71	22.94	27.95	0.14	0.00
LBC	54	26.63	22.69	22.82	27.86	0.33	0.00
LBC	55	26.68	22.66	23.11	27.55	0.00	0.00
LBC	56	26.67	22.54	22.84	27.94	0.00	0.00
LBC	57	26.43	22.77	23.04	27.77	0.00	0.00
LBC	58	26.59	22.63	22.95	27.83	0.00	0.00
LBC	59	26.24	22.64	23.14	27.98	0.00	0.00
LBC	60	26.39	22.67	22.99	27.95	0.00	0.00
LBC	61	26.28	22.80	23.11	27.82	0.00	0.00
LBC	62	26.62	22.48	23.17	27.72	0.00	0.00
LBC	63	26.68	22.84	22.98	27.50	0.00	0.00
LBC	64	26.24	22.83	23.14	27.79	0.00	0.00
LBC	65	26.50	22.69	23.01	27.80	0.00	0.00
LBC	66	26.28	22.81	23.11	27.81	0.00	0.00
LBC	67	26.15	22.78	23.04	28.02	0.00	0.00
LBC	68	26.38	22.74	23.02	27.87	0.00	0.00
LBC	69	26.20	22.85	23.24	27.71	0.00	0.00
LBC	70	26.14	22.87	23.08	27.91	0.00	0.00
LBC	71	26.13	23.21	23.07	27.58	0.00	0.00
LBC	72	26.32	22.86	23.17	27.65	0.00	0.00
LBC	73	26.29	22.95	23.21	27.55	0.00	0.00
LBC	74	26.18	22.90	23.15	27.76	0.00	0.00
LBC	75	26.10	23.08	23.27	27.55	0.00	0.00
LBC	76	26.22	23.20	23.18	27.40	0.00	0.00
LBC	77	26.19	22.92	23.04	27.84	0.00	0.00
LBC	78	26.09	23.12	23.28	27.52	0.00	0.00
LBC	79	26.20	22.90	23.05	27.85	0.00	0.00
LBC	80	26.32	23.03	23.14	27.51	0.00	0.00
LBC	81	26.23	23.02	23.12	27.63	0.00	0.00
LBC	82	26.22	23.00	23.18	27.61	0.00	0.00
LBC	83	26.10	22.97	23.23	27.70	0.00	0.00
LBC	84	26.18	23.01	23.10	27.71	0.00	0.00
LBC	85	26.00	23.24	23.09	27.66	0.00	0.00
LBC	86	26.18	23.08	23.21	27.53	0.00	0.00
LBC	87	26.16	23.02	23.48	27.35	0.00	0.00
LBC	88	26.05	23.04	23.32	27.59	0.00	0.00
LBC	89	25.94	22.98	23.49	27.60	0.00	0.00
LBC	90	26.28	22.90	23.27	27.55	0.00	0.00
LBC	91	25.98	22.97	23.28	27.77	0.00	0.00
LBC	92	26.19	22.96	23.40	27.46	0.00	0.00
LBC	93	25.99	23.08	23.36	27.58	0.00	0.00
LBC	94	25.94	23.23	23.17	27.66	0.00	0.00
LBC	95	25.93	23.09	23.40	27.58	0.00	0.00
LBC	96	26.01	23.16	23.34	27.50	0.00	0.00
LBC	97	25.75	23.36	23.27	27.63	0.00	0.00
LBC	98	26.15	22.82	23.47	27.57	0.00	0.00
LBC	99	25.93	23.28	23.46	27.34	0.00	0.00
LBC	100	26.13	23.09	23.42	27.37	0.00	0.00
# ACGT raw counters for last fragments. Use `grep ^LTC | cut -f 2-` to extract this part. The columns are: A,C,G,T,N base counters
LTC	3052694	2591662	2620785	3195582	752
# Insert sizes. Use `grep ^IS | cut -f 2-` to extract this part. The columns are: insert size, pairs total, inward oriented pairs, outward oriented pairs, other pairs
IS	0	0	0	0	0
IS	1	0	0	0	0
IS	2	0	0	0	0
IS	3	1	0	1	0
IS	4	0	0	0	0
IS	5	0	0	0	0
IS	6	0	0	0	0
IS	7	0	0	0	0
IS	8	0	0	0	0
IS	9	0	0	0	0
IS	10	0	0	0	0
IS	11	0	0	0	0
IS	12	0	0	0	0
IS	13	0	0	0	0
IS	14	0	0	0	0
IS	15	0	0	0	0
IS	16	0	0	0	0
IS	17	0	0	0	0
IS	18	0	0	0	0
IS	19	1	1	0	0
IS	20	1	0	1	0
IS	21	0	0	0	0
IS	22	0	0	0	0
IS	23	0	0	0	0
IS	24	0	0	0	0
IS	25	1	1	0	0
IS	26	0	0	0	0
IS	27	0	0	0	0
IS	28	0	0	0	0
IS	29	0	0	0	0
IS	30	0	0	0	0
IS	31	0	0	0	0
IS	32	0	0	0	0
IS	33	1	1	0	0
IS	34	0	0	0	0
IS	35	0	0	0	0
IS	36	0	0	0	0
IS	37	0	0	0	0
IS	38	1	0	1	0
IS	39	0	0	0	0
IS	40	0	0	0	0
IS	41	0	0	0	0
IS	42	0	0	0	0
IS	43	0	0	0	0
IS	44	4	3	1	0
IS	45	0	0	0	0
IS	46	0	0	0	0
IS	47	0	0	0	0
IS	48	0	0	0	0
IS	49	0	0	0	0
IS	50	2	1	1	0
IS	51	0	0	0	0
IS	52	0	0	0	0
IS	53	1	1	0	0
IS	54	1	1	0	0
IS	55	0	0	0	0
IS	56	1	1	0	0
IS	57	0	0	0	0
IS	58	0	0	0	0
IS	59	0	0	0	0
IS	60	0	0	0	0
IS	61	0	0	0	0
IS	62	1	1	0	0
IS	63	0	0	0	0
IS	64	0	0	0	0
IS	65	1	0	1	0
IS	66	0	0	0	0
IS	67	0	0	0	0
IS	68	0	0	0	0
IS	69	0	0	0	0
IS	70	0	0	0	0
IS	71	1	0	1	0
IS	72	0	0	0	0
IS	73	0	0	0	0
IS	74	0	0	0	0
IS	75	1	1	0	0
IS	76	0	0	0	0
IS	77	1	1	0	0
IS	78	0	0	0	0
IS	79	0	0	0	0
IS	80	0	0	0	0
IS	81	0	0	0	0
IS	82	4	2	2	0
IS	83	2	2	0	0
IS	84	1	1	0	0
IS	85	4	4	0	0
IS	86	4	3	1	0
IS	87	2	2	0	0
IS	88	7	7	0	0
IS	89	9	9	0	0
IS	90	8	8	0	0
IS	91	8	8	0	0
IS	92	10	10	0	0
IS	93	21	21	0	0
IS	94	16	16	0	0
IS	95	20	20	0	0
IS	96	20	19	1	0
IS	97	16	16	0	0
IS	98	25	25	0	0
IS	99	31	31	0	0
IS	100	44	44	0	0
IS	101	43	43	0	0
IS	102	45	45	0	0
IS	103	58	58	0	0
IS	104	44	44	0	0
IS	105	54	54	0	0
IS	106	73	73	0	0
IS	107	67	67	0	0
IS	108	77	77	0	0
IS	109	70	70	0	0
IS	110	72	72	0	0
IS	111	91	91	0	0
IS	112	109	109	0	0
IS	113	119	119	0	0
IS	114	127	127	0	0
IS	115	117	117	0	0
IS	116	135	135	0	0
IS	117	138	138	0	0
IS	118	130	130	0	0
IS	119	171	171	0	0
IS	120	164	164	0	0
IS	121	176	176	0	0
IS	122	186	185	0	1
IS	123	207	207	0	0
IS	124	222	222	0	0
IS	125	238	238	0	0
IS	126	227	227	0	0
IS	127	256	256	0	0
IS	128	278	278	0	0
IS	129	261	261	0	0
IS	130	293	293	0	0
IS	131	288	288	0	0
IS	132	312	312	0	0
IS	133	308	308	0	0
IS	134	329	329	0	0
IS	135	357	357	0	0
IS	136	332	332	0	0
IS	137	361	361	0	0
IS	138	405	405	0	0
IS	139	397	397	0	0
IS	140	417	417	0	0
IS	141	371	371	0	0
IS	142	399	399	0	0
IS	143	438	438	0	0
IS	144	388	388	0	0
IS	145	502	502	0	0
IS	146	447	447	0	0
IS	147	491	491	0	0
IS	148	496	496	0	0
IS	149	460	460	0	0
IS	150	512	512	0	0
IS	151	546	546	0	0
IS	152	505	505	0	0
IS	153	475	475	0	0
IS	154	501	501	0	0
IS	155	549	549	0	0
IS	156	558	558	0	0
IS	157	564	564	0	0
IS	158	582	582	0	0
IS	159	532	532	0	0
IS	160	556	556	0	0
IS	161	568	568	0	0
IS	162	602	602	0	0
IS	163	623	623	0	0
IS	164	530	530	0	0
IS	165	560	560	0	0
IS	166	584	584	0	0
IS	167	609	609	0	0
IS	168	601	601	0	0
IS	169	621	621	0	0
IS	170	619	619	0	0
IS	171	641	641	0	0
IS	172	613	613	0	0
IS	173	632	632	0	0
IS	174	630	630	0	0
IS	175	608	608	0	0
IS	176	643	643	0	0
IS	177	671	671	0	0
IS	178	716	716	0	0
IS	179	659	659	0	0
IS	180	666	666	0	0
IS	181	593	593	0	0
IS	182	651	651	0	0
IS	183	681	681	0	0
IS	184	615	615	0	0
IS	185	660	660	0	0
IS	186	639	639	0	0
IS	187	649	649	0	0
IS	188	599	599	0	0
IS	189	605	605	0	0
IS	190	626	626	0	0
IS	191	656	656	0	0
IS	192	627	627	0	0
IS	193	587	587	0	0
IS	194	599	599	0	0
IS	195	578	578	0	0
IS	196	599	599	0	0
IS	197	673	673	0	0
IS	198	659	659	0	0
IS	199	633	633	0	0
IS	200	677	677	0	0
IS	201	607	607	0	0
IS	202	610	610	0	0
IS	203	591	591	0	0
IS	204	605	605	0	0
IS	205	589	589	0	0
IS	206	581	581	0	0
IS	207	612	612	0	0
IS	208	608	608	0	0
IS	209	618	618	0	0
IS	210	582	582	0	0
IS	211	541	541	0	0
IS	212	609	609	0	0
IS	213	570	570	0	0
IS	214	548	548	0	0
IS	215	595	595	0	0
IS	216	594	594	0	0
IS	217	564	564	0	0
IS	218	553	553	0	0
IS	219	546	546	0	0
IS	220	580	580	0	0
IS	221	582	582	0	0
IS	222	589	589	0	0
IS	223	574	574	0	0
IS	224	568	568	0	0
IS	225	591	591	0	0
IS	226	520	520	0	0
IS	227	530	530	0	0
IS	228	535	535	0	0
IS	229	525	525	0	0
IS	230	503	503	0	0
IS	231	503	503	0	0
IS	232	543	543	0	0
IS	233	521	521	0	0
IS	234	515	515	0	0
IS	235	496	496	0	0
IS	236	481	481	0	0
IS	237	468	468	0	0
IS	238	503	503	0	0
IS	239	514	514	0	0
IS	240	480	480	0	0
IS	241	437	437	0	0
IS	242	469	469	0	0
IS	243	503	503	0	0
IS	244	456	456	0	0
IS	245	426	426	0	0
IS	246	476	476	0	0
IS	247	436	436	0	0
IS	248	459	459	0	0
IS	249	458	458	0	0
IS	250	468	468	0	0
IS	251	453	453	0	0
IS	252	440	440	0	0
IS	253	401	401	0	0
IS	254	446	446	0	0
IS	255	436	436	0	0
IS	256	485	485	0	0
IS	257	426	426	0	0
IS	258	461	461	0	0
IS	259	429	429	0	0
IS	260	436	436	0	0
IS	261	419	419	0	0
IS	262	418	418	0	0
IS	263	399	399	0	0
IS	264	394	394	0	0
IS	265	402	402	0	0
IS	266	381	381	0	0
IS	267	472	472	0	0
IS	268	407	407	0	0
IS	269	412	412	0	0
IS	270	400	400	0	0
IS	271	419	419	0	0
IS	272	398	398	0	0
IS	273	408	408	0	0
IS	274	391	391	0	0
IS	275	371	371	0	0
IS	276	350	350	0	0
IS	277	372	372	0	0
IS	278	367	367	0	0
IS	279	363	363	0	0
IS	280	340	340	0	0
IS	281	341	341	0	0
IS	282	378	378	0	0
IS	283	348	348	0	0
IS	284	361	361	0	0
IS	285	376	376	0	0
IS	286	332	332	0	0
IS	287	377	377	0	0
IS	288	333	333	0	0
IS	289	343	343	0	0
IS	290	328	328	0	0
IS	291	324	324	0	0
IS	292	328	328	0	0
IS	293	309	309	0	0
IS	294	331	331	0	0
IS	295	310	310	0	0
IS	296	305	305	0	0
IS	297	317	317	0	0
IS	298	306	306	0	0
IS	299	311	311	0	0
IS	300	317	317	0	0
IS	301	292	292	0	0
IS	302	306	306	0	0
IS	303	304	304	0	0
IS	304	276	276	0	0
IS	305	295	295	0	0
IS	306	321	321	0	0
IS	307	264	264	0	0
IS	308	313	313	0	0
IS	309	274	274	0	0
IS	310	260	260	0	0
IS	311	279	279	0	0
IS	312	304	304	0	0
IS	313	254	254	0	0
IS	314	278	278	0	0
IS	315	266	266	0	0
IS	316	271	271	0	0
IS	317	267	267	0	0
IS	318	246	246	0	0
IS	319	254	254	0	0
IS	320	255	255	0	0
IS	321	225	225	0	0
IS	322	254	254	0	0
IS	323	232	232	0	0
IS	324	252	252	0	0
IS	325	240	240	0	0
IS	326	244	244	0	0
IS	327	234	234	0	0
IS	328	245	245	0	0
IS	329	212	212	0	0
IS	330	223	223	0	0
IS	331	255	255	0	0
IS	332	196	196	0	0
IS	333	227	227	0	0
IS	334	213	213	0	0
IS	335	215	215	0	0
IS	336	210	210	0	0
IS	337	208	208	0	0
IS	338	216	216	0	0
IS	339	208	208	0	0
IS	340	177	177	0	0
IS	341	203	203	0	0
IS	342	190	190	0	0
IS	343	197	197	0	0
IS	344	192	192	0	0
IS	345	208	208	0	0
IS	346	196	196	0	0
IS	347	191	191	0	0
IS	348	193	193	0	0
IS	349	207	207	0	0
IS	350	187	187	0	0
IS	351	160	160	0	0
IS	352	174	174	0	0
IS	353	208	208	0	0
IS	354	184	184	0	0
IS	355	173	173	0	0
IS	356	179	179	0	0
IS	357	178	178	0	0
IS	358	159	159	0	0
IS	359	163	163	0	0
IS	360	168	168	0	0
IS	361	150	150	0	0
IS	362	159	159	0	0
IS	363	154	154	0	0
IS	364	148	148	0	0
IS	365	166	166	0	0
IS	366	157	157	0	0
IS	367	157	157	0	0
IS	368	155	155	0	0
IS	369	131	131	0	0
IS	370	144	144	0	0
IS	371	144	144	0	0
IS	372	136	136	0	0
IS	373	130	130	0	0
IS	374	154	154	0	0
IS	375	136	136	0	0
IS	376	117	117	0	0
IS	377	125	125	0	0
IS	378	129	129	0	0
IS	379	126	126	0	0
IS	380	139	139	0	0
IS	381	128	128	0	0
IS	382	132	132	0	0
IS	383	119	119	0	0
IS	384	116	116	0	0
IS	385	109	109	0	0
IS	386	110	110	0	0
IS	387	114	114	0	0
IS	388	117	117	0	0
IS	389	123	123	0	0
IS	390	138	138	0	0
IS	391	112	112	0	0
IS	392	107	107	0	0
IS	393	109	109	0	0
IS	394	109	109	0	0
IS	395	94	94	0	0
IS	396	111	111	0	0
IS	397	111	111	0	0
IS	398	107	107	0	0
IS	399	116	116	0	0
IS	400	106	106	0	0
IS	401	103	103	0	0
IS	402	97	97	0	0
IS	403	101	101	0	0
IS	404	85	85	0	0
IS	405	102	102	0	0
IS	406	103	103	0	0
IS	407	89	89	0	0
IS	408	90	90	0	0
IS	409	98	98	0	0
IS	410	80	80	0	0
IS	411	75	75	0	0
IS	412	82	82	0	0
IS	413	75	75	0	0
IS	414	60	60	0	0
IS	415	73	73	0	0
IS	416	66	66	0	0
IS	417	68	68	0	0
IS	418	76	76	0	0
IS	419	80	80	0	0
IS	420	76	76	0	0
IS	421	62	62	0	0
IS	422	59	59	0	0
IS	423	87	87	0	0
IS	424	78	78	0	0
IS	425	62	62	0	0
IS	426	67	67	0	0
IS	427	56	56	0	0
IS	428	55	55	0	0
IS	429	69	69	0	0
IS	430	58	58	0	0
IS	431	69	69	0	0
IS	432	53	53	0	0
IS	433	61	61	0	0
IS	434	71	71	0	0
IS	435	70	70	0	0
IS	436	71	71	0	0
IS	437	61	61	0	0
IS	438	50	50	0	0
IS	439	70	70	0	0
IS	440	53	53	0	0
IS	441	60	60	0	0
IS	442	59	59	0	0
IS	443	52	52	0	0
IS	444	56	56	0	0
IS	445	59	59	0	0
IS	446	64	64	0	0
IS	447	53	53	0	0
IS	448	65	65	0	0
IS	449	51	51	0	0
IS	450	53	53	0	0
IS	451	42	42	0	0
IS	452	50	50	0	0
IS	453	45	45	0	0
IS	454	53	53	0	0
IS	455	48	48	0	0
IS	456	43	43	0	0
IS	457	32	32	0	0
IS	458	41	41	0	0
IS	459	35	35	0	0
IS	460	32	32	0	0
IS	461	46	46	0	0
IS	462	39	39	0	0
IS	463	41	41	0	0
IS	464	40	40	0	0
IS	465	43	43	0	0
IS	466	49	49	0	0
IS	467	33	33	0	0
IS	468	36	36	0	0
IS	469	40	40	0	0
IS	470	37	37	0	0
IS	471	46	46	0	0
IS	472	29	29	0	0
IS	473	35	35	0	0
IS	474	44	44	0	0
IS	475	30	30	0	0
IS	476	28	28	0	0
IS	477	36	36	0	0
IS	478	31	31	0	0
IS	479	27	27	0	0
IS	480	23	23	0	0
IS	481	32	32	0	0
IS	482	27	27	0	0
IS	483	24	24	0	0
IS	484	32	32	0	0
IS	485	25	25	0	0
IS	486	30	30	0	0
IS	487	23	23	0	0
IS	488	31	31	0	0
IS	489	27	27	0	0
IS	490	23	23	0	0
IS	491	26	26	0	0
IS	492	22	22	0	0
IS	493	23	23	0	0
IS	494	24	24	0	0
IS	495	21	21	0	0
IS	496	25	25	0	0
IS	497	17	17	0	0
IS	498	27	27	0	0
IS	499	21	21	0	0
IS	500	33	33	0	0
IS	501	24	24	0	0
IS	502	22	22	0	0
IS	503	22	22	0	0
IS	504	24	24	0	0
IS	505	22	22	0	0
IS	506	15	15	0	0
IS	507	17	17	0	0
IS	508	15	15	0	0
IS	509	17	17	0	0
IS	510	21	21	0	0
IS	511	20	20	0	0
IS	512	19	19	0	0
# Read lengths. Use `grep ^RL | cut -f 2-` to extract this part. The columns are: read length, count
RL	31	12
RL	32	12
RL	33	12
RL	34	2
RL	35	8
RL	36	6
RL	37	8
RL	38	2
RL	39	8
RL	40	2
RL	41	4
RL	42	2
RL	43	6
RL	44	6
RL	45	2
RL	47	4
RL	48	2
RL	49	4
RL	50	2
RL	51	4
RL	52	2
RL	53	8
RL	54	4
RL	55	6
RL	56	4
RL	57	4
RL	58	4
RL	59	4
RL	60	2
RL	61	2
RL	62	6
RL	63	8
RL	64	4
RL	65	4
RL	66	2
RL	67	4
RL	68	6
RL	69	6
RL	70	4
RL	71	2
RL	74	6
RL	75	8
RL	76	2
RL	77	4
RL	78	2
RL	80	2
RL	81	2
RL	82	4
RL	83	4
RL	85	12
RL	86	12
RL	87	4
RL	88	16
RL	89	18
RL	90	24
RL	91	18
RL	92	20
RL	93	42
RL	94	34
RL	95	42
RL	96	36
RL	97	40
RL	98	50
RL	99	64
RL	100	228702
# Read lengths - first fragments. Use `grep ^FRL | cut -f 2-` to extract this part. The columns are: read length, count
FRL	31	6
FRL	32	6
FRL	33	6
FRL	34	1
FRL	35	4
FRL	36	3
FRL	37	4
FRL	38	1
FRL	39	4
FRL	40	1
FRL	41	2
FRL	42	1
FRL	43	3
FRL	44	3
FRL	45	1
FRL	47	2
FRL	48	1
FRL	49	2
FRL	50	1
FRL	51	2
FRL	52	1
FRL	53	4
FRL	54	2
FRL	55	3
FRL	56	2
FRL	57	2
FRL	58	2
FRL	59	2
FRL	60	1
FRL	61	1
FRL	62	3
FRL	63	4
FRL	64	2
FRL	65	2
FRL	66	1
FRL	67	2
FRL	68	3
FRL	69	3
FRL	70	2
FRL	71	1
FRL	74	3
FRL	75	4
FRL	76	1
FRL	77	2
FRL	78	1
FRL	80	1
FRL	81	1
FRL	82	2
FRL	83	2
FRL	85	6
FRL	86	6
FRL	87	2
FRL	88	8
FRL	89	9
FRL	90	12
FRL	91	9
FRL	92	10
FRL	93	21
FRL	94	17
FRL	95	21
FRL	96	18
FRL	97	20
FRL	98	25
FRL	99	32
FRL	100	114351
# Read lengths - last fragments. Use `grep ^LRL | cut -f 2-` to extract this part. The columns are: read length, count
LRL	31	6
LRL	32	6
LRL	33	6
LRL	34	1
LRL	35	4
LRL	36	3
LRL	37	4
LRL	38	1
LRL	39	4
LRL	40	1
LRL	41	2
LRL	42	1
LRL	43	3
LRL	44	3
LRL	45	1
LRL	47	2
LRL	48	1
LRL	49	2
LRL	50	1
LRL	51	2
LRL	52	1
LRL	53	4
LRL	54	2
LRL	55	3
LRL	56	2
LRL	57	2
LRL	58	2
LRL	59	2
LRL	60	1
LRL	61	1
LRL	62	3
LRL	63	4
LRL	64	2
LRL	65	2
LRL	66	1
LRL	67	2
LRL	68	3
LRL	69	3
LRL	70	2
LRL	71	1
LRL	74	3
LRL	75	4
LRL	76	1
LRL	77	2
LRL	78	1
LRL	80	1
LRL	81	1
LRL	82	2
LRL	83	2
LRL	85	6
LRL	86	6
LRL	87	2
LRL	88	8
LRL	89	9
LRL	90	12
LRL	91	9
LRL	92	10
LRL	93	21
LRL	94	17
LRL	95	21
LRL	96	18
LRL	97	20
LRL	98	25
LRL	99	32
LRL	100	114351
# Mapping qualities for reads !(UNMAP|SECOND|SUPPL|QCFAIL|DUP). Use `grep ^MAPQ | cut -f 2-` to extract this part. The columns are: mapq, count
MAPQ	0	19874
MAPQ	1	46
MAPQ	2	6
MAPQ	3	110
MAPQ	4	13
MAPQ	5	26
MAPQ	6	32
MAPQ	7	58
MAPQ	8	19
MAPQ	9	133
MAPQ	10	46
MAPQ	11	18
MAPQ	12	29
MAPQ	13	41
MAPQ	14	12
MAPQ	15	89
MAPQ	16	29
MAPQ	17	38
MAPQ	18	40
MAPQ	19	85
MAPQ	20	103
MAPQ	21	139
MAPQ	22	192
MAPQ	23	253
MAPQ	24	411
MAPQ	25	818
MAPQ	26	27
MAPQ	27	1951
MAPQ	28	12
MAPQ	29	18
MAPQ	30	36
MAPQ	31	38
MAPQ	32	11
MAPQ	33	108
MAPQ	34	16
MAPQ	35	8
MAPQ	36	24
MAPQ	37	68
MAPQ	38	19
MAPQ	39	152
MAPQ	40	2004
MAPQ	41	35
MAPQ	42	96
MAPQ	43	82
MAPQ	44	72
MAPQ	45	192
MAPQ	46	141
MAPQ	47	272
MAPQ	48	433
MAPQ	49	419
MAPQ	50	1516
MAPQ	51	71
MAPQ	52	166
MAPQ	53	45
MAPQ	54	80
MAPQ	55	201
MAPQ	56	9
MAPQ	57	255
MAPQ	58	12
MAPQ	59	23
MAPQ	60	198070
# Indel distribution. Use `grep ^ID | cut -f 2-` to extract this part. The columns are: length, number of insertions, number of deletions
ID	1	646	787
ID	2	114	187
ID	3	74	87
ID	4	53	66
ID	5	32	22
ID	6	15	23
ID	7	5	7
ID	8	7	6
ID	9	5	3
ID	10	2	6
ID	11	2	3
ID	12	3	9
ID	13	1	1
ID	14	1	1
ID	15	1	3
ID	16	2	3
ID	18	0	2
ID	19	0	1
ID	21	0	5
ID	22	0	1
ID	23	0	1
ID	35	0	1
# Indels per cycle. Use `grep ^IC | cut -f 2-` to extract this part. The columns are: cycle, number of insertions (fwd), .. (rev) , number of deletions (fwd), .. (rev)
IC	3	0	0	4	1
IC	4	3	3	3	4
IC	5	4	5	5	3
IC	6	3	12	3	10
IC	7	6	2	4	5
IC	8	3	5	4	6
IC	9	6	4	5	8
IC	10	6	6	7	11
IC	11	6	7	5	3
IC	12	9	5	6	8
IC	13	6	3	7	9
IC	14	5	5	5	4
IC	15	9	3	2	14
IC	16	2	9	3	4
IC	17	4	3	10	4
IC	18	5	6	3	10
IC	19	6	7	3	7
IC	20	3	5	10	8
IC	21	7	5	7	7
IC	22	9	8	8	7
IC	23	5	3	7	7
IC	24	4	2	3	7
IC	25	5	6	8	11
IC	26	4	5	10	8
IC	27	12	7	10	6
IC	28	4	4	6	3
IC	29	8	8	4	4
IC	30	5	7	9	5
IC	31	6	5	10	6
IC	32	4	4	10	9
IC	33	6	2	4	11
IC	34	8	8	6	12
IC	35	7	7	9	6
IC	36	5	6	6	5
IC	37	6	6	3	9
IC	38	5	5	4	8
IC	39	1	6	8	9
IC	40	3	7	9	9
IC	41	7	6	7	6
IC	42	6	7	7	6
IC	43	3	3	8	8
IC	44	9	6	7	9
IC	45	5	6	7	7
IC	46	10	7	7	7
IC	47	4	4	5	10
IC	48	8	8	8	4
IC	49	8	5	5	10
IC	50	6	2	5	3
IC	51	4	6	4	6
IC	52	3	9	13	9
IC	53	2	3	8	6
IC	54	9	4	11	7
IC	55	11	3	9	4
IC	56	6	6	5	8
IC	57	4	3	6	4
IC	58	5	3	10	8
IC	59	8	4	9	6
IC	60	6	2	9	2
IC	61	8	4	10	10
IC	62	3	5	8	8
IC	63	6	5	5	6
IC	64	4	4	15	8
IC	65	0	8	3	7
IC	66	5	4	6	6
IC	67	6	3	6	3
IC	68	9	4	4	5
IC	69	3	8	8	6
IC	70	13	2	4	9
IC	71	6	3	3	8
IC	72	6	3	9	2
IC	73	4	3	6	8
IC	74	2	3	8	8
IC	75	3	5	11	5
IC	76	4	4	3	5
IC	77	4	4	8	6
IC	78	6	4	9	5
IC	79	8	1	9	4
IC	80	6	6	7	6
IC	81	5	5	5	9
IC	82	5	4	6	8
IC	83	6	7	6	9
IC	84	3	6	6	3
IC	85	4	4	8	8
IC	86	7	2	8	12
IC	87	4	5	3	8
IC	88	5	2	5	4
IC	89	8	8	5	1
IC	90	1	5	2	5
IC	91	3	4	5	7
IC	92	2	3	4	2
IC	93	4	4	7	2
IC	94	3	4	4	3
IC	95	3	5	5	4
IC	96	5	9	3	7
IC	97	2	5	2	4
# Coverage distribution. Use `grep ^COV | cut -f 2-` to extract this part.
COV	[1-1]	1	15065131
COV	[2-2]	2	2796835
COV	[3-3]	3	530296
COV	[4-4]	4	110962
COV	[5-5]	5	24910
COV	[6-6]	6	6482
COV	[7-7]	7	2204
COV	[8-8]	8	704
COV	[9-9]	9	282
COV	[10-10]	10	153
COV	[11-11]	11	74
COV	[12-12]	12	65
COV	[13-13]	13	58
COV	[14-14]	14	17
# GC-depth. Use `grep ^GCD | cut -f 2-` to extract this part. The columns are: GC%, unique sequence percentiles, 10th, 25th, 50th, 75th and 90th depth percentile
GCD	0.0	0.197	0.005	0.005	0.005	0.005	0.005
GCD	2.4	0.200	0.020	0.020	0.020	0.020	0.020
GCD	12.0	0.203	0.010	0.010	0.010	0.010	0.010
GCD	14.0	0.206	0.010	0.010	0.010	0.010	0.010
GCD	15.0	0.209	0.010	0.010	0.010	0.010	0.010
GCD	16.0	0.212	0.010	0.010	0.010	0.010	0.010
GCD	19.0	0.215	0.050	0.050	0.050	0.050	0.050
GCD	20.0	0.230	0.005	0.007	0.010	0.010	0.010
GCD	21.0	0.236	0.005	0.005	0.005	0.005	0.005
GCD	22.0	0.251	0.010	0.010	0.010	0.010	0.010
GCD	23.0	0.266	0.005	0.007	0.010	0.010	0.010
GCD	24.0	0.290	0.005	0.006	0.010	0.010	0.010
GCD	25.0	0.402	0.010	0.010	0.010	0.010	0.020
GCD	26.0	0.572	0.010	0.010	0.010	0.015	0.020
GCD	27.0	0.708	0.008	0.010	0.010	0.020	0.030
GCD	28.0	1.083	0.010	0.010	0.010	0.020	0.030
GCD	29.0	1.510	0.010	0.010	0.020	0.027	0.040
GCD	30.0	2.312	0.010	0.010	0.010	0.030	0.044
GCD	31.0	3.849	0.010	0.010	0.020	0.030	0.050
GCD	32.0	5.773	0.010	0.010	0.020	0.040	0.060
GCD	33.0	7.946	0.010	0.010	0.030	0.040	0.060
GCD	34.0	11.132	0.010	0.010	0.025	0.050	0.070
GCD	35.0	13.925	0.010	0.020	0.030	0.050	0.080
GCD	36.0	17.565	0.010	0.020	0.030	0.050	0.080
GCD	37.0	21.874	0.010	0.010	0.030	0.050	0.075
GCD	38.0	27.020	0.010	0.010	0.030	0.047	0.070
GCD	39.0	31.190	0.010	0.015	0.030	0.050	0.070
GCD	40.0	35.205	0.010	0.020	0.030	0.050	0.080
GCD	41.0	39.792	0.010	0.010	0.025	0.050	0.070
GCD	42.0	43.777	0.010	0.020	0.030	0.050	0.080
GCD	43.0	47.629	0.010	0.010	0.030	0.050	0.080
GCD	44.0	52.062	0.010	0.010	0.020	0.040	0.070
GCD	45.0	55.587	0.010	0.010	0.030	0.050	0.070
GCD	46.0	58.816	0.010	0.020	0.030	0.050	0.080
GCD	47.0	62.241	0.010	0.010	0.020	0.040	0.070
GCD	48.0	65.076	0.010	0.010	0.030	0.050	0.070
GCD	49.0	67.733	0.010	0.010	0.030	0.050	0.080
GCD	50.0	71.122	0.010	0.010	0.020	0.040	0.070
GCD	51.0	73.921	0.010	0.010	0.030	0.050	0.075
GCD	52.0	76.287	0.010	0.010	0.030	0.050	0.070
GCD	53.0	78.508	0.010	0.010	0.025	0.050	0.070
GCD	54.0	80.710	0.010	0.020	0.030	0.050	0.070
GCD	55.0	82.871	0.010	0.010	0.030	0.050	0.080
GCD	56.0	85.434	0.010	0.010	0.020	0.050	0.070
GCD	57.0	87.531	0.010	0.017	0.030	0.060	0.080
GCD	58.0	89.373	0.010	0.015	0.030	0.050	0.080
GCD	59.0	91.192	0.010	0.012	0.030	0.050	0.080
GCD	60.0	92.935	0.010	0.010	0.030	0.050	0.070
GCD	61.0	94.417	0.010	0.010	0.020	0.040	0.070
GCD	62.0	95.994	0.010	0.010	0.020	0.040	0.060
GCD	63.0	97.080	0.010	0.010	0.020	0.040	0.070
GCD	64.0	97.846	0.010	0.010	0.020	0.040	0.060
GCD	65.0	98.411	0.010	0.010	0.020	0.030	0.051
GCD	66.0	98.880	0.010	0.010	0.020	0.030	0.040
GCD	67.0	99.174	0.010	0.010	0.020	0.032	0.050
GCD	68.0	99.386	0.010	0.010	0.010	0.020	0.049
GCD	69.0	99.592	0.010	0.010	0.010	0.020	0.030
GCD	70.0	99.688	0.010	0.010	0.010	0.020	0.020
GCD	71.0	99.764	0.010	0.010	0.010	0.017	0.020
GCD	72.0	99.831	0.010	0.010	0.010	0.012	0.020
GCD	73.0	99.879	0.010	0.010	0.010	0.010	0.020
GCD	74.0	99.921	0.010	0.010	0.010	0.010	0.020
GCD	75.0	99.961	0.010	0.010	0.010	0.010	0.020
GCD	76.0	99.973	0.010	0.010	0.010	0.017	0.020
GCD	77.0	99.982	0.010	0.010	0.010	0.010	0.010
GCD	78.0	99.985	0.010	0.010	0.010	0.010	0.010
GCD	79.0	99.988	0.010	0.010	0.010	0.010	0.010
GCD	80.0	99.994	0.010	0.010	0.010	0.010	0.010
GCD	81.0	100.000	0.010	0.010	0.010	0.010	0.010
