# This file was produced by samtools stats (1.23+htslib-1.23) and can be plotted using plot-bamstats
# This file contains statistics for all reads.
# The command line was:  stats data/EUR/CEU/NA06989/aligned/NA06989.bam
# CHK, Checksum	[2]Read Names	[3]Sequences	[4]Qualities
# CHK, CRC32 of reads which passed filtering followed by addition (32bit overflow)
CHK	e49bfb61	3b38fb40	cfd65bf3
# Summary Numbers. Use `grep ^SN | cut -f 2-` to extract this part.
SN	raw total sequences:	475622	# excluding supplementary and secondary reads
SN	filtered sequences:	0
SN	sequences:	475622
SN	is sorted:	1	# sorted by coordinate
SN	1st fragments:	237811
SN	last fragments:	237811
SN	reads mapped:	472523
SN	reads mapped and paired:	472498	# paired-end technology bit set + both mates mapped
SN	reads unmapped:	3099
SN	reads properly paired:	469486	# proper-pair bit set
SN	reads paired:	475622	# paired-end technology bit set
SN	reads duplicated:	0	# PCR or optical duplicate bit set
SN	reads MQ0:	40828	# mapped and MQ=0
SN	reads QC failed:	0
SN	non-primary alignments:	0
SN	supplementary alignments:	264
SN	total length:	36088364	# ignores clipping
SN	total first fragment length:	18044182	# ignores clipping
SN	total last fragment length:	18044182	# ignores clipping
SN	bases mapped:	35852987	# ignores clipping
SN	bases mapped (cigar):	35658333	# more accurate
SN	bases trimmed:	0
SN	bases duplicated:	0
SN	mismatches:	170509	# from NM fields
SN	error rate:	4.781744e-03	# mismatches / bases mapped (cigar)
SN	average length:	76
SN	average first fragment length:	76
SN	average last fragment length:	76
SN	maximum length:	76
SN	maximum first fragment length:	76
SN	maximum last fragment length:	76
SN	average quality:	34.3
SN	insert size average:	174.2
SN	insert size standard deviation:	69.1
SN	inward oriented pairs:	235214
SN	outward oriented pairs:	239
SN	pairs with other orientation:	63
SN	pairs on different chromosomes:	733
SN	percentage of properly paired reads (%):	98.7
# First Fragment Qualities. Use `grep ^FFQ | cut -f 2-` to extract this part.
# Columns correspond to qualities and rows to cycles. First column is the cycle number.
FFQ	1	121	0	0	0	0	0	0	0	11	5	26	26	34	42	135	30	45	51	65	44	294	61	177	357	474	317	32	704	999	832	375	2252	471	3233	1926	6555	9609	13729	38817	155899	63	0
FFQ	2	491	0	0	0	0	0	3	5	11	17	13	37	31	58	90	65	74	67	136	153	220	239	259	415	359	486	397	567	974	780	800	1961	950	3210	2525	6063	10613	17741	33407	154554	40	0
FFQ	3	0	0	0	0	0	0	4	11	8	37	38	48	39	75	87	86	100	122	177	175	219	317	244	435	398	428	429	627	1010	777	877	1971	1042	3232	2760	5655	10724	17866	33153	154597	43	0
FFQ	4	0	0	0	0	0	2	8	12	22	43	34	62	65	82	97	102	101	141	146	193	195	332	228	355	377	424	398	700	806	826	884	1890	999	3100	2863	5806	10844	18346	32682	154612	34	0
FFQ	5	26	0	0	0	1	2	13	23	26	34	55	64	65	76	91	117	107	149	192	209	209	325	257	354	363	437	426	759	786	754	911	1781	944	3251	2932	5431	10886	18485	32765	154469	36	0
FFQ	6	25	0	0	0	1	2	11	23	34	36	45	52	71	78	87	124	111	154	180	199	207	317	223	329	392	379	428	791	695	701	927	1846	928	3387	2852	5466	10861	18799	31556	155485	9	0
FFQ	7	0	0	0	0	1	5	12	14	25	37	46	81	56	76	80	138	100	176	171	208	212	356	242	387	387	457	488	757	845	753	1045	1929	967	3796	2920	6048	11804	18875	31250	153059	8	0
FFQ	8	100	0	0	0	1	3	9	11	21	37	51	67	52	81	94	122	87	142	180	197	211	351	273	415	414	454	505	815	865	870	1296	1929	1200	4069	3226	6374	12395	21373	28593	150922	6	0
FFQ	9	0	0	0	0	2	5	6	10	24	45	59	58	56	80	85	92	90	163	191	210	214	342	287	429	371	490	511	755	930	889	1219	2023	1108	4097	3242	6273	12077	20077	30278	151009	14	0
FFQ	10	0	0	0	0	3	3	7	23	33	42	33	62	58	85	87	111	94	149	210	199	232	362	298	429	428	513	511	847	1012	860	1301	2067	1196	4298	3263	6614	12956	20630	29721	149068	6	0
FFQ	11	0	0	0	0	1	5	20	33	32	42	61	78	62	84	89	114	113	175	189	196	230	350	253	372	439	516	500	793	791	762	1261	1992	1203	3878	3202	6308	12383	21189	30543	149542	10	0
FFQ	12	0	0	0	0	2	13	15	29	35	47	60	65	48	91	108	120	87	159	202	241	241	338	286	479	442	524	575	808	958	858	1418	2109	1266	4556	3516	6943	13387	21913	29797	146060	15	0
FFQ	13	0	0	0	0	2	4	8	29	32	49	68	75	67	90	121	108	118	174	204	225	254	374	312	458	469	577	530	890	1077	934	1549	2203	1344	4737	3486	7037	13572	22534	29430	144653	17	0
FFQ	14	0	0	0	0	2	5	7	14	32	49	67	57	59	89	112	114	89	157	176	234	266	350	320	411	489	568	611	942	1025	952	1594	2181	1477	4902	3699	7476	14070	23886	28415	142901	13	0
FFQ	15	0	0	0	0	1	5	18	26	28	44	61	63	64	92	95	111	109	168	188	219	280	369	298	465	444	619	614	944	1061	955	1731	2298	1559	5266	3861	7530	14454	24141	28578	141044	8	0
FFQ	16	0	0	0	0	5	12	38	31	38	58	71	96	70	110	105	148	128	213	246	246	298	363	344	456	483	551	639	958	987	983	1654	2364	1599	5229	4060	7377	14690	25592	27981	139582	6	0
FFQ	17	0	0	0	0	5	5	23	25	51	62	60	85	60	82	124	136	114	206	228	252	267	381	369	451	510	644	646	989	1071	1048	1826	2376	1636	5496	4110	7796	15117	25103	28713	137732	12	0
FFQ	18	0	0	0	0	6	4	18	40	40	68	79	83	77	106	119	156	99	184	219	252	315	429	340	488	516	639	760	1079	1200	1160	1864	2483	1687	5699	4373	8318	15775	25758	28758	134610	10	0
FFQ	19	0	0	0	0	2	4	19	30	37	65	91	91	79	101	115	135	115	228	225	316	319	449	370	498	608	661	790	1168	1234	1249	2088	2570	1851	6008	4516	8589	16227	27360	27363	132234	6	0
FFQ	20	0	0	0	0	8	5	25	35	34	76	84	86	76	121	125	136	121	212	249	259	323	453	366	532	614	708	754	1096	1304	1296	2107	2657	1985	6373	4497	8788	16406	27649	27537	130706	8	0
FFQ	21	0	0	0	0	13	21	47	78	98	101	125	141	128	154	169	220	154	265	304	308	423	513	473	572	661	731	866	1198	1256	1250	2224	2757	1961	6487	4805	8569	16747	28055	27967	127962	8	0
FFQ	22	0	0	1	0	8	16	40	53	87	91	113	125	117	156	145	198	150	268	309	325	422	507	441	576	721	824	901	1296	1362	1450	2395	2972	2207	6913	5110	9308	17145	28664	27988	124394	13	0
FFQ	23	0	0	1	0	8	8	25	47	43	71	93	100	85	133	141	181	162	254	283	334	370	450	451	558	659	755	857	1268	1360	1445	2447	2779	2497	6530	5229	9905	18292	31228	23328	125424	10	0
FFQ	24	0	0	1	0	9	9	29	25	41	71	76	74	77	117	119	146	145	204	285	318	342	475	451	561	694	800	896	1334	1336	1476	2426	2602	2377	6370	5382	9960	18316	31419	23362	125476	10	0
FFQ	25	0	0	2	0	10	5	24	36	42	68	80	90	98	140	122	151	141	227	298	334	362	478	451	563	758	788	859	1327	1392	1543	2608	2860	2521	6523	5458	10145	18527	32055	22888	123826	11	0
FFQ	26	0	0	2	0	8	24	42	61	75	73	99	106	102	142	110	193	177	241	279	306	374	415	425	491	700	729	889	1255	1185	1273	2396	2439	2268	6402	5548	9533	17772	33221	22299	126146	11	0
FFQ	27	0	0	3	0	12	6	22	46	55	83	86	120	92	153	131	167	182	244	267	368	401	466	482	544	722	798	905	1393	1338	1425	2812	2628	2617	7161	5882	10487	18436	34820	21169	121277	11	0
FFQ	28	0	0	3	0	10	10	24	45	51	75	90	100	101	144	125	143	137	249	262	360	381	472	490	541	750	773	929	1351	1320	1524	2788	2703	2672	7018	5883	10605	18825	34859	21151	120836	11	0
FFQ	29	0	0	4	0	16	15	34	42	54	82	98	101	93	188	127	188	156	269	277	377	413	523	491	557	839	851	986	1489	1514	1579	3011	2902	2883	7597	6362	10949	19210	35759	20447	117316	12	0
FFQ	30	0	0	4	0	8	8	29	50	55	75	119	122	106	178	149	175	144	264	293	389	478	531	517	542	852	946	952	1484	1585	1696	3091	2933	2853	7860	6372	11473	19554	36278	20408	115226	12	0
FFQ	31	0	0	5	0	16	34	64	95	115	109	149	142	128	194	155	245	223	301	379	438	474	533	545	577	870	992	1075	1565	1420	1633	3125	2766	2952	7635	6809	11299	20197	37368	19524	113650	10	0
FFQ	32	0	0	5	0	9	13	43	71	77	90	137	120	91	180	127	242	179	308	318	439	516	520	551	581	925	1030	1090	1709	1520	1825	3242	2964	3192	7892	6926	11732	20711	37759	19513	111126	10	0
FFQ	33	0	0	5	0	16	21	39	64	71	129	135	146	132	212	181	238	216	314	384	457	577	578	616	685	994	1081	1157	1777	1635	1967	3574	3145	3509	8471	7318	12541	21758	39393	17953	106254	12	0
FFQ	34	0	0	5	0	18	18	47	63	57	106	140	127	120	209	163	232	214	323	397	452	535	594	695	655	1073	1070	1225	1924	1605	2131	3654	3216	3851	8403	8315	13290	22950	40976	14348	104509	10	0
FFQ	35	0	0	4	0	13	19	39	67	61	105	133	137	110	185	157	252	252	327	394	456	633	605	697	639	1082	1106	1270	1959	1730	2168	3808	3268	3969	8470	8475	13529	23397	41375	13839	102959	7	0
FFQ	36	0	0	3	0	45	37	82	109	120	130	147	183	125	256	184	315	258	373	407	522	589	566	667	634	1082	1057	1227	1802	1606	1995	3857	3183	3858	8549	8616	13147	23288	41499	13620	103534	5	0
FFQ	37	0	0	5	0	35	32	70	104	110	149	194	173	143	251	151	307	278	342	475	588	647	635	736	681	1311	1185	1440	2103	1837	2264	4275	3502	4316	9174	9415	14066	24914	42845	11930	96970	8	0
FFQ	38	0	0	6	0	30	25	56	94	80	151	179	196	143	253	162	275	238	379	430	517	703	615	784	652	1252	1182	1386	2145	1921	2278	4293	3499	4299	9233	9430	14209	25042	42785	12205	96510	11	0
FFQ	39	0	0	11	0	12	19	43	92	69	142	173	166	131	243	158	287	287	385	497	619	717	727	844	773	1342	1301	1476	2218	1989	2427	4547	3804	4631	9942	10154	14859	26114	43598	11073	91758	5	0
FFQ	40	0	0	9	0	25	17	53	108	66	134	185	187	118	271	155	306	261	438	421	575	724	704	907	764	1391	1267	1541	2316	2035	2508	4662	3829	4683	9714	10018	14639	25972	43642	10983	91976	11	0
FFQ	41	0	0	10	0	51	44	99	113	183	160	204	206	137	268	219	384	350	426	520	654	793	713	866	762	1408	1346	1578	2220	1905	2670	4512	3772	4673	9497	10490	14955	26384	42809	11628	90587	4	0
FFQ	42	0	0	11	0	52	44	113	172	172	193	290	298	188	403	251	423	377	498	577	754	957	816	1063	870	1580	1516	1803	2776	2292	2872	5236	4156	5120	10501	11070	15459	27495	43522	10074	83584	6	0
FFQ	43	0	0	13	0	50	30	87	181	148	208	255	283	185	395	205	410	413	545	618	738	927	805	1031	983	1775	1594	1891	2976	2380	3160	5420	4434	5509	10996	11673	16037	28012	43820	9297	80085	5	0
FFQ	44	0	0	17	0	39	22	86	140	93	161	217	248	156	333	199	409	410	483	599	753	947	849	1091	960	1671	1606	1811	2720	2289	3131	5464	4594	5649	11005	11781	16153	28461	44226	9151	79634	5	0
FFQ	45	0	0	29	0	52	21	72	143	98	182	221	209	159	395	220	411	410	479	559	781	993	867	1150	958	1798	1597	1951	2945	2473	3387	5551	4551	5650	11235	11956	16364	28999	44316	8595	77776	3	0
FFQ	46	0	0	47	0	54	64	142	155	197	197	267	292	189	381	238	459	510	542	584	896	1052	912	1205	1030	1888	1709	2064	2893	2583	3474	5688	4934	6237	11263	12949	17109	30056	43994	7863	73420	4	0
FFQ	47	0	0	225	0	55	45	124	195	128	209	267	282	181	371	211	542	484	530	640	834	1124	952	1311	1052	1999	1786	2127	3156	2707	3649	6084	5257	6336	11759	13310	17561	30756	44414	7413	69450	8	0
FFQ	48	0	0	563	0	40	31	91	184	124	200	310	291	166	452	225	479	515	557	659	949	1152	1037	1281	1029	1973	1749	2240	3320	2877	3791	6308	5423	6466	11884	13559	17326	30581	44265	7231	68196	5	0
FFQ	49	0	0	1120	0	73	38	97	204	121	220	311	334	169	480	209	441	507	586	709	989	1214	1064	1367	1080	2158	1852	2243	3411	2887	4006	6426	5674	6743	12488	14123	17734	31407	43905	6557	64570	5	0
FFQ	50	0	0	2090	0	36	36	75	196	111	221	276	290	181	488	246	444	536	569	691	945	1060	1102	1372	1121	2201	1958	2245	3572	2969	3920	6656	5956	6894	12845	14226	18147	31629	43637	6366	62199	4	0
FFQ	51	0	0	3590	0	54	84	179	179	203	214	309	341	191	501	225	563	579	657	674	1027	1228	1030	1367	1104	2117	1877	2324	3337	2905	3966	6514	5868	6835	12470	14455	18387	31827	43059	6561	60702	0	0
FFQ	52	0	0	4101	0	60	58	144	265	174	281	406	401	194	541	273	590	638	708	810	1120	1395	1170	1615	1228	2516	2123	2530	3806	3232	4262	7109	6295	7145	13149	15082	18826	32503	42278	5352	55116	3	0
FFQ	53	0	0	4688	0	66	42	131	281	142	276	413	409	210	571	260	600	639	680	791	1212	1420	1267	1610	1231	2470	2173	2538	3933	3316	4464	7185	6538	7503	13580	15332	18767	32777	42191	5277	52506	3	0
FFQ	54	0	0	5600	0	73	45	107	269	110	245	393	372	182	571	245	533	620	681	800	1188	1347	1335	1675	1242	2438	2088	2581	3939	3364	4511	7053	6896	7581	13799	15627	19012	32928	41851	5110	51068	2	0
FFQ	55	0	0	7087	0	59	40	85	298	115	210	359	332	185	578	241	538	620	667	852	1200	1381	1421	1783	1283	2633	2230	2722	4002	3449	4566	7570	7249	7471	14181	16026	19463	33572	41279	4343	47376	5	0
FFQ	56	0	0	9069	0	84	111	200	246	208	268	324	407	200	557	281	643	725	771	752	1260	1461	1301	1695	1229	2536	2158	2649	3855	3453	4613	7224	7246	7617	14116	16035	19795	33645	40103	4572	46050	1	0
FFQ	57	0	0	9715	0	90	66	156	276	178	269	383	399	178	656	261	617	795	761	872	1285	1554	1421	1864	1338	2869	2455	2852	4315	3697	4913	7650	7700	7996	14648	16789	19862	34211	38872	3908	41569	4	0
FFQ	58	0	0	10592	0	86	58	116	356	146	311	443	445	223	699	269	639	807	817	912	1383	1561	1575	1961	1388	3065	2480	2922	4467	3764	5229	7957	7933	8130	15055	16655	19693	34111	38422	3654	39100	3	0
FFQ	59	0	0	11857	0	69	52	129	384	135	293	435	463	192	684	268	608	788	805	901	1390	1565	1572	1929	1428	2929	2481	3070	4399	4021	4993	8125	8054	8268	15146	16968	19620	34242	37839	3366	37934	0	0
FFQ	60	0	0	13835	0	57	43	125	334	116	228	366	379	169	644	240	604	767	804	893	1414	1512	1710	1971	1348	3090	2442	3080	4418	3934	5096	8016	8425	8329	15313	17155	20179	34869	37083	3068	35322	0	0
FFQ	61	0	0	16503	0	101	118	227	236	205	264	354	449	190	634	274	738	811	800	835	1355	1653	1666	2057	1390	2953	2544	3025	4462	3845	5337	7951	8559	8233	15418	17338	20704	34510	35036	3051	33523	0	0
FFQ	62	0	0	17387	0	107	74	204	427	175	305	478	478	187	724	270	780	866	865	1016	1603	1837	1813	2170	1490	3370	2743	3297	4781	4214	5508	8102	9102	8360	15678	17771	20260	34393	33876	2687	29915	2	0
FFQ	63	0	0	18562	0	79	65	167	419	148	285	435	513	183	789	285	708	956	883	1015	1696	1760	1954	2291	1518	3402	2726	3393	5046	4467	5748	8391	9555	8409	16375	17888	20273	34414	32728	2384	27362	1	0
FFQ	64	0	0	20154	0	86	63	148	421	117	266	497	482	195	817	251	737	955	877	1063	1699	1675	1985	2402	1552	3546	2844	3436	4978	4355	5675	8433	9741	8430	16324	17758	20122	34077	32603	2258	26185	0	0
FFQ	65	0	0	22584	0	64	37	114	373	97	245	373	459	162	705	248	675	925	795	1017	1545	1536	1936	2240	1472	3362	2641	3358	4918	4429	5715	8634	9777	8715	16432	17953	20266	34045	31924	2197	25183	0	0
FFQ	66	0	0	26012	0	87	98	229	293	197	247	352	446	181	635	275	742	967	840	889	1684	1836	1825	2394	1460	3368	2807	3300	4911	4472	5812	8295	9970	8159	16503	17995	21443	34314	29462	1972	22581	1	0
FFQ	67	0	0	27163	0	80	73	206	364	156	269	435	486	175	814	233	772	1027	933	1013	1806	1874	2007	2520	1570	3743	2840	3484	5073	4834	5912	8472	10448	8631	16923	18010	20767	33038	28480	1835	20467	1	0
FFQ	68	0	0	28748	0	85	41	131	477	103	252	439	544	158	888	242	735	1071	870	1055	1849	1839	2085	2481	1533	3749	2792	3505	5258	4709	5969	8578	10681	8652	16776	18201	20324	33098	27984	1677	19226	1	0
FFQ	69	0	0	31236	0	66	39	141	436	105	222	470	492	138	860	233	665	1114	856	1090	1900	1775	2301	2753	1580	3828	2920	3672	5293	4745	6010	8862	11225	8806	17614	18183	20475	32394	26004	1413	16747	1	0
FFQ	70	0	0	34967	0	63	33	97	429	85	238	363	445	138	768	212	671	1109	818	1101	1790	1826	2347	2699	1541	3846	2960	3651	5387	4862	5991	9002	11682	8476	17738	17871	20474	31650	24469	1254	15429	0	0
FFQ	71	0	0	40742	0	55	82	169	172	109	164	281	399	139	542	231	825	1087	1135	1026	2171	2097	2681	2852	2036	3920	3637	3860	5554	5117	7436	8849	11700	10564	16654	21310	20006	29476	19302	1162	8714	1	0
FFQ	72	0	0	41934	0	57	64	164	329	115	202	339	390	149	707	196	829	1246	1178	1129	2206	2218	2922	3108	1987	4176	3761	4017	6227	5362	7681	9137	11932	10795	16706	21284	19168	28335	17482	999	7458	2	0
FFQ	73	0	0	43486	0	64	33	145	467	84	223	470	550	133	878	234	971	1530	1229	1378	2559	2430	3431	3754	2307	4815	4196	4397	6728	5867	7703	9430	12648	10137	17805	19973	18133	26034	14806	735	5900	0	0
FFQ	74	0	0	45111	0	50	23	101	409	64	210	365	446	114	750	200	910	1456	1190	1313	2573	2224	3143	3445	2045	4715	3924	4189	6431	5540	7652	9287	12119	10690	17002	20570	18134	26103	15732	909	6159	3	0
FFQ	75	0	0	47301	0	22	10	43	159	39	124	175	258	78	518	148	968	1607	1236	1364	2740	2414	3256	3464	2173	4755	4001	4336	6507	5730	7492	9349	12269	10214	17165	20297	17375	25377	15021	718	6193	2	0
FFQ	76	0	0	49501	0	0	0	0	0	0	0	0	0	0	0	0	822	863	1068	1254	1193	1701	1665	1693	1747	2430	3127	2626	4467	3328	5962	6895	8306	9456	10874	12459	23096	28391	25753	13996	11558	207	0
# Last Fragment Qualities. Use `grep ^LFQ | cut -f 2-` to extract this part.
# Columns correspond to qualities and rows to cycles. First column is the cycle number.
LFQ	1	0	0	0	0	0	0	0	0	4	0	0	0	11	50	134	0	0	38	0	30	116	52	128	416	326	153	0	660	1033	688	299	2316	437	3104	1658	7226	9771	10894	20976	175781	1510	0
LFQ	2	0	0	0	0	0	0	0	0	7	0	9	8	27	121	153	11	39	39	95	78	228	253	269	508	250	402	536	612	1194	887	773	2421	1071	3916	2662	6821	12234	15274	15742	170463	708	0
LFQ	3	0	0	0	0	0	0	1	2	9	9	20	30	47	149	128	24	53	71	100	91	211	321	251	526	296	417	493	653	1152	852	868	2286	1118	3833	2724	6719	12081	15442	18591	167555	688	0
LFQ	4	0	0	0	0	0	3	6	7	15	20	34	40	56	135	135	30	73	87	112	123	194	341	272	499	311	406	485	688	1084	799	866	2301	1104	3936	2781	6510	12062	15710	20878	165077	631	0
LFQ	5	0	0	0	0	0	0	12	9	21	27	46	44	66	135	107	61	74	91	145	136	241	346	270	489	381	436	488	730	1124	814	891	2393	1094	4242	2880	6640	12572	16100	20968	163236	502	0
LFQ	6	0	0	0	0	1	3	11	11	17	31	34	41	59	105	72	48	71	76	143	154	240	339	258	314	335	400	455	793	835	685	847	2168	1071	4003	2889	5944	12270	15947	22750	163921	470	0
LFQ	7	0	0	0	0	0	4	15	13	28	33	41	34	60	133	114	51	52	92	130	139	226	316	274	450	339	398	501	716	1056	768	1089	2270	1093	4263	2838	6389	12856	16447	22926	161105	552	0
LFQ	8	0	0	0	0	1	1	9	9	12	24	37	40	45	172	142	53	81	86	117	136	222	332	297	435	349	425	503	748	1138	814	1101	2386	1201	4486	2971	6872	13271	17189	22876	158614	616	0
LFQ	9	0	0	0	0	0	3	12	13	15	33	41	43	65	165	155	64	56	89	126	162	256	372	288	529	351	425	614	789	1266	910	1275	2439	1202	5034	3097	7134	13719	18193	23361	154920	595	0
LFQ	10	0	0	0	0	5	1	8	7	20	34	45	47	55	232	193	65	68	107	109	171	275	449	324	620	398	485	697	840	1452	903	1373	2692	1372	5544	3339	7456	14578	18794	23298	151167	588	0
LFQ	11	0	0	0	0	4	11	18	16	37	55	74	81	96	270	110	89	106	132	197	191	374	451	359	431	408	571	722	932	1228	971	1405	2721	1419	5541	3437	7507	15114	19079	26416	146686	552	0
LFQ	12	0	0	0	0	5	5	11	21	37	45	47	52	71	240	173	73	87	100	179	203	327	443	354	560	470	581	740	978	1364	1068	1520	2793	1438	5829	3826	7921	15485	19950	26627	143533	655	0
LFQ	13	0	0	0	0	5	4	9	24	24	52	56	69	82	274	213	79	85	136	175	221	346	502	411	692	482	585	775	1011	1603	1124	1624	2948	1698	6260	3785	8481	16193	20513	26377	140208	685	0
LFQ	14	0	0	0	0	7	5	11	27	37	42	77	65	105	326	268	77	76	137	168	238	365	533	445	694	550	611	870	1022	1722	1148	1785	3188	1664	6554	3941	8715	16736	21157	26819	136969	657	0
LFQ	15	0	0	0	0	6	1	14	27	23	33	68	56	64	238	164	67	88	121	142	235	325	463	356	607	466	626	800	981	1486	1223	1759	2817	1772	5882	4016	8400	16297	22153	24655	140699	681	0
LFQ	16	0	0	0	0	4	17	24	27	52	65	78	87	117	278	119	91	118	162	245	252	438	468	392	477	555	648	799	1026	1283	1116	1679	2840	1765	6139	4007	8320	16577	22895	25196	138875	580	0
LFQ	17	0	0	0	0	8	7	22	24	44	48	74	99	99	333	191	102	95	169	218	260	432	516	446	600	587	709	888	1152	1554	1338	1947	3074	1949	6638	4426	8864	17280	24192	24803	134001	622	0
LFQ	18	0	0	0	0	5	9	11	29	32	42	66	70	75	335	211	76	96	138	186	241	429	471	431	675	589	738	921	1140	1629	1354	2005	3173	2049	6736	4479	9292	17447	24285	25239	132432	675	0
LFQ	19	0	0	0	0	8	6	25	33	32	58	102	83	106	365	294	95	103	159	199	288	515	550	451	746	584	758	988	1179	1795	1438	2171	3230	2116	6945	4540	9364	17629	24483	25469	130229	675	0
LFQ	20	0	0	0	0	8	8	17	27	31	52	75	83	81	335	247	93	90	173	190	273	450	624	424	670	631	782	974	1209	1753	1494	2190	3244	2307	7343	4795	9648	18092	25908	24617	128277	596	0
LFQ	21	0	0	0	0	9	21	49	58	80	99	126	132	149	455	164	129	172	204	269	376	603	559	535	610	653	818	1134	1416	1731	1472	2193	3496	2271	7614	4990	9505	18417	25544	25296	125951	511	0
LFQ	22	0	0	1	0	10	13	35	29	44	63	104	136	107	392	187	145	145	179	238	320	541	560	536	623	738	937	1087	1429	1665	1696	2533	3253	2685	7397	5554	10253	18680	28001	22740	124170	585	0
LFQ	23	0	0	1	0	17	14	36	50	36	66	100	108	115	365	180	116	139	195	240	330	524	620	529	654	731	893	1095	1425	1687	1773	2585	3260	2818	7492	5468	10514	18829	28280	22905	122987	634	0
LFQ	24	0	0	2	0	7	26	37	46	33	76	111	122	110	474	239	117	139	205	247	362	593	673	567	682	787	984	1181	1552	1801	1848	2722	3339	2914	7888	5701	10882	19331	29314	22225	119838	636	0
LFQ	25	0	0	2	0	22	13	33	40	51	95	97	144	101	489	286	140	156	220	211	374	650	688	579	840	871	985	1173	1612	1888	1849	2981	3529	3194	8275	5989	11212	19453	30271	21781	116960	557	0
LFQ	26	0	0	5	0	20	27	59	65	87	110	126	147	140	459	154	155	205	255	344	423	722	624	648	558	822	1052	1278	1680	1675	1906	2874	3278	3055	7983	5948	10659	19434	30493	21008	118879	454	0
LFQ	27	0	0	6	0	19	17	71	57	80	128	168	211	177	684	240	185	223	273	338	509	803	704	708	684	997	1172	1313	1871	1999	2067	3408	3589	3461	9051	6410	11410	20067	32354	19493	112381	483	0
LFQ	28	0	0	7	0	24	34	54	69	68	103	158	216	129	638	279	182	198	263	338	478	774	715	756	816	1009	1154	1282	1968	2068	2187	3479	3757	3623	9081	6693	11972	20540	33106	19567	109554	472	0
LFQ	29	0	0	8	0	29	25	53	85	56	104	163	181	137	586	272	177	187	296	314	503	791	714	735	829	1051	1285	1382	1939	2086	2249	3593	3738	3884	9289	7058	11993	20905	33332	19234	108061	487	0
LFQ	30	6	0	10	0	17	17	50	91	54	113	163	195	143	655	326	204	186	252	332	521	809	773	765	863	991	1220	1463	2037	2277	2357	3659	3860	3783	9387	6958	12084	21148	33843	19371	106366	462	0
LFQ	31	10	0	13	0	53	48	106	125	147	143	197	282	229	710	214	217	327	353	433	580	939	762	806	648	1140	1376	1545	2027	2059	2370	3639	3847	4116	9407	7248	12254	21564	34190	19097	104218	372	0
LFQ	32	0	0	12	0	35	30	83	99	116	127	195	272	207	686	249	261	318	379	404	595	1006	851	844	801	1158	1436	1605	2390	2228	2672	3999	4051	4356	9852	7757	12919	21931	35120	18984	99322	433	0
LFQ	33	0	0	15	0	45	30	67	103	88	167	203	322	162	725	314	206	266	414	414	679	1025	898	888	834	1290	1498	1713	2372	2435	2753	4385	4251	4502	10165	8042	13492	22373	36567	17986	95633	433	0
LFQ	34	0	0	12	0	47	41	102	166	99	159	236	321	190	896	336	238	283	406	444	683	1103	973	1019	924	1342	1615	1807	2570	2625	2933	4411	4354	4821	10628	8671	13867	22745	36563	17501	92225	364	0
LFQ	35	0	0	17	0	53	42	82	150	86	184	255	348	200	933	398	278	305	462	443	763	1182	981	1076	1053	1423	1737	1881	2746	2656	3001	4730	4486	4989	11230	8669	13861	22977	37457	16711	89417	434	0
LFQ	36	0	0	18	0	68	91	198	151	211	183	253	385	294	851	239	339	418	439	579	743	1281	1004	1044	831	1463	1789	1823	2702	2428	2966	4416	4517	5116	10472	8839	13995	23617	36690	17703	89184	337	0
LFQ	37	1	0	17	0	71	84	138	179	133	207	284	422	262	1014	317	367	394	471	545	807	1309	1046	1141	1027	1587	1872	1924	2939	2659	3409	4909	4720	5433	11059	9160	14652	23940	37120	17577	84085	380	0
LFQ	38	0	0	19	0	60	62	126	180	143	223	291	430	257	1033	336	344	405	523	531	842	1334	1156	1206	1122	1697	1939	2088	3107	2867	3543	5085	4876	5756	11698	9668	15006	24313	38563	16531	79926	362	0
LFQ	39	0	0	21	0	78	74	147	212	141	265	281	519	247	1175	442	401	448	555	576	952	1419	1235	1308	1166	1850	2054	2255	3386	3016	3756	5651	5049	6203	12293	10366	15341	24420	39266	15095	75651	319	0
LFQ	40	0	0	21	0	73	68	122	229	119	234	314	534	228	1156	487	436	415	577	560	951	1483	1209	1236	1237	1927	2116	2260	3336	3106	3797	5646	5167	6026	12116	10177	15675	24860	39049	15447	74916	305	0
LFQ	41	0	0	22	0	132	161	304	253	283	306	416	672	439	1265	326	521	649	672	771	1127	1756	1228	1395	1040	1930	2454	2293	3616	3036	3910	5683	5275	6564	12078	10732	15944	25789	38019	15733	70474	332	0
LFQ	42	0	0	20	0	113	142	249	229	228	272	388	663	359	1334	366	489	647	683	731	1233	1750	1357	1593	1193	2065	2487	2469	3712	3254	4354	5901	5458	6749	12252	11292	16637	26165	39285	15141	66006	318	0
LFQ	43	1	0	21	0	115	142	234	251	213	307	381	676	320	1368	446	532	643	699	742	1262	1825	1410	1654	1394	2226	2523	2615	4121	3556	4498	6111	5816	7009	12740	11600	16849	26358	39009	14845	62800	262	0
LFQ	44	0	0	24	0	128	117	218	263	209	288	399	732	314	1500	508	546	690	703	806	1293	1860	1603	1775	1519	2316	2592	2839	4211	3500	4717	6541	5965	7294	13270	11863	17075	26339	39766	14236	59262	282	0
LFQ	45	0	0	38	0	151	146	260	412	219	440	481	1014	312	1726	551	688	782	879	911	1639	2229	1831	2011	1595	2815	2976	3140	4767	4049	5169	7374	6389	8121	14324	13500	17212	27411	40417	10006	51400	171	0
LFQ	46	0	0	52	0	248	292	458	344	512	381	531	1009	669	1708	453	720	1062	946	1219	1599	2385	1787	1977	1558	2673	3260	3079	4669	3827	5671	6789	6757	9158	12895	14200	19605	29574	38357	14792	41996	329	0
LFQ	47	0	0	277	0	211	244	444	392	449	456	668	1069	545	1976	465	776	1129	1022	1275	1739	2502	1978	2226	1773	2911	3357	3455	5084	4143	5887	7407	7108	9546	13928	14510	20147	29599	37859	13698	37027	252	0
LFQ	48	0	0	690	0	227	277	405	424	375	494	603	1226	512	2041	615	871	1186	1043	1221	1970	2639	2143	2471	1930	3292	3588	3569	5451	4432	6505	7908	7367	10074	14095	16082	20381	29782	37631	11050	32748	211	0
LFQ	49	0	0	1322	0	215	237	355	496	326	478	608	1249	494	1981	638	814	1057	1054	1160	1870	2549	2067	2397	1952	3050	3536	3597	5428	4509	6239	7838	7324	9790	13993	15076	20483	29718	37451	12841	33072	258	0
LFQ	50	0	0	2396	0	216	215	418	479	356	462	651	1293	502	2258	721	899	1158	1114	1205	2000	2651	2154	2493	2036	3221	3642	3714	5532	4581	6354	8183	7773	9933	14475	15506	20040	29360	36246	11726	31332	215	0
LFQ	51	0	0	3961	0	43	73	206	246	360	342	340	384	680	1128	412	496	696	710	1034	970	1587	1911	1418	1591	1980	2494	2466	4021	3335	4452	4225	8384	5138	11444	9524	18054	28446	27047	40786	45759	1360	0
LFQ	52	0	0	4321	0	29	71	115	175	262	258	350	378	507	1193	514	433	574	693	919	921	1493	1765	1584	1845	1925	2588	2675	3862	3540	4810	4458	8554	5332	11694	9408	18825	28495	27520	40702	43321	1390	0
LFQ	53	0	0	4875	0	47	70	154	158	233	266	352	408	510	1393	684	446	528	725	969	994	1580	1919	1700	2102	2011	2607	2844	3876	3976	4971	4749	8918	5470	12167	9442	19062	28759	27231	39652	40288	1356	0
LFQ	54	0	0	5778	0	40	53	122	132	196	221	386	415	465	1390	857	425	522	635	914	1050	1600	1907	1735	2223	1965	2740	2878	3982	4155	4934	4779	8927	5526	12467	9264	19430	28619	26948	39361	39130	1310	0
LFQ	55	0	0	7255	0	53	59	145	133	181	240	351	372	426	1433	988	379	524	638	911	981	1491	1934	1681	2389	1973	2624	2772	3741	4306	4738	4533	9441	5137	12569	9259	19235	28793	26335	39553	38620	1278	0
LFQ	56	0	0	9913	0	42	76	167	172	316	277	338	369	519	1309	464	325	501	581	846	826	1537	1575	1348	1518	1572	2217	2155	3126	3571	3512	4163	8130	4391	11718	8056	16323	25947	25521	33432	59941	666	0
LFQ	57	0	0	10476	0	58	68	191	180	236	293	380	454	481	1688	824	333	457	545	777	919	1573	1766	1572	2059	1605	2194	2517	3145	4281	3782	4460	8511	4771	12498	8049	17191	26180	25416	31981	54856	677	0
LFQ	58	0	0	11358	0	46	68	148	177	233	305	420	498	466	1806	1114	345	403	532	699	915	1572	1857	1583	2335	1664	2286	2693	3136	4760	4005	4620	8576	4777	12865	8033	17405	26008	25329	31674	52000	716	0
LFQ	59	0	0	12873	0	49	68	134	162	191	274	445	520	417	1871	1267	284	387	540	755	936	1618	1807	1675	2481	1628	2318	2700	3121	4695	3974	4768	8743	5075	12793	8186	17451	26024	25397	31039	49974	762	0
LFQ	60	0	0	15528	0	65	79	140	195	197	290	411	530	395	1805	1143	375	480	566	737	1000	1758	1908	1663	2400	1879	2435	2811	3352	4563	4222	5359	8584	5753	13364	8711	17563	25606	26246	27817	46836	612	0
LFQ	61	7	0	19647	0	82	92	223	236	347	319	454	502	632	1703	513	412	581	598	1004	1077	1804	1659	1524	1525	1776	2412	2680	3352	4058	4009	4746	8524	5317	12300	8614	16892	25841	25158	29895	46224	610	0
LFQ	62	0	0	20525	0	95	107	238	262	334	379	624	638	602	2222	937	423	533	679	930	1136	2040	1970	1834	2112	1855	2750	3034	3634	4913	4452	5331	8872	5716	13246	8795	17458	25422	25225	27157	40236	599	0
LFQ	63	0	0	21655	0	69	84	172	215	234	308	504	634	516	2200	1164	379	462	664	828	1058	1856	2009	1736	2518	1756	2567	3046	3641	4994	4557	5305	9029	5466	13307	8662	17414	25819	24428	28310	39026	681	0
LFQ	64	0	0	23558	0	67	79	170	208	193	313	429	540	453	1939	1131	336	458	613	695	1088	1831	1913	1798	2431	1861	2683	2977	3553	4876	4488	5289	8995	5922	13421	8738	18044	25438	24852	27805	37337	685	0
LFQ	65	0	0	26864	0	60	70	130	175	162	241	417	485	390	1612	992	359	394	616	669	1040	1701	1867	1664	2438	1879	2536	2910	3415	4730	4424	5618	9044	5787	13675	8906	18082	25532	24556	27141	35944	626	0
LFQ	66	48	0	32469	0	53	92	219	209	315	287	414	454	568	1622	470	397	567	568	930	955	1917	1729	1576	1538	1802	2594	2702	3645	4137	4273	5171	8859	5818	12618	9174	17235	25480	24193	27138	34245	573	0
LFQ	67	33	0	33552	0	56	77	207	187	254	298	486	577	477	1886	770	399	505	700	841	1094	1979	1896	1773	2034	1871	2685	2978	3817	4705	4700	5542	9070	6274	13243	9051	17770	25402	23421	25370	30368	586	0
LFQ	68	0	0	35205	0	67	94	205	223	227	338	546	701	535	2331	1146	435	531	682	784	1193	2187	2110	1885	2526	2015	2892	3222	3838	5053	4666	5923	9485	6183	13534	9198	17991	24776	22923	23513	27111	532	0
LFQ	69	0	0	37688	0	66	49	177	200	203	319	509	650	431	2201	1225	394	460	651	786	1262	1998	2025	1817	2621	2005	2770	3122	3742	5117	4587	6063	9341	6254	13662	9185	17944	24684	22762	23492	25631	571	0
LFQ	70	0	0	41974	0	48	74	130	175	163	247	397	561	345	1781	1040	376	475	653	723	1159	1835	2033	1806	2655	1974	2679	3070	3715	5023	4545	6419	9247	6483	13824	9176	17747	24448	22468	22183	24319	512	0
LFQ	71	0	0	48713	0	40	80	152	100	178	206	337	453	368	1486	389	389	500	546	835	1115	1999	1666	1538	1458	1851	2708	3039	3660	4355	4763	5992	8977	6834	12856	9624	17399	23952	22400	21889	22958	452	0
LFQ	72	52	0	49953	0	53	65	156	133	178	252	464	559	336	1872	779	372	468	620	767	1112	2138	1836	1668	1935	1749	2761	3202	3758	4763	4803	6284	9392	6811	13303	9541	17522	23865	21296	20694	20015	464	0
LFQ	73	8	0	51916	0	56	46	128	185	145	275	481	609	326	2186	1087	390	475	608	742	1274	2135	1936	1769	2267	1993	2745	3335	3829	5085	4909	6353	9527	6987	13389	9435	17362	23329	20596	19314	18012	419	0
LFQ	74	3	0	54957	0	43	31	117	170	108	233	425	582	254	1693	898	374	428	593	676	1203	2092	1921	1713	2245	1982	2854	3107	3811	5059	5007	6495	9413	7169	13579	9579	17436	23096	20314	18377	16853	411	0
LFQ	75	0	0	60080	0	14	24	55	80	61	114	166	251	147	903	502	354	390	599	629	1114	2083	1866	1644	2263	1863	2681	3085	3665	4885	4764	6722	9426	7125	13343	9441	16936	22772	19995	18492	15955	409	0
LFQ	76	0	0	67733	0	0	0	0	0	0	0	0	0	0	0	0	722	1124	1036	1726	1404	2905	2659	2196	2202	2338	3114	3373	3996	4570	3741	5014	10234	4786	13622	8486	14189	21036	16319	18061	17483	369	0
# GC Content of first fragments. Use `grep ^GCF | cut -f 2-` to extract this part.
GCF	0.50	1
GCF	3.77	0
GCF	7.04	1
GCF	8.79	0
GCF	10.80	1
GCF	12.06	4
GCF	12.81	3
GCF	13.57	11
GCF	14.32	21
GCF	15.08	22
GCF	15.83	49
GCF	16.58	51
GCF	17.34	136
GCF	17.84	138
GCF	18.34	253
GCF	18.84	256
GCF	19.35	257
GCF	19.85	505
GCF	20.35	503
GCF	20.85	799
GCF	21.36	809
GCF	21.86	814
GCF	22.61	1203
GCF	23.37	1205
GCF	23.87	1825
GCF	24.37	1832
GCF	24.87	2562
GCF	25.38	2566
GCF	25.88	2565
GCF	26.38	3319
GCF	26.88	3314
GCF	27.39	4058
GCF	27.89	4069
GCF	28.39	4081
GCF	28.89	4984
GCF	29.40	4993
GCF	29.90	4996
GCF	30.40	5954
GCF	30.90	5983
GCF	31.41	6964
GCF	31.91	6974
GCF	32.41	6977
GCF	32.91	7877
GCF	33.42	7875
GCF	33.92	7883
GCF	34.42	9038
GCF	34.92	9044
GCF	35.43	9894
GCF	35.93	9903
GCF	36.43	9893
GCF	36.93	10605
GCF	37.44	10613
GCF	37.94	11084
GCF	38.44	11077
GCF	38.94	11091
GCF	39.45	11489
GCF	39.95	11515
GCF	40.45	11499
GCF	40.95	11430
GCF	41.46	11429
GCF	41.96	11382
GCF	42.46	11393
GCF	42.96	11383
GCF	43.47	10862
GCF	43.97	10872
GCF	44.47	10864
GCF	44.97	10359
GCF	45.48	10341
GCF	45.98	9924
GCF	46.48	9903
GCF	46.98	9882
GCF	47.49	9455
GCF	47.99	9454
GCF	48.49	9067
GCF	48.99	9064
GCF	49.50	9055
GCF	50.00	8914
GCF	50.50	8913
GCF	51.01	8915
GCF	51.51	8064
GCF	52.01	8058
GCF	52.51	7510
GCF	53.02	7507
GCF	53.52	7497
GCF	54.02	7002
GCF	54.52	7003
GCF	55.03	6426
GCF	55.53	6420
GCF	56.03	6421
GCF	56.78	6058
GCF	57.54	6050
GCF	58.04	5420
GCF	58.54	5422
GCF	59.05	4805
GCF	59.55	4804
GCF	60.05	4794
GCF	60.55	4143
GCF	61.06	4142
GCF	61.56	4136
GCF	62.06	3394
GCF	62.56	3393
GCF	63.07	2967
GCF	63.57	2952
GCF	64.07	2953
GCF	64.82	2332
GCF	65.58	1718
GCF	66.08	1722
GCF	66.58	1723
GCF	67.09	1377
GCF	67.59	1367
GCF	68.09	1358
GCF	68.59	995
GCF	69.10	993
GCF	69.60	700
GCF	70.10	701
GCF	70.60	702
GCF	71.11	500
GCF	71.61	494
GCF	72.11	495
GCF	72.61	330
GCF	73.12	331
GCF	73.62	208
GCF	74.37	207
GCF	75.38	138
GCF	76.38	89
GCF	77.14	88
GCF	78.14	63
GCF	79.40	38
GCF	80.65	22
GCF	81.91	15
GCF	83.17	8
GCF	84.67	3
GCF	85.93	0
GCF	87.19	1
GCF	88.69	2
GCF	89.95	1
# GC Content of last fragments. Use `grep ^GCL | cut -f 2-` to extract this part.
GCL	0.50	1
GCL	5.53	0
GCL	10.80	1
GCL	12.06	3
GCL	12.81	2
GCL	13.57	8
GCL	14.32	15
GCL	15.08	16
GCL	15.83	46
GCL	16.58	48
GCL	17.34	116
GCL	17.84	118
GCL	18.34	236
GCL	18.84	238
GCL	19.35	240
GCL	19.85	405
GCL	20.35	407
GCL	20.85	761
GCL	21.36	769
GCL	21.86	772
GCL	22.36	1105
GCL	23.12	1108
GCL	23.87	1620
GCL	24.37	1627
GCL	25.13	2370
GCL	25.88	2365
GCL	26.38	3063
GCL	26.88	3067
GCL	27.39	3976
GCL	27.89	3991
GCL	28.39	3999
GCL	28.89	4914
GCL	29.40	4921
GCL	29.90	4927
GCL	30.40	5913
GCL	30.90	5940
GCL	31.41	6824
GCL	31.91	6830
GCL	32.41	6835
GCL	32.91	7809
GCL	33.42	7811
GCL	33.92	7816
GCL	34.42	8775
GCL	34.92	8779
GCL	35.68	9757
GCL	36.43	9752
GCL	36.93	10523
GCL	37.44	10534
GCL	37.94	11371
GCL	38.44	11374
GCL	38.94	11404
GCL	39.45	11699
GCL	39.95	11707
GCL	40.45	11687
GCL	40.95	11360
GCL	41.46	11338
GCL	41.96	11151
GCL	42.46	11184
GCL	42.96	11172
GCL	43.47	11348
GCL	43.97	11353
GCL	44.47	11344
GCL	44.97	10609
GCL	45.48	10593
GCL	45.98	10119
GCL	46.48	10092
GCL	46.98	10071
GCL	47.49	9551
GCL	47.99	9547
GCL	48.49	9067
GCL	48.99	9062
GCL	49.50	9066
GCL	50.00	8512
GCL	50.50	8503
GCL	51.01	8505
GCL	51.51	8004
GCL	52.01	8001
GCL	52.51	7529
GCL	53.02	7528
GCL	53.52	7526
GCL	54.02	6993
GCL	54.52	6987
GCL	55.03	6997
GCL	55.53	6989
GCL	56.03	6988
GCL	56.53	6074
GCL	57.04	6073
GCL	57.54	6070
GCL	58.04	5529
GCL	58.54	5526
GCL	59.05	4897
GCL	59.55	4892
GCL	60.05	4874
GCL	60.55	4205
GCL	61.06	4206
GCL	61.56	4211
GCL	62.06	3448
GCL	62.56	3440
GCL	63.07	2805
GCL	63.57	2804
GCL	64.07	2802
GCL	64.57	2354
GCL	65.08	2352
GCL	65.58	1819
GCL	66.08	1812
GCL	66.58	1822
GCL	67.09	1421
GCL	67.59	1419
GCL	68.09	1415
GCL	68.59	1045
GCL	69.10	1038
GCL	69.60	733
GCL	70.35	734
GCL	71.11	490
GCL	71.61	488
GCL	72.11	485
GCL	72.61	355
GCL	73.12	354
GCL	74.12	241
GCL	75.13	161
GCL	75.63	159
GCL	76.13	97
GCL	76.63	96
GCL	77.14	95
GCL	78.14	54
GCL	79.40	40
GCL	80.65	27
GCL	81.91	11
GCL	83.17	4
GCL	84.67	3
GCL	85.93	1
GCL	88.44	0
GCL	91.21	1
# ACGT content per cycle. Use `grep ^GCC | cut -f 2-` to extract this part. The columns are: cycle; A,C,G,T base counts as a percentage of all A/C/G/T bases [%]; and N and O counts as a percentage of all A/C/G/T bases [%]
GCC	1	29.37	20.48	20.34	29.80	0.03	0.00
GCC	2	28.38	21.39	21.34	28.89	0.10	0.00
GCC	3	28.02	21.72	21.77	28.50	0.00	0.00
GCC	4	27.86	21.96	21.89	28.29	0.00	0.00
GCC	5	28.30	21.55	21.54	28.61	0.01	0.00
GCC	6	27.82	22.15	21.99	28.05	0.01	0.00
GCC	7	28.15	21.84	21.69	28.32	0.00	0.00
GCC	8	28.33	21.57	21.53	28.57	0.02	0.00
GCC	9	28.22	21.62	21.50	28.66	0.00	0.00
GCC	10	28.11	21.76	21.62	28.51	0.00	0.00
GCC	11	28.28	21.64	21.51	28.57	0.00	0.00
GCC	12	28.20	21.60	21.52	28.69	0.00	0.00
GCC	13	28.33	21.46	21.54	28.67	0.00	0.00
GCC	14	28.19	21.66	21.54	28.61	0.00	0.00
GCC	15	28.19	21.74	21.45	28.62	0.00	0.00
GCC	16	28.14	21.76	21.63	28.47	0.00	0.00
GCC	17	28.19	21.77	21.57	28.46	0.00	0.00
GCC	18	28.15	21.88	21.67	28.30	0.00	0.00
GCC	19	28.04	21.79	21.62	28.55	0.00	0.00
GCC	20	27.94	21.88	21.73	28.46	0.00	0.00
GCC	21	27.90	21.90	21.78	28.42	0.00	0.00
GCC	22	27.90	21.86	21.71	28.53	0.00	0.00
GCC	23	27.88	21.91	21.73	28.47	0.00	0.00
GCC	24	27.84	21.98	21.80	28.38	0.00	0.00
GCC	25	27.96	21.96	21.73	28.35	0.00	0.00
GCC	26	27.81	22.00	21.85	28.34	0.00	0.00
GCC	27	27.87	22.10	21.68	28.35	0.00	0.00
GCC	28	27.87	22.02	21.78	28.33	0.00	0.00
GCC	29	27.71	22.08	21.77	28.45	0.00	0.00
GCC	30	27.76	22.03	21.94	28.28	0.00	0.00
GCC	31	27.69	22.10	21.87	28.35	0.00	0.00
GCC	32	27.75	22.07	21.98	28.21	0.00	0.00
GCC	33	27.77	22.03	21.91	28.29	0.00	0.00
GCC	34	27.74	22.10	21.81	28.35	0.00	0.00
GCC	35	27.67	22.19	21.83	28.31	0.00	0.00
GCC	36	27.69	22.25	21.82	28.23	0.00	0.00
GCC	37	27.65	22.06	21.84	28.44	0.00	0.00
GCC	38	27.60	22.22	21.88	28.30	0.00	0.00
GCC	39	27.73	22.09	21.83	28.35	0.00	0.00
GCC	40	27.66	22.23	21.94	28.18	0.00	0.00
GCC	41	27.61	22.22	21.88	28.30	0.00	0.00
GCC	42	27.53	22.25	22.06	28.16	0.00	0.00
GCC	43	27.64	22.16	21.99	28.21	0.00	0.00
GCC	44	27.71	22.13	21.95	28.21	0.00	0.00
GCC	45	27.69	22.25	21.87	28.19	0.00	0.00
GCC	46	27.62	22.23	22.03	28.12	0.00	0.00
GCC	47	27.49	22.28	21.98	28.25	0.00	0.00
GCC	48	27.52	22.38	22.04	28.06	0.00	0.00
GCC	49	27.48	22.29	22.06	28.17	0.00	0.00
GCC	50	27.61	22.29	22.03	28.06	0.00	0.00
GCC	51	27.59	22.26	22.04	28.11	0.00	0.00
GCC	52	27.55	22.23	22.07	28.15	0.00	0.00
GCC	53	27.56	22.30	21.98	28.16	0.00	0.00
GCC	54	27.50	22.34	22.02	28.14	0.00	0.00
GCC	55	27.55	22.34	22.07	28.05	0.00	0.00
GCC	56	27.27	22.50	22.10	28.13	0.00	0.00
GCC	57	27.51	22.41	22.10	27.99	0.00	0.00
GCC	58	27.44	22.38	22.18	28.00	0.00	0.00
GCC	59	27.33	22.45	22.15	28.07	0.00	0.00
GCC	60	27.40	22.53	22.12	27.95	0.00	0.00
GCC	61	27.45	22.46	22.08	28.01	0.00	0.00
GCC	62	27.28	22.54	22.25	27.93	0.00	0.00
GCC	63	27.38	22.47	22.15	28.00	0.00	0.00
GCC	64	27.35	22.51	22.16	27.98	0.00	0.00
GCC	65	27.30	22.50	22.23	27.97	0.00	0.00
GCC	66	27.27	22.55	22.18	28.00	0.01	0.00
GCC	67	27.16	22.58	22.31	27.95	0.01	0.00
GCC	68	27.21	22.69	22.25	27.84	0.00	0.00
GCC	69	27.13	22.53	22.29	28.05	0.00	0.00
GCC	70	27.17	22.65	22.24	27.94	0.00	0.00
GCC	71	27.13	22.70	22.32	27.85	0.00	0.00
GCC	72	27.08	22.61	22.36	27.94	0.01	0.00
GCC	73	27.05	22.79	22.38	27.78	0.00	0.00
GCC	74	27.16	22.65	22.41	27.78	0.00	0.00
GCC	75	26.98	22.79	22.52	27.70	0.00	0.00
GCC	76	26.99	22.85	22.55	27.61	0.00	0.00
# ACGT content per cycle, read oriented. Use `grep ^GCT | cut -f 2-` to extract this part. The columns are: cycle; A,C,G,T base counts as a percentage of all A/C/G/T bases [%]
GCT	1	29.51	22.23	18.59	29.67
GCT	2	29.93	21.16	21.58	27.34
GCT	3	28.44	21.74	21.74	28.08
GCT	4	27.88	22.07	21.78	28.27
GCT	5	28.11	21.28	21.82	28.79
GCT	6	28.08	22.04	22.09	27.79
GCT	7	28.20	21.59	21.94	28.27
GCT	8	28.31	21.85	21.25	28.59
GCT	9	28.05	21.91	21.22	28.82
GCT	10	28.05	22.02	21.36	28.57
GCT	11	28.14	21.96	21.20	28.71
GCT	12	28.22	21.96	21.16	28.67
GCT	13	28.06	21.83	21.17	28.94
GCT	14	28.12	21.87	21.33	28.68
GCT	15	28.10	21.96	21.23	28.71
GCT	16	28.01	22.10	21.30	28.60
GCT	17	28.08	22.10	21.24	28.58
GCT	18	27.95	22.17	21.39	28.50
GCT	19	27.95	22.18	21.24	28.64
GCT	20	27.91	22.25	21.35	28.49
GCT	21	27.89	22.22	21.46	28.43
GCT	22	27.99	22.15	21.42	28.44
GCT	23	27.92	22.20	21.44	28.44
GCT	24	27.92	22.33	21.45	28.30
GCT	25	28.03	22.33	21.36	28.28
GCT	26	27.92	22.25	21.59	28.24
GCT	27	27.93	22.24	21.54	28.28
GCT	28	28.01	22.30	21.51	28.18
GCT	29	27.88	22.24	21.61	28.28
GCT	30	27.75	22.27	21.69	28.28
GCT	31	27.84	22.29	21.67	28.20
GCT	32	27.91	22.33	21.72	28.05
GCT	33	28.01	22.27	21.67	28.05
GCT	34	28.14	22.28	21.63	27.95
GCT	35	27.90	22.31	21.71	28.08
GCT	36	27.92	22.36	21.71	28.00
GCT	37	27.89	22.28	21.62	28.20
GCT	38	27.89	22.38	21.72	28.01
GCT	39	27.92	22.26	21.66	28.16
GCT	40	27.89	22.35	21.82	27.95
GCT	41	27.91	22.32	21.78	27.99
GCT	42	27.84	22.44	21.88	27.85
GCT	43	27.79	22.33	21.82	28.06
GCT	44	27.84	22.30	21.77	28.09
GCT	45	27.81	22.29	21.82	28.07
GCT	46	27.73	22.31	21.96	28.01
GCT	47	27.80	22.27	21.98	27.95
GCT	48	27.77	22.42	22.00	27.81
GCT	49	27.80	22.23	22.12	27.85
GCT	50	27.76	22.30	22.02	27.91
GCT	51	27.79	22.26	22.04	27.91
GCT	52	27.74	22.23	22.07	27.96
GCT	53	27.76	22.22	22.06	27.96
GCT	54	27.70	22.33	22.04	27.93
GCT	55	27.70	22.29	22.12	27.90
GCT	56	27.57	22.33	22.28	27.83
GCT	57	27.69	22.27	22.23	27.81
GCT	58	27.65	22.25	22.30	27.79
GCT	59	27.69	22.29	22.31	27.70
GCT	60	27.53	22.45	22.20	27.82
GCT	61	27.61	22.28	22.26	27.85
GCT	62	27.50	22.46	22.33	27.71
GCT	63	27.56	22.37	22.25	27.82
GCT	64	27.75	22.30	22.37	27.59
GCT	65	27.64	22.32	22.41	27.64
GCT	66	27.63	22.37	22.37	27.64
GCT	67	27.46	22.33	22.56	27.64
GCT	68	27.54	22.43	22.52	27.51
GCT	69	27.55	22.33	22.49	27.63
GCT	70	27.50	22.31	22.58	27.61
GCT	71	27.45	22.40	22.62	27.53
GCT	72	27.45	22.46	22.52	27.57
GCT	73	27.36	22.60	22.56	27.47
GCT	74	27.38	22.47	22.59	27.56
GCT	75	27.25	22.54	22.78	27.43
GCT	76	27.19	22.53	22.86	27.42
# ACGT content per cycle for first fragments. Use `grep ^FBC | cut -f 2-` to extract this part. The columns are: cycle; A,C,G,T base counts as a percentage of all A/C/G/T bases [%]; and N and O counts as a percentage of all A/C/G/T bases [%]
FBC	1	29.44	20.35	20.28	29.93	0.05	0.00
FBC	2	28.56	21.18	21.14	29.13	0.21	0.00
FBC	3	28.22	21.43	21.52	28.83	0.00	0.00
FBC	4	28.12	21.64	21.60	28.64	0.00	0.00
FBC	5	28.43	21.37	21.56	28.64	0.01	0.00
FBC	6	27.97	22.00	21.85	28.19	0.01	0.00
FBC	7	28.25	21.70	21.48	28.56	0.00	0.00
FBC	8	28.38	21.51	21.50	28.61	0.04	0.00
FBC	9	28.20	21.54	21.44	28.82	0.00	0.00
FBC	10	28.13	21.70	21.50	28.67	0.00	0.00
FBC	11	28.21	21.64	21.51	28.64	0.00	0.00
FBC	12	28.11	21.52	21.60	28.78	0.00	0.00
FBC	13	28.37	21.41	21.55	28.68	0.00	0.00
FBC	14	28.28	21.63	21.54	28.56	0.00	0.00
FBC	15	28.26	21.77	21.37	28.60	0.00	0.00
FBC	16	28.22	21.75	21.58	28.46	0.00	0.00
FBC	17	28.19	21.70	21.63	28.48	0.00	0.00
FBC	18	28.12	21.82	21.73	28.33	0.00	0.00
FBC	19	28.04	21.71	21.62	28.63	0.00	0.00
FBC	20	27.93	21.89	21.75	28.44	0.00	0.00
FBC	21	27.90	21.90	21.79	28.42	0.00	0.00
FBC	22	27.96	21.81	21.76	28.47	0.00	0.00
FBC	23	27.89	21.82	21.80	28.49	0.00	0.00
FBC	24	27.87	22.02	21.80	28.32	0.00	0.00
FBC	25	27.91	21.96	21.73	28.41	0.00	0.00
FBC	26	27.96	21.86	21.86	28.32	0.00	0.00
FBC	27	27.83	22.10	21.70	28.37	0.00	0.00
FBC	28	27.84	21.98	21.82	28.36	0.00	0.00
FBC	29	27.77	22.07	21.71	28.45	0.00	0.00
FBC	30	27.77	22.13	21.91	28.19	0.00	0.00
FBC	31	27.69	22.08	21.86	28.37	0.00	0.00
FBC	32	27.78	21.93	22.00	28.29	0.00	0.00
FBC	33	27.82	21.96	21.93	28.28	0.00	0.00
FBC	34	27.72	22.06	21.92	28.30	0.00	0.00
FBC	35	27.70	22.17	21.79	28.34	0.00	0.00
FBC	36	27.63	22.31	21.68	28.39	0.00	0.00
FBC	37	27.70	21.95	21.95	28.40	0.00	0.00
FBC	38	27.67	22.22	21.78	28.34	0.00	0.00
FBC	39	27.70	22.12	21.88	28.30	0.00	0.00
FBC	40	27.62	22.20	21.96	28.23	0.00	0.00
FBC	41	27.57	22.29	21.96	28.17	0.00	0.00
FBC	42	27.51	22.25	22.06	28.17	0.00	0.00
FBC	43	27.71	22.25	21.91	28.13	0.00	0.00
FBC	44	27.78	22.05	21.99	28.18	0.00	0.00
FBC	45	27.69	22.31	21.84	28.17	0.00	0.00
FBC	46	27.75	22.22	21.87	28.16	0.00	0.00
FBC	47	27.67	22.18	21.90	28.25	0.00	0.00
FBC	48	27.51	22.36	22.03	28.10	0.00	0.00
FBC	49	27.51	22.23	21.96	28.30	0.00	0.00
FBC	50	27.68	22.29	21.94	28.10	0.00	0.00
FBC	51	27.68	22.26	22.05	28.02	0.00	0.00
FBC	52	27.52	22.21	22.12	28.15	0.00	0.00
FBC	53	27.65	22.27	21.93	28.14	0.00	0.00
FBC	54	27.51	22.38	22.07	28.03	0.00	0.00
FBC	55	27.61	22.34	21.97	28.08	0.00	0.00
FBC	56	27.36	22.43	22.13	28.09	0.00	0.00
FBC	57	27.52	22.33	22.10	28.04	0.00	0.00
FBC	58	27.44	22.44	22.14	27.98	0.00	0.00
FBC	59	27.36	22.45	22.13	28.06	0.00	0.00
FBC	60	27.48	22.47	22.06	27.99	0.00	0.00
FBC	61	27.55	22.41	22.05	27.99	0.00	0.00
FBC	62	27.39	22.42	22.20	27.99	0.00	0.00
FBC	63	27.62	22.38	22.23	27.77	0.00	0.00
FBC	64	27.48	22.39	21.97	28.16	0.00	0.00
FBC	65	27.28	22.38	22.28	28.06	0.00	0.00
FBC	66	27.24	22.50	22.17	28.09	0.00	0.00
FBC	67	27.20	22.54	22.29	27.97	0.00	0.00
FBC	68	27.26	22.57	22.24	27.92	0.00	0.00
FBC	69	27.14	22.45	22.33	28.08	0.00	0.00
FBC	70	27.24	22.60	22.18	27.98	0.00	0.00
FBC	71	27.27	22.56	22.31	27.85	0.00	0.00
FBC	72	27.05	22.59	22.29	28.07	0.00	0.00
FBC	73	27.03	22.70	22.27	27.99	0.00	0.00
FBC	74	27.32	22.48	22.40	27.79	0.00	0.00
FBC	75	27.04	22.74	22.48	27.74	0.00	0.00
FBC	76	27.08	22.61	22.40	27.91	0.00	0.00
# ACGT raw counters for first fragments. Use `grep ^FTC | cut -f 2-` to extract this part. The columns are: A,C,G,T,N base counters
FTC	5006731	3984236	3947175	5105277	763
# ACGT content per cycle for last fragments. Use `grep ^LBC | cut -f 2-` to extract this part. The columns are: cycle; A,C,G,T base counts as a percentage of all A/C/G/T bases [%]; and N and O counts as a percentage of all A/C/G/T bases [%]
LBC	1	29.30	20.62	20.40	29.67	0.00	0.00
LBC	2	28.20	21.61	21.55	28.64	0.00	0.00
LBC	3	27.82	22.00	22.01	28.17	0.00	0.00
LBC	4	27.61	22.27	22.17	27.94	0.00	0.00
LBC	5	28.16	21.73	21.53	28.57	0.00	0.00
LBC	6	27.66	22.30	22.13	27.92	0.00	0.00
LBC	7	28.04	21.98	21.90	28.08	0.00	0.00
LBC	8	28.29	21.62	21.55	28.54	0.00	0.00
LBC	9	28.24	21.70	21.57	28.49	0.00	0.00
LBC	10	28.08	21.83	21.74	28.36	0.00	0.00
LBC	11	28.35	21.65	21.51	28.50	0.00	0.00
LBC	12	28.29	21.68	21.44	28.59	0.00	0.00
LBC	13	28.29	21.51	21.54	28.66	0.00	0.00
LBC	14	28.10	21.70	21.54	28.67	0.00	0.00
LBC	15	28.12	21.71	21.52	28.65	0.00	0.00
LBC	16	28.06	21.78	21.68	28.48	0.00	0.00
LBC	17	28.20	21.84	21.52	28.44	0.00	0.00
LBC	18	28.18	21.95	21.60	28.28	0.00	0.00
LBC	19	28.04	21.87	21.63	28.46	0.00	0.00
LBC	20	27.95	21.86	21.71	28.48	0.00	0.00
LBC	21	27.90	21.90	21.78	28.42	0.00	0.00
LBC	22	27.84	21.90	21.67	28.60	0.00	0.00
LBC	23	27.88	22.00	21.66	28.45	0.00	0.00
LBC	24	27.81	21.94	21.80	28.44	0.00	0.00
LBC	25	28.01	21.97	21.73	28.30	0.00	0.00
LBC	26	27.67	22.14	21.83	28.36	0.00	0.00
LBC	27	27.91	22.10	21.66	28.32	0.00	0.00
LBC	28	27.89	22.06	21.75	28.30	0.00	0.00
LBC	29	27.65	22.09	21.82	28.44	0.00	0.00
LBC	30	27.75	21.92	21.97	28.36	0.00	0.00
LBC	31	27.69	22.12	21.87	28.32	0.00	0.00
LBC	32	27.72	22.20	21.96	28.12	0.00	0.00
LBC	33	27.71	22.10	21.89	28.30	0.00	0.00
LBC	34	27.76	22.13	21.70	28.40	0.00	0.00
LBC	35	27.63	22.21	21.88	28.28	0.00	0.00
LBC	36	27.76	22.20	21.97	28.08	0.00	0.00
LBC	37	27.61	22.17	21.74	28.48	0.00	0.00
LBC	38	27.53	22.22	21.99	28.27	0.00	0.00
LBC	39	27.75	22.05	21.79	28.41	0.00	0.00
LBC	40	27.69	22.26	21.92	28.13	0.00	0.00
LBC	41	27.64	22.14	21.79	28.43	0.00	0.00
LBC	42	27.54	22.26	22.06	28.14	0.00	0.00
LBC	43	27.56	22.07	22.07	28.30	0.00	0.00
LBC	44	27.64	22.20	21.92	28.25	0.00	0.00
LBC	45	27.69	22.19	21.90	28.22	0.00	0.00
LBC	46	27.48	22.25	22.20	28.07	0.00	0.00
LBC	47	27.32	22.39	22.05	28.25	0.00	0.00
LBC	48	27.52	22.40	22.05	28.03	0.00	0.00
LBC	49	27.46	22.35	22.16	28.03	0.00	0.00
LBC	50	27.55	22.30	22.12	28.03	0.00	0.00
LBC	51	27.50	22.27	22.04	28.20	0.00	0.00
LBC	52	27.58	22.25	22.03	28.14	0.00	0.00
LBC	53	27.48	22.34	22.02	28.17	0.00	0.00
LBC	54	27.49	22.29	21.98	28.24	0.00	0.00
LBC	55	27.49	22.34	22.16	28.01	0.00	0.00
LBC	56	27.18	22.58	22.07	28.17	0.00	0.00
LBC	57	27.50	22.48	22.09	27.93	0.00	0.00
LBC	58	27.44	22.31	22.22	28.02	0.00	0.00
LBC	59	27.29	22.46	22.18	28.07	0.00	0.00
LBC	60	27.31	22.59	22.19	27.91	0.00	0.00
LBC	61	27.35	22.52	22.10	28.03	0.00	0.00
LBC	62	27.17	22.66	22.30	27.87	0.00	0.00
LBC	63	27.15	22.56	22.07	28.22	0.00	0.00
LBC	64	27.23	22.62	22.35	27.81	0.00	0.00
LBC	65	27.32	22.62	22.17	27.88	0.00	0.00
LBC	66	27.29	22.60	22.20	27.91	0.02	0.00
LBC	67	27.12	22.62	22.34	27.92	0.01	0.00
LBC	68	27.16	22.82	22.26	27.77	0.00	0.00
LBC	69	27.12	22.60	22.25	28.02	0.00	0.00
LBC	70	27.10	22.69	22.30	27.91	0.00	0.00
LBC	71	26.99	22.84	22.32	27.84	0.00	0.00
LBC	72	27.12	22.64	22.43	27.81	0.02	0.00
LBC	73	27.07	22.88	22.48	27.57	0.00	0.00
LBC	74	26.99	22.81	22.42	27.77	0.00	0.00
LBC	75	26.93	22.84	22.57	27.66	0.00	0.00
LBC	76	26.91	23.08	22.70	27.32	0.00	0.00
# ACGT raw counters for last fragments. Use `grep ^LTC | cut -f 2-` to extract this part. The columns are: A,C,G,T,N base counters
LTC	4990207	4004571	3958012	5091223	169
# Insert sizes. Use `grep ^IS | cut -f 2-` to extract this part. The columns are: insert size, pairs total, inward oriented pairs, outward oriented pairs, other pairs
IS	0	1	0	0	1
IS	1	0	0	0	0
IS	2	0	0	0	0
IS	3	2	0	2	0
IS	4	1	0	1	0
IS	5	0	0	0	0
IS	6	4	0	4	0
IS	7	1	0	1	0
IS	8	1	0	1	0
IS	9	0	0	0	0
IS	10	2	0	2	0
IS	11	0	0	0	0
IS	12	1	0	1	0
IS	13	4	0	4	0
IS	14	0	0	0	0
IS	15	1	0	1	0
IS	16	3	0	3	0
IS	17	3	0	3	0
IS	18	4	0	4	0
IS	19	32	27	5	0
IS	20	30	24	6	0
IS	21	9	7	2	0
IS	22	5	3	2	0
IS	23	3	1	2	0
IS	24	6	2	4	0
IS	25	5	1	4	0
IS	26	5	1	4	0
IS	27	6	4	2	0
IS	28	1	0	1	0
IS	29	3	1	2	0
IS	30	4	2	2	0
IS	31	5	4	1	0
IS	32	5	2	3	0
IS	33	2	0	2	0
IS	34	10	5	5	0
IS	35	4	4	0	0
IS	36	4	3	1	0
IS	37	4	2	2	0
IS	38	5	2	3	0
IS	39	2	1	1	0
IS	40	3	2	1	0
IS	41	8	4	4	0
IS	42	6	2	4	0
IS	43	6	5	1	0
IS	44	5	2	3	0
IS	45	5	2	3	0
IS	46	5	3	2	0
IS	47	3	1	2	0
IS	48	7	1	5	1
IS	49	16	11	5	0
IS	50	5	4	1	0
IS	51	4	2	2	0
IS	52	12	6	5	1
IS	53	19	16	3	0
IS	54	10	8	2	0
IS	55	16	15	1	0
IS	56	17	12	5	0
IS	57	15	14	1	0
IS	58	27	24	2	1
IS	59	32	28	4	0
IS	60	34	31	3	0
IS	61	35	34	1	0
IS	62	50	47	3	0
IS	63	71	69	2	0
IS	64	65	60	5	0
IS	65	100	98	2	0
IS	66	125	125	0	0
IS	67	141	139	2	0
IS	68	154	152	2	0
IS	69	187	183	4	0
IS	70	236	232	3	1
IS	71	269	268	1	0
IS	72	332	330	2	0
IS	73	367	363	4	0
IS	74	403	399	4	0
IS	75	471	466	5	0
IS	76	511	511	0	0
IS	77	576	576	0	0
IS	78	635	635	0	0
IS	79	667	667	0	0
IS	80	691	691	0	0
IS	81	773	773	0	0
IS	82	797	797	0	0
IS	83	859	859	0	0
IS	84	882	882	0	0
IS	85	941	941	0	0
IS	86	1001	1001	0	0
IS	87	1103	1103	0	0
IS	88	1035	1035	0	0
IS	89	1120	1120	0	0
IS	90	1139	1139	0	0
IS	91	1155	1154	0	1
IS	92	1226	1226	0	0
IS	93	1221	1221	0	0
IS	94	1161	1161	0	0
IS	95	1207	1207	0	0
IS	96	1233	1233	0	0
IS	97	1280	1280	0	0
IS	98	1330	1330	0	0
IS	99	1357	1357	0	0
IS	100	1316	1316	0	0
IS	101	1368	1368	0	0
IS	102	1348	1348	0	0
IS	103	1392	1392	0	0
IS	104	1408	1408	0	0
IS	105	1466	1466	0	0
IS	106	1423	1423	0	0
IS	107	1400	1400	0	0
IS	108	1401	1401	0	0
IS	109	1393	1393	0	0
IS	110	1411	1411	0	0
IS	111	1430	1430	0	0
IS	112	1499	1499	0	0
IS	113	1505	1505	0	0
IS	114	1416	1416	0	0
IS	115	1486	1486	0	0
IS	116	1458	1458	0	0
IS	117	1534	1534	0	0
IS	118	1490	1490	0	0
IS	119	1511	1511	0	0
IS	120	1526	1526	0	0
IS	121	1500	1500	0	0
IS	122	1576	1576	0	0
IS	123	1504	1504	0	0
IS	124	1440	1440	0	0
IS	125	1424	1424	0	0
IS	126	1552	1552	0	0
IS	127	1500	1500	0	0
IS	128	1565	1565	0	0
IS	129	1448	1448	0	0
IS	130	1464	1464	0	0
IS	131	1483	1483	0	0
IS	132	1497	1497	0	0
IS	133	1401	1401	0	0
IS	134	1505	1504	1	0
IS	135	1497	1497	0	0
IS	136	1460	1460	0	0
IS	137	1519	1519	0	0
IS	138	1485	1485	0	0
IS	139	1496	1496	0	0
IS	140	1464	1464	0	0
IS	141	1491	1491	0	0
IS	142	1422	1422	0	0
IS	143	1460	1460	0	0
IS	144	1411	1411	0	0
IS	145	1442	1442	0	0
IS	146	1531	1531	0	0
IS	147	1487	1487	0	0
IS	148	1448	1448	0	0
IS	149	1432	1432	0	0
IS	150	1435	1435	0	0
IS	151	1463	1463	0	0
IS	152	1349	1349	0	0
IS	153	1313	1313	0	0
IS	154	1408	1408	0	0
IS	155	1380	1380	0	0
IS	156	1369	1369	0	0
IS	157	1395	1395	0	0
IS	158	1348	1348	0	0
IS	159	1362	1361	0	1
IS	160	1335	1335	0	0
IS	161	1256	1256	0	0
IS	162	1358	1358	0	0
IS	163	1314	1314	0	0
IS	164	1356	1356	0	0
IS	165	1271	1271	0	0
IS	166	1320	1320	0	0
IS	167	1314	1314	0	0
IS	168	1338	1338	0	0
IS	169	1308	1308	0	0
IS	170	1258	1258	0	0
IS	171	1284	1284	0	0
IS	172	1280	1280	0	0
IS	173	1317	1317	0	0
IS	174	1221	1221	0	0
IS	175	1230	1230	0	0
IS	176	1244	1244	0	0
IS	177	1192	1192	0	0
IS	178	1239	1239	0	0
IS	179	1134	1134	0	0
IS	180	1225	1225	0	0
IS	181	1165	1165	0	0
IS	182	1173	1173	0	0
IS	183	1116	1116	0	0
IS	184	1140	1140	0	0
IS	185	1139	1139	0	0
IS	186	1104	1104	0	0
IS	187	1102	1102	0	0
IS	188	1096	1096	0	0
IS	189	1156	1156	0	0
IS	190	1079	1079	0	0
IS	191	1044	1044	0	0
IS	192	1055	1055	0	0
IS	193	1031	1031	0	0
IS	194	1080	1080	0	0
IS	195	1044	1044	0	0
IS	196	1048	1047	1	0
IS	197	945	945	0	0
IS	198	1030	1030	0	0
IS	199	973	973	0	0
IS	200	1008	1008	0	0
IS	201	949	949	0	0
IS	202	922	922	0	0
IS	203	916	916	0	0
IS	204	935	935	0	0
IS	205	961	961	0	0
IS	206	937	937	0	0
IS	207	883	883	0	0
IS	208	860	860	0	0
IS	209	888	888	0	0
IS	210	863	863	0	0
IS	211	886	886	0	0
IS	212	886	886	0	0
IS	213	867	867	0	0
IS	214	894	894	0	0
IS	215	858	858	0	0
IS	216	828	828	0	0
IS	217	859	859	0	0
IS	218	792	792	0	0
IS	219	820	820	0	0
IS	220	801	801	0	0
IS	221	778	778	0	0
IS	222	811	811	0	0
IS	223	783	783	0	0
IS	224	787	785	2	0
IS	225	777	776	1	0
IS	226	716	716	0	0
IS	227	676	675	1	0
IS	228	734	734	0	0
IS	229	715	715	0	0
IS	230	667	667	0	0
IS	231	694	694	0	0
IS	232	705	705	0	0
IS	233	661	661	0	0
IS	234	714	714	0	0
IS	235	667	667	0	0
IS	236	689	689	0	0
IS	237	651	651	0	0
IS	238	620	620	0	0
IS	239	613	612	1	0
IS	240	565	565	0	0
IS	241	611	611	0	0
IS	242	582	582	0	0
IS	243	619	619	0	0
IS	244	557	557	0	0
IS	245	579	579	0	0
IS	246	576	576	0	0
IS	247	564	564	0	0
IS	248	563	563	0	0
IS	249	538	538	0	0
IS	250	536	536	0	0
IS	251	545	545	0	0
IS	252	551	551	0	0
IS	253	507	507	0	0
IS	254	528	528	0	0
IS	255	559	559	0	0
IS	256	535	535	0	0
IS	257	483	483	0	0
IS	258	451	451	0	0
IS	259	508	508	0	0
IS	260	492	492	0	0
IS	261	439	439	0	0
IS	262	441	441	0	0
IS	263	497	497	0	0
IS	264	431	431	0	0
IS	265	452	452	0	0
IS	266	455	455	0	0
IS	267	419	419	0	0
IS	268	452	452	0	0
IS	269	456	456	0	0
IS	270	392	392	0	0
IS	271	393	393	0	0
IS	272	391	391	0	0
IS	273	405	405	0	0
IS	274	393	393	0	0
IS	275	389	389	0	0
IS	276	373	373	0	0
IS	277	374	374	0	0
IS	278	353	353	0	0
IS	279	407	407	0	0
IS	280	347	347	0	0
IS	281	356	356	0	0
IS	282	349	349	0	0
IS	283	344	344	0	0
IS	284	338	338	0	0
IS	285	321	321	0	0
IS	286	321	321	0	0
IS	287	305	305	0	0
IS	288	327	327	0	0
IS	289	279	279	0	0
IS	290	260	260	0	0
IS	291	316	316	0	0
IS	292	277	277	0	0
IS	293	271	271	0	0
IS	294	312	312	0	0
IS	295	291	291	0	0
IS	296	263	263	0	0
IS	297	280	280	0	0
IS	298	275	275	0	0
IS	299	260	260	0	0
IS	300	253	253	0	0
IS	301	257	257	0	0
IS	302	272	272	0	0
IS	303	224	224	0	0
IS	304	257	257	0	0
IS	305	258	258	0	0
IS	306	247	247	0	0
IS	307	241	241	0	0
IS	308	258	258	0	0
IS	309	208	208	0	0
IS	310	213	213	0	0
IS	311	222	222	0	0
IS	312	219	219	0	0
IS	313	198	198	0	0
IS	314	189	189	0	0
IS	315	189	189	0	0
IS	316	181	181	0	0
IS	317	227	227	0	0
IS	318	201	201	0	0
IS	319	205	205	0	0
IS	320	184	184	0	0
IS	321	187	187	0	0
IS	322	186	186	0	0
IS	323	188	188	0	0
IS	324	178	178	0	0
IS	325	176	176	0	0
IS	326	175	175	0	0
IS	327	177	177	0	0
IS	328	163	163	0	0
IS	329	172	172	0	0
IS	330	151	151	0	0
IS	331	148	148	0	0
IS	332	140	140	0	0
IS	333	156	156	0	0
IS	334	172	172	0	0
IS	335	163	163	0	0
IS	336	159	159	0	0
IS	337	141	141	0	0
IS	338	126	126	0	0
IS	339	158	158	0	0
IS	340	150	150	0	0
IS	341	135	135	0	0
IS	342	147	147	0	0
IS	343	145	145	0	0
IS	344	117	117	0	0
IS	345	126	126	0	0
IS	346	123	123	0	0
IS	347	119	119	0	0
IS	348	157	157	0	0
IS	349	117	117	0	0
IS	350	131	130	0	1
IS	351	106	106	0	0
IS	352	108	108	0	0
IS	353	97	97	0	0
IS	354	98	98	0	0
IS	355	89	89	0	0
IS	356	103	103	0	0
IS	357	100	100	0	0
IS	358	111	111	0	0
IS	359	91	91	0	0
IS	360	81	81	0	0
IS	361	109	109	0	0
IS	362	104	104	0	0
IS	363	84	84	0	0
IS	364	104	104	0	0
IS	365	97	97	0	0
IS	366	78	78	0	0
IS	367	85	85	0	0
IS	368	97	97	0	0
IS	369	87	87	0	0
IS	370	74	74	0	0
IS	371	82	82	0	0
IS	372	72	72	0	0
IS	373	82	82	0	0
IS	374	74	74	0	0
IS	375	82	82	0	0
IS	376	66	66	0	0
IS	377	85	85	0	0
IS	378	76	76	0	0
IS	379	69	69	0	0
IS	380	65	65	0	0
IS	381	82	82	0	0
IS	382	78	78	0	0
IS	383	66	66	0	0
IS	384	63	63	0	0
IS	385	77	77	0	0
IS	386	77	77	0	0
IS	387	80	80	0	0
IS	388	50	50	0	0
IS	389	59	59	0	0
IS	390	61	61	0	0
IS	391	62	62	0	0
IS	392	62	62	0	0
IS	393	63	63	0	0
IS	394	66	66	0	0
IS	395	60	60	0	0
IS	396	57	57	0	0
IS	397	57	57	0	0
IS	398	64	64	0	0
IS	399	45	45	0	0
IS	400	74	74	0	0
IS	401	56	56	0	0
IS	402	44	44	0	0
IS	403	45	45	0	0
IS	404	38	38	0	0
IS	405	42	42	0	0
IS	406	43	43	0	0
IS	407	51	51	0	0
IS	408	36	36	0	0
IS	409	36	36	0	0
IS	410	31	31	0	0
IS	411	39	39	0	0
IS	412	38	38	0	0
IS	413	37	37	0	0
IS	414	47	47	0	0
IS	415	37	37	0	0
IS	416	37	37	0	0
IS	417	45	45	0	0
IS	418	46	46	0	0
IS	419	39	39	0	0
IS	420	29	29	0	0
IS	421	37	37	0	0
# Read lengths. Use `grep ^RL | cut -f 2-` to extract this part. The columns are: read length, count
RL	31	56
RL	32	56
RL	33	70
RL	34	48
RL	35	38
RL	36	32
RL	37	26
RL	38	30
RL	39	36
RL	40	30
RL	41	32
RL	42	20
RL	43	22
RL	44	14
RL	45	30
RL	46	14
RL	47	10
RL	48	14
RL	49	24
RL	50	14
RL	51	8
RL	52	14
RL	53	22
RL	54	20
RL	55	22
RL	56	32
RL	57	34
RL	58	50
RL	59	48
RL	60	58
RL	61	68
RL	62	84
RL	63	132
RL	64	112
RL	65	194
RL	66	240
RL	67	256
RL	68	284
RL	69	364
RL	70	450
RL	71	532
RL	72	656
RL	73	724
RL	74	806
RL	75	920
RL	76	468876
# Read lengths - first fragments. Use `grep ^FRL | cut -f 2-` to extract this part. The columns are: read length, count
FRL	31	28
FRL	32	28
FRL	33	35
FRL	34	24
FRL	35	19
FRL	36	16
FRL	37	13
FRL	38	15
FRL	39	18
FRL	40	15
FRL	41	16
FRL	42	10
FRL	43	11
FRL	44	7
FRL	45	15
FRL	46	7
FRL	47	5
FRL	48	7
FRL	49	12
FRL	50	7
FRL	51	4
FRL	52	7
FRL	53	11
FRL	54	10
FRL	55	11
FRL	56	16
FRL	57	17
FRL	58	25
FRL	59	24
FRL	60	29
FRL	61	34
FRL	62	42
FRL	63	66
FRL	64	56
FRL	65	97
FRL	66	120
FRL	67	128
FRL	68	142
FRL	69	182
FRL	70	225
FRL	71	266
FRL	72	328
FRL	73	362
FRL	74	403
FRL	75	460
FRL	76	234438
# Read lengths - last fragments. Use `grep ^LRL | cut -f 2-` to extract this part. The columns are: read length, count
LRL	31	28
LRL	32	28
LRL	33	35
LRL	34	24
LRL	35	19
LRL	36	16
LRL	37	13
LRL	38	15
LRL	39	18
LRL	40	15
LRL	41	16
LRL	42	10
LRL	43	11
LRL	44	7
LRL	45	15
LRL	46	7
LRL	47	5
LRL	48	7
LRL	49	12
LRL	50	7
LRL	51	4
LRL	52	7
LRL	53	11
LRL	54	10
LRL	55	11
LRL	56	16
LRL	57	17
LRL	58	25
LRL	59	24
LRL	60	29
LRL	61	34
LRL	62	42
LRL	63	66
LRL	64	56
LRL	65	97
LRL	66	120
LRL	67	128
LRL	68	142
LRL	69	182
LRL	70	225
LRL	71	266
LRL	72	328
LRL	73	362
LRL	74	403
LRL	75	460
LRL	76	234438
# Mapping qualities for reads !(UNMAP|SECOND|SUPPL|QCFAIL|DUP). Use `grep ^MAPQ | cut -f 2-` to extract this part. The columns are: mapq, count
MAPQ	0	40828
MAPQ	1	226
MAPQ	2	154
MAPQ	3	267
MAPQ	4	193
MAPQ	5	117
MAPQ	6	290
MAPQ	7	248
MAPQ	8	177
MAPQ	9	331
MAPQ	10	153
MAPQ	11	220
MAPQ	12	184
MAPQ	13	193
MAPQ	14	138
MAPQ	15	270
MAPQ	16	203
MAPQ	17	206
MAPQ	18	174
MAPQ	19	314
MAPQ	20	375
MAPQ	21	356
MAPQ	22	468
MAPQ	23	447
MAPQ	24	575
MAPQ	25	977
MAPQ	26	74
MAPQ	27	2396
MAPQ	28	111
MAPQ	29	130
MAPQ	30	190
MAPQ	31	152
MAPQ	32	57
MAPQ	33	297
MAPQ	34	74
MAPQ	35	80
MAPQ	36	130
MAPQ	37	156
MAPQ	38	57
MAPQ	39	290
MAPQ	40	5493
MAPQ	41	200
MAPQ	42	220
MAPQ	43	397
MAPQ	44	309
MAPQ	45	397
MAPQ	46	559
MAPQ	47	466
MAPQ	48	602
MAPQ	49	1328
MAPQ	50	295
MAPQ	51	3393
MAPQ	52	301
MAPQ	53	198
MAPQ	54	519
MAPQ	55	271
MAPQ	56	136
MAPQ	57	822
MAPQ	58	68
MAPQ	59	47
MAPQ	60	404224
# Indel distribution. Use `grep ^ID | cut -f 2-` to extract this part. The columns are: length, number of insertions, number of deletions
ID	1	1165	1304
ID	2	255	357
ID	3	90	130
ID	4	126	165
ID	5	206	73
ID	6	21	47
ID	7	5	11
ID	8	10	21
ID	9	10	15
ID	10	12	25
ID	11	3	3
ID	12	4	9
ID	13	0	3
ID	14	1	4
ID	15	2	5
ID	16	0	8
ID	18	1	3
ID	20	0	1
ID	25	0	2
# Indels per cycle. Use `grep ^IC | cut -f 2-` to extract this part. The columns are: cycle, number of insertions (fwd), .. (rev) , number of deletions (fwd), .. (rev)
IC	3	0	0	2	3
IC	4	8	11	9	4
IC	5	5	8	9	6
IC	6	8	8	12	11
IC	7	17	17	8	9
IC	8	9	10	17	10
IC	9	7	9	7	11
IC	10	11	12	10	18
IC	11	10	8	9	14
IC	12	9	16	6	14
IC	13	10	8	15	20
IC	14	10	13	22	15
IC	15	8	11	16	15
IC	16	14	6	14	10
IC	17	13	12	19	16
IC	18	17	12	25	17
IC	19	14	15	14	23
IC	20	13	10	21	25
IC	21	21	8	14	18
IC	22	14	11	13	16
IC	23	11	12	25	13
IC	24	10	10	18	11
IC	25	14	16	16	16
IC	26	11	12	18	20
IC	27	16	7	15	11
IC	28	16	8	10	25
IC	29	10	9	21	14
IC	30	13	4	22	21
IC	31	20	14	23	18
IC	32	17	6	28	18
IC	33	16	14	17	13
IC	34	16	9	21	14
IC	35	10	16	14	19
IC	36	13	11	12	11
IC	37	13	12	14	14
IC	38	13	14	13	12
IC	39	15	18	19	14
IC	40	9	15	12	20
IC	41	13	12	14	22
IC	42	16	12	14	18
IC	43	22	19	18	14
IC	44	11	11	27	17
IC	45	11	15	20	22
IC	46	14	9	15	24
IC	47	22	8	19	26
IC	48	8	13	15	9
IC	49	17	14	14	17
IC	50	16	18	13	13
IC	51	17	12	26	22
IC	52	12	17	18	11
IC	53	12	11	24	17
IC	54	11	15	13	13
IC	55	11	17	17	12
IC	56	9	11	25	12
IC	57	9	6	12	13
IC	58	9	18	13	26
IC	59	16	12	11	16
IC	60	9	13	16	19
IC	61	12	13	24	8
IC	62	12	14	11	17
IC	63	5	12	13	13
IC	64	10	15	14	16
IC	65	14	18	20	14
IC	66	5	16	11	17
IC	67	11	18	11	13
IC	68	11	20	12	12
IC	69	13	23	4	11
IC	70	11	17	8	15
IC	71	15	48	12	14
IC	72	23	55	10	25
IC	73	23	76	10	25
# Coverage distribution. Use `grep ^COV | cut -f 2-` to extract this part.
COV	[1-1]	1	24042292
COV	[2-2]	2	4694696
COV	[3-3]	3	438718
COV	[4-4]	4	110475
COV	[5-5]	5	33798
COV	[6-6]	6	12908
COV	[7-7]	7	7291
COV	[8-8]	8	4793
COV	[9-9]	9	3046
COV	[10-10]	10	2015
COV	[11-11]	11	1190
COV	[12-12]	12	801
COV	[13-13]	13	609
COV	[14-14]	14	309
COV	[15-15]	15	273
COV	[16-16]	16	150
COV	[17-17]	17	152
COV	[18-18]	18	134
COV	[19-19]	19	76
COV	[20-20]	20	42
COV	[21-21]	21	26
COV	[22-22]	22	57
COV	[23-23]	23	33
COV	[24-24]	24	21
COV	[25-25]	25	13
COV	[26-26]	26	20
COV	[27-27]	27	9
COV	[28-28]	28	32
COV	[29-29]	29	5
COV	[30-30]	30	10
COV	[31-31]	31	3
COV	[32-32]	32	9
COV	[33-33]	33	9
COV	[34-34]	34	21
COV	[35-35]	35	39
COV	[36-36]	36	14
COV	[37-37]	37	9
COV	[38-38]	38	7
COV	[39-39]	39	5
COV	[40-40]	40	14
COV	[41-41]	41	14
COV	[42-42]	42	13
COV	[43-43]	43	24
COV	[44-44]	44	15
COV	[45-45]	45	9
COV	[46-46]	46	8
COV	[47-47]	47	5
COV	[48-48]	48	15
COV	[49-49]	49	17
COV	[50-50]	50	22
COV	[51-51]	51	26
COV	[52-52]	52	19
COV	[53-53]	53	13
COV	[54-54]	54	12
COV	[55-55]	55	21
COV	[56-56]	56	15
COV	[57-57]	57	8
COV	[58-58]	58	9
COV	[59-59]	59	6
COV	[60-60]	60	9
COV	[61-61]	61	8
COV	[62-62]	62	4
COV	[63-63]	63	11
COV	[64-64]	64	10
COV	[65-65]	65	2
COV	[66-66]	66	1
COV	[67-67]	67	5
COV	[68-68]	68	3
COV	[69-69]	69	4
COV	[70-70]	70	6
COV	[71-71]	71	5
COV	[72-72]	72	11
COV	[73-73]	73	8
COV	[74-74]	74	8
COV	[75-75]	75	9
COV	[76-76]	76	2
COV	[77-77]	77	5
COV	[78-78]	78	2
COV	[79-79]	79	3
COV	[80-80]	80	4
COV	[81-81]	81	3
COV	[82-82]	82	3
COV	[84-84]	84	1
# GC-depth. Use `grep ^GCD | cut -f 2-` to extract this part. The columns are: GC%, unique sequence percentiles, 10th, 25th, 50th, 75th and 90th depth percentile
GCD	0.0	0.025	0.004	0.004	0.004	0.004	0.008
GCD	2.6	0.027	0.015	0.015	0.015	0.015	0.015
GCD	13.0	0.028	0.015	0.015	0.015	0.015	0.015
GCD	15.0	0.030	0.008	0.008	0.009	0.011	0.011
GCD	16.0	0.033	0.008	0.008	0.008	0.008	0.008
GCD	17.0	0.035	0.008	0.008	0.008	0.008	0.008
GCD	18.0	0.048	0.008	0.008	0.008	0.008	0.008
GCD	19.0	0.059	0.008	0.008	0.008	0.009	0.015
GCD	20.0	0.085	0.004	0.008	0.008	0.008	0.011
GCD	21.0	0.107	0.008	0.008	0.008	0.008	0.008
GCD	22.0	0.220	0.008	0.008	0.008	0.008	0.008
GCD	23.0	0.325	0.008	0.008	0.008	0.008	0.015
GCD	24.0	0.553	0.008	0.008	0.008	0.008	0.014
GCD	25.0	0.780	0.008	0.008	0.008	0.011	0.015
GCD	26.0	1.261	0.008	0.008	0.008	0.008	0.015
GCD	27.0	1.701	0.008	0.008	0.008	0.015	0.015
GCD	28.0	2.598	0.008	0.008	0.008	0.015	0.015
GCD	29.0	3.386	0.008	0.008	0.011	0.015	0.023
GCD	30.0	4.885	0.008	0.008	0.008	0.015	0.023
GCD	31.0	6.262	0.008	0.008	0.015	0.015	0.023
GCD	32.0	8.748	0.008	0.008	0.015	0.015	0.023
GCD	33.0	10.946	0.008	0.008	0.015	0.023	0.030
GCD	34.0	14.398	0.008	0.008	0.015	0.023	0.030
GCD	35.0	17.516	0.008	0.015	0.015	0.023	0.038
GCD	36.0	22.139	0.008	0.008	0.015	0.023	0.034
GCD	37.0	26.305	0.008	0.015	0.015	0.030	0.046
GCD	38.0	32.462	0.008	0.008	0.015	0.023	0.038
GCD	39.0	38.327	0.008	0.008	0.015	0.023	0.038
GCD	40.0	43.127	0.008	0.015	0.015	0.030	0.046
GCD	41.0	48.935	0.008	0.008	0.015	0.023	0.046
GCD	42.0	53.342	0.008	0.015	0.019	0.030	0.053
GCD	43.0	58.291	0.008	0.008	0.015	0.023	0.046
GCD	44.0	62.217	0.008	0.015	0.023	0.030	0.049
GCD	45.0	66.556	0.008	0.008	0.015	0.030	0.046
GCD	46.0	70.176	0.008	0.015	0.023	0.030	0.053
GCD	47.0	73.722	0.008	0.008	0.015	0.030	0.046
GCD	48.0	76.656	0.008	0.015	0.023	0.030	0.053
GCD	49.0	79.669	0.008	0.008	0.015	0.030	0.046
GCD	50.0	82.163	0.008	0.015	0.023	0.030	0.053
GCD	51.0	84.737	0.008	0.008	0.015	0.030	0.053
GCD	52.0	86.681	0.008	0.015	0.023	0.030	0.053
GCD	53.0	88.734	0.008	0.008	0.015	0.030	0.053
GCD	54.0	90.421	0.008	0.015	0.023	0.038	0.053
GCD	55.0	92.225	0.008	0.008	0.015	0.030	0.053
GCD	56.0	93.531	0.008	0.015	0.023	0.038	0.068
GCD	57.0	94.862	0.008	0.008	0.015	0.030	0.053
GCD	58.0	95.864	0.008	0.015	0.023	0.038	0.061
GCD	59.0	96.863	0.008	0.008	0.015	0.038	0.061
GCD	60.0	97.568	0.008	0.015	0.023	0.038	0.061
GCD	61.0	98.268	0.008	0.008	0.015	0.030	0.053
GCD	62.0	98.791	0.008	0.008	0.015	0.030	0.046
GCD	63.0	99.107	0.008	0.010	0.023	0.030	0.049
GCD	64.0	99.423	0.008	0.008	0.015	0.023	0.046
GCD	65.0	99.570	0.008	0.008	0.015	0.023	0.038
GCD	66.0	99.738	0.008	0.008	0.008	0.019	0.038
GCD	67.0	99.812	0.008	0.008	0.015	0.023	0.038
GCD	68.0	99.881	0.008	0.008	0.008	0.015	0.023
GCD	69.0	99.909	0.008	0.008	0.008	0.023	0.028
GCD	70.0	99.955	0.008	0.008	0.008	0.014	0.023
GCD	71.0	99.967	0.008	0.008	0.008	0.015	0.015
GCD	72.0	99.982	0.008	0.008	0.008	0.008	0.008
GCD	73.0	99.987	0.008	0.008	0.008	0.013	0.015
GCD	74.0	99.992	0.008	0.008	0.008	0.008	0.008
GCD	75.0	99.995	0.008	0.008	0.008	0.008	0.008
GCD	76.0	99.999	0.004	0.004	0.008	0.008	0.008
GCD	78.0	100.000	0.008	0.008	0.008	0.008	0.008
