chr1	248956422	7741239	26
chr10	133797422	3069393	17
chr11	135086622	3468764	33
chr11_KI270721v1_random	100316	750	0
chr12	133275309	3349115	23
chr13	114364328	1391699	9
chr14	107043718	2077541	8
chr14_GL000009v2_random	201709	1136	0
chr14_GL000225v1_random	211173	2323	5
chr14_KI270722v1_random	194050	855	0
chr14_GL000194v1_random	191469	2531	0
chr14_KI270723v1_random	38115	407	0
chr14_KI270724v1_random	39555	660	0
chr14_KI270725v1_random	172810	1683	0
chr14_KI270726v1_random	43739	2018	0
chr15	101991189	2450575	8
chr15_KI270727v1_random	448248	22841	0
chr16	90338345	2510826	12
chr16_KI270728v1_random	1872759	34288	0
chr17	83257441	3517168	15
chr17_GL000205v2_random	185591	2093	0
chr17_KI270729v1_random	280839	1764	0
chr17_KI270730v1_random	112551	320	0
chr18	80373285	1097799	0
chr19	58617616	2698252	131
chr1_KI270706v1_random	175055	958	0
chr1_KI270707v1_random	32032	26	0
chr1_KI270708v1_random	127682	1329	0
chr1_KI270709v1_random	66860	619	0
chr1_KI270710v1_random	40176	51	0
chr1_KI270711v1_random	42210	19480	0
chr1_KI270712v1_random	176043	2265	0
chr1_KI270713v1_random	40745	4425	0
chr1_KI270714v1_random	41717	2191	0
chr2	242193529	6329042	18
chr20	64444167	1435678	7
chr21	46709983	717741	6
chr22	50818468	1385678	6
chr22_KI270731v1_random	150754	13104	0
chr22_KI270732v1_random	41543	80	0
chr22_KI270733v1_random	179772	2515	1
chr22_KI270734v1_random	165050	13494	0
chr22_KI270735v1_random	42811	221	0
chr22_KI270736v1_random	181920	628	4
chr22_KI270737v1_random	103838	154	0
chr22_KI270738v1_random	99375	171	0
chr22_KI270739v1_random	73985	12	0
chr2_KI270715v1_random	161471	48	0
chr2_KI270716v1_random	153799	55	0
chr3	198295559	4178763	13
chr3_GL000221v1_random	155397	766	0
chr4	190214555	3090666	14
chr4_GL000008v2_random	209709	1070	0
chr5	181538259	3519579	28
chr5_GL000208v1_random	92689	57	0
chr6	170805979	3005585	12
chr7	159345973	3575001	8
chr8	145138636	2131317	7
chr9	138394717	2936750	11
chr9_KI270717v1_random	40062	537	0
chr9_KI270718v1_random	38054	2588	0
chr9_KI270719v1_random	176845	1691	0
chr9_KI270720v1_random	39050	3281	0
chr1_KI270762v1_alt	354444	7151	0
chr1_KI270766v1_alt	256271	30536	0
chr1_KI270760v1_alt	109528	174	0
chr1_KI270765v1_alt	185285	2313	0
chr1_GL383518v1_alt	182439	7843	0
chr1_GL383519v1_alt	110268	19576	0
chr1_GL383520v2_alt	366580	3752	0
chr1_KI270764v1_alt	50258	46	0
chr1_KI270763v1_alt	911658	19531	0
chr1_KI270759v1_alt	425601	3461	0
chr1_KI270761v1_alt	165834	11444	0
chr2_KI270770v1_alt	136240	185	0
chr2_KI270773v1_alt	70887	751	0
chr2_KI270774v1_alt	223625	2245	0
chr2_KI270769v1_alt	120616	3025	0
chr2_GL383521v1_alt	143390	110	0
chr2_KI270772v1_alt	133041	715	0
chr2_KI270775v1_alt	138019	86	0
chr2_KI270771v1_alt	110395	72	0
chr2_KI270768v1_alt	110099	1553	0
chr2_GL582966v2_alt	96131	3732	0
chr2_GL383522v1_alt	123821	5684	0
chr2_KI270776v1_alt	174166	2440	0
chr2_KI270767v1_alt	161578	573	0
chr3_JH636055v2_alt	173151	3329	0
chr3_KI270783v1_alt	109187	58	0
chr3_KI270780v1_alt	224108	560	0
chr3_GL383526v1_alt	180671	1348	0
chr3_KI270777v1_alt	173649	3143	0
chr3_KI270778v1_alt	248252	72	0
chr3_KI270781v1_alt	113034	152	0
chr3_KI270779v1_alt	205312	8411	0
chr3_KI270782v1_alt	162429	979	0
chr3_KI270784v1_alt	184404	5447	0
chr4_KI270790v1_alt	220246	172	0
chr4_GL383528v1_alt	376187	178	0
chr4_KI270787v1_alt	111943	75	0
chr4_GL000257v2_alt	586476	21742	0
chr4_KI270788v1_alt	158965	109	0
chr4_GL383527v1_alt	164536	3661	0
chr4_KI270785v1_alt	119912	86	0
chr4_KI270789v1_alt	205944	493	0
chr4_KI270786v1_alt	244096	149	0
chr5_KI270793v1_alt	126136	692	0
chr5_KI270792v1_alt	179043	2807	0
chr5_KI270791v1_alt	195710	4901	0
chr5_GL383532v1_alt	82728	34	0
chr5_GL949742v1_alt	226852	128	0
chr5_KI270794v1_alt	164558	1332	0
chr5_GL339449v2_alt	1612928	95397	1
chr5_GL383530v1_alt	101241	54	0
chr5_KI270796v1_alt	172708	129	0
chr5_GL383531v1_alt	173459	106	0
chr5_KI270795v1_alt	131892	4065	0
chr6_GL000250v2_alt	4672374	23456	0
chr6_KI270800v1_alt	175808	1314	0
chr6_KI270799v1_alt	152148	48	0
chr6_GL383533v1_alt	124736	281	0
chr6_KI270801v1_alt	870480	7613	0
chr6_KI270802v1_alt	75005	150	0
chr6_KB021644v2_alt	185823	276	0
chr6_KI270797v1_alt	197536	3272	0
chr6_KI270798v1_alt	271782	3141	0
chr7_KI270804v1_alt	157952	350	0
chr7_KI270809v1_alt	209586	6123	0
chr7_KI270806v1_alt	158166	5249	0
chr7_GL383534v2_alt	119183	3467	0
chr7_KI270803v1_alt	1111570	23387	0
chr7_KI270808v1_alt	271455	1101	0
chr7_KI270807v1_alt	126434	217	0
chr7_KI270805v1_alt	209988	405	0
chr8_KI270818v1_alt	145606	270	0
chr8_KI270812v1_alt	282736	457	0
chr8_KI270811v1_alt	292436	558	0
chr8_KI270821v1_alt	985506	11067	0
chr8_KI270813v1_alt	300230	30567	0
chr8_KI270822v1_alt	624492	10899	0
chr8_KI270814v1_alt	141812	287	0
chr8_KI270810v1_alt	374415	240	0
chr8_KI270819v1_alt	133535	1736	0
chr8_KI270820v1_alt	36640	234	0
chr8_KI270817v1_alt	158983	1101	0
chr8_KI270816v1_alt	305841	10945	0
chr8_KI270815v1_alt	132244	1444	0
chr9_GL383539v1_alt	162988	1152	0
chr9_GL383540v1_alt	71551	1462	0
chr9_GL383541v1_alt	171286	1312	0
chr9_GL383542v1_alt	60032	520	0
chr9_KI270823v1_alt	439082	2156	0
chr10_GL383545v1_alt	179254	1992	0
chr10_KI270824v1_alt	181496	928	0
chr10_GL383546v1_alt	309802	3803	0
chr10_KI270825v1_alt	188315	4209	0
chr11_KI270832v1_alt	210133	7275	0
chr11_KI270830v1_alt	177092	1430	0
chr11_KI270831v1_alt	296895	6267	0
chr11_KI270829v1_alt	204059	3070	0
chr11_GL383547v1_alt	154407	64	0
chr11_JH159136v1_alt	200998	7722	1
chr11_JH159137v1_alt	191409	2180	0
chr11_KI270827v1_alt	67707	136	0
chr11_KI270826v1_alt	186169	276	0
chr12_GL877875v1_alt	167313	2566	0
chr12_GL877876v1_alt	408271	7630	0
chr12_KI270837v1_alt	40090	1536	0
chr12_GL383549v1_alt	120804	107	0
chr12_KI270835v1_alt	238139	1271	0
chr12_GL383550v2_alt	169178	1052	0
chr12_GL383552v1_alt	138655	794	0
chr12_GL383553v2_alt	152874	2162	0
chr12_KI270834v1_alt	119498	7715	0
chr12_GL383551v1_alt	184319	200	0
chr12_KI270833v1_alt	76061	2658	0
chr12_KI270836v1_alt	56134	77	0
chr13_KI270840v1_alt	191684	1251	0
chr13_KI270839v1_alt	180306	751	0
chr13_KI270843v1_alt	103832	71	0
chr13_KI270841v1_alt	169134	89	0
chr13_KI270838v1_alt	306913	2391	0
chr13_KI270842v1_alt	37287	59	0
chr14_KI270844v1_alt	322166	5758	0
chr14_KI270847v1_alt	1511111	28233	0
chr14_KI270845v1_alt	180703	845	0
chr14_KI270846v1_alt	1351393	31724	0
chr15_KI270852v1_alt	478999	23466	0
chr15_KI270851v1_alt	263054	17952	0
chr15_KI270848v1_alt	327382	7800	0
chr15_GL383554v1_alt	296527	4905	0
chr15_KI270849v1_alt	244917	6872	0
chr15_GL383555v2_alt	388773	2599	0
chr15_KI270850v1_alt	430880	5176	0
chr16_KI270854v1_alt	134193	2210	0
chr16_KI270856v1_alt	63982	166	0
chr16_KI270855v1_alt	232857	6534	0
chr16_KI270853v1_alt	2659700	129478	0
chr16_GL383556v1_alt	192462	7126	0
chr16_GL383557v1_alt	89672	2060	0
chr17_GL383563v3_alt	375691	1703	0
chr17_KI270862v1_alt	391357	4389	0
chr17_KI270861v1_alt	196688	11394	0
chr17_KI270857v1_alt	2877074	78448	0
chr17_JH159146v1_alt	278131	11880	0
chr17_JH159147v1_alt	70345	4435	0
chr17_GL383564v2_alt	133151	5345	0
chr17_GL000258v2_alt	1821992	25353	0
chr17_GL383565v1_alt	223995	122	0
chr17_KI270858v1_alt	235827	192	0
chr17_KI270859v1_alt	108763	191	0
chr17_GL383566v1_alt	90219	138	0
chr17_KI270860v1_alt	178921	2709	0
chr18_KI270864v1_alt	111737	58	0
chr18_GL383567v1_alt	289831	1415	0
chr18_GL383570v1_alt	164789	98	0
chr18_GL383571v1_alt	198278	2127	0
chr18_GL383568v1_alt	104552	40	0
chr18_GL383569v1_alt	167950	170	0
chr18_GL383572v1_alt	159547	457	0
chr18_KI270863v1_alt	167999	1228	0
chr19_KI270868v1_alt	61734	949	0
chr19_KI270865v1_alt	52969	1151	0
chr19_GL383573v1_alt	385657	2025	0
chr19_GL383575v2_alt	170222	1513	1
chr19_GL383576v1_alt	188024	1376	0
chr19_GL383574v1_alt	155864	1917	0
chr19_KI270866v1_alt	43156	1599	0
chr19_KI270867v1_alt	233762	2875	0
chr19_GL949746v1_alt	987716	11759	0
chr20_GL383577v2_alt	128386	149	0
chr20_KI270869v1_alt	118774	2509	0
chr20_KI270871v1_alt	58661	1075	0
chr20_KI270870v1_alt	183433	4363	0
chr21_GL383578v2_alt	63917	37	0
chr21_KI270874v1_alt	166743	100	0
chr21_KI270873v1_alt	143900	528	0
chr21_GL383579v2_alt	201197	165	0
chr21_GL383580v2_alt	74653	1383	0
chr21_GL383581v2_alt	116689	4712	0
chr21_KI270872v1_alt	82692	1761	0
chr22_KI270875v1_alt	259914	5400	0
chr22_KI270878v1_alt	186262	1603	0
chr22_KI270879v1_alt	304135	18340	0
chr22_KI270876v1_alt	263666	2699	0
chr22_KI270877v1_alt	101331	1351	0
chr22_GL383583v2_alt	96924	1238	0
chr22_GL383582v2_alt	162811	5378	0
chrX_KI270880v1_alt	284869	807	1
chrX_KI270881v1_alt	144206	1819	0
chr19_KI270882v1_alt	248807	450	0
chr19_KI270883v1_alt	170399	422	0
chr19_KI270884v1_alt	157053	297	0
chr19_KI270885v1_alt	171027	451	0
chr19_KI270886v1_alt	204239	316	0
chr19_KI270887v1_alt	209512	540	0
chr19_KI270888v1_alt	155532	438	0
chr19_KI270889v1_alt	170698	547	0
chr19_KI270890v1_alt	184499	440	0
chr19_KI270891v1_alt	170680	1090	0
chr1_KI270892v1_alt	162212	11475	0
chr2_KI270894v1_alt	214158	2527	0
chr2_KI270893v1_alt	161218	606	0
chr3_KI270895v1_alt	162896	5419	0
chr4_KI270896v1_alt	378547	5463	0
chr5_KI270897v1_alt	1144418	50208	0
chr5_KI270898v1_alt	130957	4245	0
chr6_GL000251v2_alt	4795265	70609	0
chr7_KI270899v1_alt	190869	4081	0
chr8_KI270901v1_alt	136959	224	0
chr8_KI270900v1_alt	318687	980	0
chr11_KI270902v1_alt	106711	13771	0
chr11_KI270903v1_alt	214625	2369	0
chr12_KI270904v1_alt	572349	10441	0
chr15_KI270906v1_alt	196384	1777	0
chr15_KI270905v1_alt	5161414	87072	0
chr17_KI270907v1_alt	137721	320	0
chr17_KI270910v1_alt	157099	2467	0
chr17_KI270909v1_alt	325800	12040	0
chr17_JH159148v1_alt	88070	3719	0
chr17_KI270908v1_alt	1423190	31947	0
chr18_KI270912v1_alt	174061	180	0
chr18_KI270911v1_alt	157710	414	0
chr19_GL949747v2_alt	729520	5427	0
chr22_KB663609v1_alt	74013	2392	0
chrX_KI270913v1_alt	274009	1272	1
chr19_KI270914v1_alt	205194	391	0
chr19_KI270915v1_alt	170665	477	0
chr19_KI270916v1_alt	184516	408	0
chr19_KI270917v1_alt	190932	608	0
chr19_KI270918v1_alt	123111	313	0
chr19_KI270919v1_alt	170701	382	0
chr19_KI270920v1_alt	198005	531	0
chr19_KI270921v1_alt	282224	673	0
chr19_KI270922v1_alt	187935	563	0
chr19_KI270923v1_alt	189352	504	0
chr3_KI270924v1_alt	166540	5118	0
chr4_KI270925v1_alt	555799	1028	0
chr6_GL000252v2_alt	4604811	62967	0
chr8_KI270926v1_alt	229282	1651	0
chr11_KI270927v1_alt	218612	12582	0
chr19_GL949748v2_alt	1064304	3090	0
chr22_KI270928v1_alt	176103	6385	0
chr19_KI270929v1_alt	186203	537	0
chr19_KI270930v1_alt	200773	555	0
chr19_KI270931v1_alt	170148	567	0
chr19_KI270932v1_alt	215732	451	0
chr19_KI270933v1_alt	170537	368	0
chr19_GL000209v2_alt	177381	426	0
chr3_KI270934v1_alt	163458	5647	0
chr6_GL000253v2_alt	4677643	37802	0
chr19_GL949749v2_alt	1091841	3144	0
chr3_KI270935v1_alt	197351	4555	0
chr6_GL000254v2_alt	4827813	53561	0
chr19_GL949750v2_alt	1066390	3008	0
chr3_KI270936v1_alt	164170	5607	0
chr6_GL000255v2_alt	4606388	56106	0
chr19_GL949751v2_alt	1002683	3300	0
chr3_KI270937v1_alt	165607	5982	0
chr6_GL000256v2_alt	4929269	57299	0
chr19_GL949752v1_alt	987100	14109	0
chr6_KI270758v1_alt	76752	466	0
chr19_GL949753v2_alt	796479	7835	0
chr19_KI270938v1_alt	1066800	13086	0
chrM	16569	11929	0
chrUn_KI270302v1	2274	0	0
chrUn_KI270304v1	2165	2	0
chrUn_KI270303v1	1942	0	0
chrUn_KI270305v1	1472	0	0
chrUn_KI270322v1	21476	0	0
chrUn_KI270320v1	4416	0	0
chrUn_KI270310v1	1201	2	0
chrUn_KI270316v1	1444	0	0
chrUn_KI270315v1	2276	0	0
chrUn_KI270312v1	998	0	0
chrUn_KI270311v1	12399	2	0
chrUn_KI270317v1	37690	0	0
chrUn_KI270412v1	1179	4	0
chrUn_KI270411v1	2646	10	0
chrUn_KI270414v1	2489	0	0
chrUn_KI270419v1	1029	0	0
chrUn_KI270418v1	2145	2	0
chrUn_KI270420v1	2321	2	0
chrUn_KI270424v1	2140	0	0
chrUn_KI270417v1	2043	0	0
chrUn_KI270422v1	1445	0	0
chrUn_KI270423v1	981	0	0
chrUn_KI270425v1	1884	2	0
chrUn_KI270429v1	1361	10	0
chrUn_KI270442v1	392061	4227	0
chrUn_KI270466v1	1233	60	0
chrUn_KI270465v1	1774	21	0
chrUn_KI270467v1	3920	243	0
chrUn_KI270435v1	92983	84	0
chrUn_KI270438v1	112505	2602	0
chrUn_KI270468v1	4055	2	0
chrUn_KI270510v1	2415	4	0
chrUn_KI270509v1	2318	6	0
chrUn_KI270518v1	2186	8	0
chrUn_KI270508v1	1951	0	0
chrUn_KI270516v1	1300	5	0
chrUn_KI270512v1	22689	47	0
chrUn_KI270519v1	138126	142	0
chrUn_KI270522v1	5674	6	0
chrUn_KI270511v1	8127	4	0
chrUn_KI270515v1	6361	8	0
chrUn_KI270507v1	5353	14	0
chrUn_KI270517v1	3253	0	0
chrUn_KI270529v1	1899	0	0
chrUn_KI270528v1	2983	0	0
chrUn_KI270530v1	2168	2	0
chrUn_KI270539v1	993	0	0
chrUn_KI270538v1	91309	115	0
chrUn_KI270544v1	1202	4	0
chrUn_KI270548v1	1599	4	0
chrUn_KI270583v1	1400	2	0
chrUn_KI270587v1	2969	14	0
chrUn_KI270580v1	1553	2	0
chrUn_KI270581v1	7046	4	0
chrUn_KI270579v1	31033	16	0
chrUn_KI270589v1	44474	77	0
chrUn_KI270590v1	4685	4	0
chrUn_KI270584v1	4513	3	0
chrUn_KI270582v1	6504	6	0
chrUn_KI270588v1	6158	4	0
chrUn_KI270593v1	3041	0	0
chrUn_KI270591v1	5796	25	0
chrUn_KI270330v1	1652	18	0
chrUn_KI270329v1	1040	4	0
chrUn_KI270334v1	1368	2	0
chrUn_KI270333v1	2699	57	0
chrUn_KI270335v1	1048	0	0
chrUn_KI270338v1	1428	0	0
chrUn_KI270340v1	1428	0	0
chrUn_KI270336v1	1026	7	0
chrUn_KI270337v1	1121	36	0
chrUn_KI270363v1	1803	6	0
chrUn_KI270364v1	2855	2	0
chrUn_KI270362v1	3530	0	0
chrUn_KI270366v1	8320	4	0
chrUn_KI270378v1	1048	0	0
chrUn_KI270379v1	1045	2	0
chrUn_KI270389v1	1298	0	0
chrUn_KI270390v1	2387	0	0
chrUn_KI270387v1	1537	0	0
chrUn_KI270395v1	1143	0	0
chrUn_KI270396v1	1880	0	0
chrUn_KI270388v1	1216	0	0
chrUn_KI270394v1	970	2	0
chrUn_KI270386v1	1788	0	0
chrUn_KI270391v1	1484	0	0
chrUn_KI270383v1	1750	0	0
chrUn_KI270393v1	1308	0	0
chrUn_KI270384v1	1658	0	0
chrUn_KI270392v1	971	0	0
chrUn_KI270381v1	1930	0	0
chrUn_KI270385v1	990	0	0
chrUn_KI270382v1	4215	0	0
chrUn_KI270376v1	1136	0	0
chrUn_KI270374v1	2656	0	0
chrUn_KI270372v1	1650	0	0
chrUn_KI270373v1	1451	0	0
chrUn_KI270375v1	2378	0	0
chrUn_KI270371v1	2805	2	0
chrUn_KI270448v1	7992	4	0
chrUn_KI270521v1	7642	2	0
chrUn_GL000195v1	182896	474	0
chrUn_GL000219v1	179198	3426	0
chrUn_GL000220v1	161802	2250	0
chrUn_GL000224v1	179693	2236	0
chrUn_KI270741v1	157432	181	0
chrUn_GL000226v1	15008	42	0
chrUn_GL000213v1	164239	8836	0
chrUn_KI270743v1	210658	765	0
chrUn_KI270744v1	168472	1703	0
chrUn_KI270745v1	41891	30	0
chrUn_KI270746v1	66486	19015	0
chrUn_KI270747v1	198735	294	0
chrUn_KI270748v1	93321	109	0
chrUn_KI270749v1	158759	1761	0
chrUn_KI270750v1	148850	3245	0
chrUn_KI270751v1	150742	816	0
chrUn_KI270752v1	27745	0	0
chrUn_KI270753v1	62944	158	0
chrUn_KI270754v1	40191	935	0
chrUn_KI270755v1	36723	16	0
chrUn_KI270756v1	79590	126	0
chrUn_KI270757v1	71251	105	1
chrUn_GL000214v1	137718	1055	0
chrUn_KI270742v1	186739	1582	0
chrUn_GL000216v2	176608	1516	0
chrUn_GL000218v1	161147	1530	0
chrX	156040895	4539105	12
chrY	57227415	66753	11
chrY_KI270740v1_random	37240	0	0
*	0	0	105866
