# This file was produced by samtools stats (1.23+htslib-1.23) and can be plotted using plot-bamstats
# This file contains statistics for all reads.
# The command line was:  stats data/EAS/JPT/NA19001/aligned/NA19001.bam
# CHK, Checksum	[2]Read Names	[3]Sequences	[4]Qualities
# CHK, CRC32 of reads which passed filtering followed by addition (32bit overflow)
CHK	83e6951c	2c8629cc	ac16bbb6
# Summary Numbers. Use `grep ^SN | cut -f 2-` to extract this part.
SN	raw total sequences:	248644	# excluding supplementary and secondary reads
SN	filtered sequences:	0
SN	sequences:	248644
SN	is sorted:	1	# sorted by coordinate
SN	1st fragments:	124322
SN	last fragments:	124322
SN	reads mapped:	248196
SN	reads mapped and paired:	248196	# paired-end technology bit set + both mates mapped
SN	reads unmapped:	448
SN	reads properly paired:	247024	# proper-pair bit set
SN	reads paired:	248644	# paired-end technology bit set
SN	reads duplicated:	0	# PCR or optical duplicate bit set
SN	reads MQ0:	25813	# mapped and MQ=0
SN	reads QC failed:	0
SN	non-primary alignments:	0
SN	supplementary alignments:	34
SN	total length:	25074824	# ignores clipping
SN	total first fragment length:	12537412	# ignores clipping
SN	total last fragment length:	12537412	# ignores clipping
SN	bases mapped:	25029576	# ignores clipping
SN	bases mapped (cigar):	25015659	# more accurate
SN	bases trimmed:	0
SN	bases duplicated:	0
SN	mismatches:	53381	# from NM fields
SN	error rate:	2.133903e-03	# mismatches / bases mapped (cigar)
SN	average length:	101
SN	average first fragment length:	101
SN	average last fragment length:	101
SN	maximum length:	101
SN	maximum first fragment length:	101
SN	maximum last fragment length:	101
SN	average quality:	36.6
SN	insert size average:	203.1
SN	insert size standard deviation:	73.5
SN	inward oriented pairs:	123955
SN	outward oriented pairs:	27
SN	pairs with other orientation:	20
SN	pairs on different chromosomes:	96
SN	percentage of properly paired reads (%):	99.3
# First Fragment Qualities. Use `grep ^FFQ | cut -f 2-` to extract this part.
# Columns correspond to qualities and rows to cycles. First column is the cycle number.
FFQ	1	0	0	2	0	0	0	0	0	0	0	79	0	0	0	0	0	170	0	0	4	0	0	44	245	0	227	827	1191	594	0	4957	35936	0	9793	70253	0	0	0	0	0	0	0	0
FFQ	2	0	0	0	0	0	0	0	0	0	0	244	0	0	0	0	0	331	0	0	1	0	0	192	320	0	205	886	1814	582	0	4241	30576	0	3943	80987	0	0	0	0	0	0	0	0
FFQ	3	0	0	0	0	0	0	0	0	0	0	46	0	0	0	0	0	169	0	0	0	0	0	85	190	0	268	655	1284	719	0	4220	28280	0	4605	83801	0	0	0	0	0	0	0	0
FFQ	4	0	0	0	0	0	0	0	0	0	0	78	0	0	0	0	0	120	0	0	78	0	0	96	0	0	173	353	30	475	14	970	27	1333	2347	0	20715	0	97513	0	0	0	0	0
FFQ	5	0	0	0	0	0	0	0	0	0	0	109	0	0	0	0	0	127	0	0	99	0	0	105	0	0	264	422	45	595	20	1091	35	1483	2556	0	21476	0	95895	0	0	0	0	0
FFQ	6	0	0	0	0	0	0	0	0	20	0	84	34	0	0	0	10	29	111	75	53	0	16	7	107	0	321	374	60	350	234	1036	148	1719	2450	0	19379	2005	95700	0	0	0	0	0
FFQ	7	0	0	0	0	0	0	0	0	25	0	124	32	0	0	0	16	34	155	101	73	0	20	17	175	0	330	435	98	392	306	1163	171	1948	2580	1	19787	2032	94307	0	0	0	0	0
FFQ	8	0	0	0	0	0	0	0	0	12	0	75	25	0	0	0	13	20	129	54	54	0	7	10	103	0	285	384	86	363	240	1026	181	1728	2539	1	19956	2106	94925	0	0	0	0	0
FFQ	9	0	0	0	0	0	0	0	0	21	0	103	32	0	0	0	13	35	125	62	62	1	11	10	99	0	341	163	388	307	272	1106	127	1604	1743	1179	5900	7	11435	6426	92750	0	0	0
FFQ	10	0	0	0	0	0	0	0	0	5	0	69	27	0	0	0	8	21	111	53	59	0	12	8	103	0	263	125	451	217	229	998	117	1454	1593	1190	5578	7	11229	5795	94600	0	0	0
FFQ	11	0	0	0	0	0	0	0	0	16	0	80	24	0	0	0	13	20	127	74	50	0	12	4	118	1	311	130	518	127	262	1138	119	1557	1716	1025	5946	3	11266	6519	93146	0	0	0
FFQ	12	0	0	0	0	0	1	0	0	21	0	100	24	0	0	0	12	26	123	65	65	2	15	9	115	2	331	150	644	49	268	1191	127	1644	1770	1064	6001	5	11351	6675	92472	0	0	0
FFQ	13	0	0	0	0	0	0	0	1	21	0	106	28	0	0	0	14	31	135	78	57	0	15	12	154	4	333	168	705	50	311	1266	112	1704	1716	1146	6227	7	11684	7030	91207	0	0	0
FFQ	14	0	0	0	0	0	0	0	0	10	0	77	39	0	0	0	1	35	149	65	48	2	20	7	35	77	301	140	651	25	271	483	692	1128	1611	1285	1038	3888	3427	9246	7522	20752	71297	0
FFQ	15	0	0	0	0	0	1	0	1	20	0	102	30	0	0	0	4	47	156	79	78	0	19	9	36	110	393	168	691	44	292	593	827	1214	1835	1310	1192	3914	3294	9981	7252	21575	69055	0
FFQ	16	0	0	0	0	0	1	1	0	25	5	142	36	0	1	0	5	62	152	114	89	2	27	13	41	138	406	165	767	41	328	591	865	1266	1825	1369	1243	4151	3448	10041	7364	22131	67467	0
FFQ	17	0	0	0	0	0	1	0	0	23	4	104	45	0	0	0	7	42	141	75	66	5	20	10	61	94	381	141	733	40	267	613	797	1337	1823	1407	1165	3955	3435	9937	7571	21425	68597	0
FFQ	18	0	0	0	0	0	2	3	1	11	2	87	28	0	1	1	8	44	123	61	65	2	16	9	28	100	319	118	617	41	236	520	696	1192	1590	1437	1126	3876	3393	9542	7717	21654	69656	0
FFQ	19	0	0	0	0	0	0	0	0	22	0	72	27	0	0	2	8	32	10	183	55	3	14	10	43	120	341	171	694	37	255	557	704	1119	1008	1846	1150	3176	3361	7737	8382	22956	70227	0
FFQ	20	0	0	0	0	0	0	2	0	18	3	87	27	3	0	1	7	33	14	176	52	1	11	23	52	127	306	138	586	46	255	556	764	1143	1112	1994	1220	3115	3212	7853	8424	22864	70097	0
FFQ	21	0	0	0	0	0	3	0	2	28	5	129	32	1	0	1	10	56	18	205	82	3	26	14	65	156	421	173	763	58	368	694	873	1166	1171	2081	1415	3478	3404	8421	8311	23623	67066	0
FFQ	22	0	0	0	0	0	2	1	1	21	6	97	27	0	2	1	11	43	37	169	71	3	30	16	68	133	316	155	673	72	261	634	781	1218	1075	2129	1412	3290	3518	8200	9216	22937	67696	0
FFQ	23	0	0	0	0	0	1	2	3	30	9	108	31	1	1	1	11	54	34	199	80	2	32	17	79	172	311	161	668	41	348	733	808	1192	1249	2202	1498	3427	3657	8460	9135	23371	66194	0
FFQ	24	0	0	0	0	0	2	2	2	31	14	121	27	2	1	4	25	48	36	176	65	4	34	19	94	197	295	204	634	61	303	723	797	1160	1212	1970	1513	3283	3654	8414	9116	22323	67756	0
FFQ	25	0	0	0	0	0	0	1	1	52	21	143	36	2	3	2	24	73	56	176	94	6	48	31	102	277	300	185	670	70	347	778	872	1152	1236	2198	1612	3442	3658	8937	8887	23163	65667	0
FFQ	26	0	0	0	0	0	0	4	5	63	35	131	35	3	3	7	41	84	59	165	93	6	37	20	82	292	302	171	644	67	340	842	922	1116	1329	2082	1673	3401	3764	8863	9105	23257	65279	0
FFQ	27	0	0	0	0	0	1	0	4	55	48	139	22	4	4	5	28	74	62	139	65	7	35	35	130	298	267	183	648	83	324	856	819	1078	1253	2177	1711	3464	3559	8998	9051	23717	64979	0
FFQ	28	0	0	0	0	0	4	1	6	64	55	132	20	2	0	6	43	100	86	122	90	5	55	34	123	344	247	205	640	81	334	933	890	1040	1362	2182	1842	3451	3714	9304	8947	24214	63644	0
FFQ	29	0	0	0	0	0	1	7	5	92	60	109	6	3	0	4	34	102	95	86	92	13	53	31	104	340	297	220	572	83	311	1004	896	977	1375	2171	2032	3579	3843	9474	8945	24824	62482	0
FFQ	30	0	0	0	0	0	1	5	8	90	80	98	12	4	6	5	41	106	81	120	99	8	51	32	136	347	294	204	533	96	323	1131	904	915	1414	2098	2127	3489	3766	9609	8817	25253	62019	0
FFQ	31	0	0	0	0	0	1	5	11	92	93	91	10	2	6	5	56	132	59	108	91	14	64	39	132	429	316	192	572	97	369	1215	927	897	1510	2164	2275	3610	3896	10329	8522	25499	60492	0
FFQ	32	0	0	0	0	0	2	8	8	87	106	73	2	4	5	10	59	153	48	109	103	12	63	44	136	391	321	238	484	109	318	1255	924	822	1462	2197	2541	3496	3850	10142	8546	25956	60236	0
FFQ	33	0	0	0	0	0	3	15	13	95	132	60	2	9	7	9	71	152	52	111	94	15	57	46	123	407	346	247	479	115	396	1355	901	768	1565	2161	2651	3444	3954	10602	8261	26386	59214	0
FFQ	34	0	0	0	0	0	1	12	13	92	146	41	6	9	7	8	72	145	39	80	78	16	76	41	148	413	369	267	481	139	329	1398	899	781	1536	2096	2859	3394	3889	10703	8159	26294	59279	0
FFQ	35	0	0	0	0	0	3	11	16	138	178	28	6	11	15	10	93	185	24	107	96	26	81	68	146	465	376	260	499	159	423	1375	975	782	1792	2223	3090	3443	4126	11401	7649	26532	57500	0
FFQ	36	0	0	0	0	0	9	23	24	132	210	9	5	10	11	11	102	168	15	112	103	21	82	69	153	473	438	304	481	160	395	1454	1026	771	1756	2221	3327	3247	4197	11580	7981	26565	56665	0
FFQ	37	0	0	0	0	0	10	22	53	216	308	6	2	15	16	30	111	163	26	177	164	34	120	74	207	688	481	342	670	192	553	1644	1329	852	2153	2472	3634	3652	4390	12308	7842	26954	52400	0
FFQ	38	0	0	0	0	0	5	26	35	161	222	4	5	14	20	27	162	166	25	118	120	42	106	86	202	577	435	358	515	222	447	1793	1134	819	2282	2378	3868	3399	4682	12420	8477	27371	51586	0
FFQ	39	0	0	0	0	0	6	27	42	138	223	0	6	16	19	37	154	128	24	132	124	42	98	81	200	509	430	354	495	223	441	1698	1171	819	2218	2319	3988	3263	4685	11978	9031	27705	51484	0
FFQ	40	0	0	0	0	0	7	29	54	153	277	3	11	22	31	35	159	140	21	152	130	58	122	110	231	601	404	365	552	252	496	1650	1265	844	2378	2270	4183	3220	4732	12184	8748	27828	50588	0
FFQ	41	0	0	0	0	0	4	22	61	136	217	4	5	22	30	37	158	111	35	135	120	62	119	112	213	547	403	379	473	305	468	1706	1207	846	2534	2218	4338	3247	4959	12269	8883	28049	49870	0
FFQ	42	0	0	0	0	0	10	33	61	151	231	4	10	31	29	37	174	97	30	138	170	62	126	114	272	515	303	384	527	321	501	1580	1312	903	2547	2353	4474	3315	4996	12508	9020	28388	48577	0
FFQ	43	0	0	0	0	0	2	31	73	118	195	5	12	25	34	38	187	93	38	125	119	70	119	133	243	554	313	431	481	358	476	1595	1255	906	2545	2231	4658	3132	5029	11701	9309	26076	51592	0
FFQ	44	0	0	6	0	0	13	42	92	136	253	7	13	32	52	53	184	97	39	143	137	58	133	143	318	547	284	483	573	403	539	1660	1374	1029	2839	2242	4818	3312	5039	11920	9254	25935	50100	0
FFQ	45	0	0	0	0	0	9	40	89	157	219	7	18	43	51	57	185	56	38	147	117	114	111	142	348	597	251	494	511	437	513	1696	1360	1010	2833	2346	4942	3205	5337	11747	9096	25730	50249	0
FFQ	46	0	0	4	0	0	9	54	115	152	188	7	23	29	81	61	188	40	31	147	140	121	120	160	398	583	273	525	587	506	542	1602	1426	1017	3029	2460	5240	3496	5531	11802	9271	25375	48969	0
FFQ	47	0	0	0	0	0	11	51	115	170	216	8	21	38	59	54	202	44	57	146	154	136	122	182	431	665	249	549	544	529	575	1589	1518	1099	3088	2484	5393	3629	5747	11763	9584	25132	47947	0
FFQ	48	0	0	0	0	0	15	47	128	141	176	8	19	56	78	49	199	23	64	145	118	132	126	192	369	577	230	560	497	589	572	1556	1459	1125	3053	2528	5355	3671	5634	11717	9824	25459	47810	0
FFQ	49	0	0	0	0	0	12	51	119	148	162	9	21	45	74	72	179	28	52	153	120	151	118	221	398	627	173	587	585	672	604	1481	1631	1200	2997	2617	5463	3879	5842	10462	10760	25101	47485	0
FFQ	50	0	0	0	0	0	9	47	106	136	149	9	14	57	84	69	142	42	54	162	131	160	123	195	432	591	168	606	582	666	640	1430	1616	1266	3092	2864	5753	4126	6104	10326	11039	24948	46361	0
FFQ	51	0	0	0	0	0	8	36	131	126	139	10	18	42	81	79	124	26	52	164	127	139	121	223	425	585	119	609	545	750	641	1401	1711	1243	3109	3007	5846	4152	6055	10282	11544	24720	45909	0
FFQ	52	0	0	0	0	0	11	29	105	117	128	3	16	42	95	69	96	20	49	126	108	163	97	211	400	503	134	595	463	689	522	1296	1482	1241	2823	2798	6434	3764	6290	8694	12186	22543	49957	0
FFQ	53	0	0	0	0	0	9	55	153	233	196	14	21	42	94	86	99	35	65	183	161	149	134	200	444	605	110	679	524	786	682	1187	1650	1250	2908	3109	6873	4170	6300	8752	11342	21805	49193	0
FFQ	54	0	0	0	0	0	15	41	112	168	82	21	30	47	107	83	106	13	58	144	106	153	102	257	462	513	100	644	471	828	583	1181	1598	1231	2896	3030	7286	4303	6613	8268	11625	20786	50235	0
FFQ	55	0	0	0	0	0	7	45	142	225	138	11	38	38	127	88	93	22	71	162	111	203	125	240	469	328	232	683	481	881	641	1119	1672	1310	2839	3334	7744	4456	6579	8427	11245	20756	49216	0
FFQ	56	0	0	0	0	0	15	48	170	216	95	11	24	32	150	94	81	31	69	195	113	196	130	273	472	342	264	737	529	975	734	1224	1764	1391	2877	3614	8255	4829	6952	8353	11417	20125	47499	0
FFQ	57	0	0	1	0	0	14	59	165	205	81	16	34	49	151	95	64	21	58	181	132	200	118	302	508	285	228	758	493	1016	709	1160	1751	1373	2835	3802	8775	4988	7234	8233	11931	19670	46601	0
FFQ	58	0	0	2	0	0	7	35	131	151	44	24	32	42	136	78	67	25	62	166	68	213	135	325	523	274	226	720	439	1009	720	1112	1761	1429	2789	3938	9398	5210	7409	7845	12326	19203	46222	0
FFQ	59	0	0	2	0	0	13	53	152	203	61	14	24	37	128	86	60	23	72	220	125	204	128	350	423	247	275	949	524	1034	799	1130	2015	1583	2744	4259	10061	5531	7637	8010	12248	19027	43845	0
FFQ	60	0	0	2	0	0	15	52	149	201	41	24	39	41	143	80	46	21	53	198	108	211	135	370	420	248	269	940	453	1092	792	1135	2037	1602	2940	4456	10723	5776	7961	7643	12733	18108	43039	0
FFQ	61	0	0	2	0	0	14	40	142	182	33	15	38	40	155	66	42	21	56	198	103	226	139	375	428	211	278	920	475	1119	897	1127	2030	1719	2963	4632	11605	6120	8192	7536	13285	17508	41364	0
FFQ	62	0	0	14	0	0	22	45	161	224	32	23	33	34	159	72	39	20	66	214	79	228	128	372	413	184	221	948	436	1110	827	1147	2050	1685	2954	4908	12364	6440	8691	7183	13626	17059	40084	0
FFQ	63	0	0	27	0	0	18	50	207	244	21	23	38	55	152	65	43	22	86	228	120	225	144	431	436	178	283	1082	480	1156	889	1092	2163	1782	3068	5230	13030	6809	8968	7162	13530	16477	38278	0
FFQ	64	0	0	48	0	0	22	54	213	303	14	23	46	39	177	74	54	33	85	281	124	295	153	476	426	191	334	1132	465	1219	1010	1171	2336	1984	3176	5639	13832	7242	9252	7132	13904	15646	35686	0
FFQ	65	0	0	70	0	0	19	60	222	270	15	21	37	63	182	47	42	39	94	192	132	274	164	477	482	220	367	1179	500	1275	1202	1326	2482	1999	3358	5929	14584	7561	9606	6894	14574	14825	33508	0
FFQ	66	0	0	94	0	0	20	38	205	215	6	36	41	51	185	47	42	32	80	238	138	310	136	479	425	196	308	1166	402	1170	1201	1397	2407	2233	3409	6095	15830	7970	9967	6484	15025	14259	31954	0
FFQ	67	0	0	125	0	0	22	38	201	187	4	26	39	33	184	67	65	33	82	235	136	279	146	443	423	208	379	1263	359	1140	1277	1429	2501	2215	3382	6351	16982	8401	10503	6073	15401	13289	30369	0
FFQ	68	0	0	162	0	0	26	44	202	191	3	33	53	40	160	40	52	36	75	221	127	310	166	486	397	213	391	1282	430	1115	1392	1467	2589	2350	3618	6671	18048	8996	11060	5932	15483	12466	27962	0
FFQ	69	0	0	207	0	0	37	42	201	195	0	27	43	36	138	38	63	32	94	251	131	327	135	473	388	231	427	1346	392	1131	1429	1568	2634	2380	3639	7077	19310	9332	11492	5691	16083	11407	25862	0
FFQ	70	0	0	249	0	0	24	43	239	227	0	18	63	50	157	31	67	36	122	231	144	372	139	371	330	341	435	1292	435	1107	1463	1616	2677	2483	3801	7362	20502	9691	12031	5294	16422	10752	23672	0
FFQ	71	0	0	313	0	0	38	47	257	249	0	39	52	50	186	39	72	38	94	320	145	367	173	462	303	396	500	1392	437	1136	1558	1779	2753	2637	3974	7820	21690	10144	12431	5139	16170	9702	21384	0
FFQ	72	0	0	385	0	0	48	74	394	331	0	61	75	41	192	46	68	58	132	397	166	423	212	506	344	444	558	1627	475	1099	1821	1860	2936	2781	4262	8246	22683	10630	12624	4744	16035	8813	18691	0
FFQ	73	0	0	438	0	0	42	53	306	232	0	44	76	67	208	30	72	39	109	316	185	440	210	500	342	462	501	1615	462	1051	1770	1985	2928	2886	4324	8642	24492	11006	13001	4261	16372	7849	16962	0
FFQ	74	0	0	487	0	0	41	33	245	199	0	45	76	51	154	36	79	27	124	314	130	467	175	407	311	435	483	1478	510	1032	1783	1968	2833	2847	4495	8856	26270	11575	13701	3821	16585	6849	15351	0
FFQ	75	0	0	564	0	0	51	54	467	319	0	66	68	66	142	37	94	53	169	422	144	485	221	483	361	507	635	1514	723	995	2087	2054	3043	3067	4831	9405	27280	11726	14033	3741	15539	6058	12763	0
FFQ	76	0	0	623	0	0	55	78	514	311	0	133	159	99	401	29	160	47	193	411	287	954	382	798	630	872	1009	2763	1343	2112	3656	4726	6333	6900	7859	17904	17111	12752	7696	3721	15014	4053	2174	0
FFQ	77	0	0	661	0	0	54	50	405	239	1	103	149	61	296	30	105	41	151	352	198	736	272	602	450	676	724	1921	1052	1257	2702	3216	4492	4978	7590	15871	22697	13259	10492	3024	17082	5868	2400	0
FFQ	78	0	0	705	0	0	48	48	287	167	0	103	83	57	140	20	109	44	138	284	190	609	208	355	383	514	657	1531	852	966	2294	2460	3434	3991	6017	12468	29676	13812	13681	2512	15339	4987	5080	0
FFQ	79	0	0	747	0	0	57	39	359	135	0	81	73	66	110	20	98	50	137	351	142	557	174	358	399	531	671	1405	869	724	2307	2239	3195	3593	5615	11674	33448	13808	14929	2174	14024	3334	5743	0
FFQ	80	0	0	796	0	0	68	46	388	161	0	82	68	68	130	18	88	48	161	396	153	570	186	280	387	563	725	1423	868	645	2312	2203	3063	3329	5657	11632	35739	14309	15230	1799	13288	2309	5036	0
FFQ	81	0	0	875	0	0	53	29	299	121	0	82	86	51	115	24	105	41	137	323	146	536	167	251	346	552	699	1333	839	581	2221	2212	3141	3383	5595	11688	38274	14731	15486	1497	12291	1748	4141	0
FFQ	82	0	0	946	0	0	55	34	358	118	0	77	84	53	100	15	103	51	152	330	180	552	158	230	372	589	748	1312	880	547	2397	2097	3107	3384	5615	12076	40635	15017	15060	1341	10920	1367	3114	0
FFQ	83	0	0	1034	0	0	55	24	283	91	0	60	64	56	82	14	110	35	126	322	150	562	149	211	380	567	772	1217	890	457	2396	2172	3086	3390	5824	12327	42806	15329	14891	1054	9842	980	2339	0
FFQ	84	0	0	1118	0	0	48	25	337	91	0	73	67	45	65	18	119	33	153	381	160	553	154	208	401	594	825	1174	967	458	2373	2172	3234	3442	5955	12797	44605	15579	14335	868	8369	704	1602	0
FFQ	85	0	0	1237	0	0	56	27	387	77	0	80	66	70	70	15	126	45	170	392	179	629	138	183	399	651	801	1270	1019	407	2511	2183	3369	3459	5993	13417	46198	15498	13598	749	7038	482	1077	0
FFQ	86	0	0	1344	0	0	41	21	335	73	0	98	70	42	60	18	115	39	145	372	180	583	134	143	450	576	885	1131	1025	355	2488	2114	3445	3564	6171	13592	48244	15944	12713	608	5883	311	717	0
FFQ	87	0	0	1478	0	0	84	30	439	91	0	93	67	77	55	15	139	55	194	441	207	639	165	134	456	712	978	1208	1167	363	2705	2259	3616	3730	6142	14131	49536	15207	11631	496	4614	202	426	0
FFQ	88	0	0	1611	0	0	72	30	464	79	0	104	66	82	54	10	142	38	166	381	223	663	141	147	482	678	1126	1231	1218	341	2889	2338	3511	3829	6363	14779	50664	15227	10426	350	3625	121	255	0
FFQ	89	0	0	1748	0	0	71	23	458	69	0	122	83	84	54	18	158	54	191	430	252	724	130	126	463	702	1150	1170	1202	326	2904	2420	3681	3933	6581	15171	51875	14969	9243	236	2822	70	142	0
FFQ	90	0	0	1905	0	0	65	19	395	49	0	107	71	68	46	11	158	53	176	392	244	669	128	92	565	686	1149	1095	1230	351	2806	2315	3605	3991	6531	15709	53835	14803	8136	190	2016	31	87	0
FFQ	91	0	0	2110	0	0	78	25	486	46	0	115	74	86	21	8	154	58	190	444	256	718	111	88	515	746	1173	1038	1314	267	2961	2341	3801	4059	6553	16037	55253	14132	6869	129	1389	22	33	0
FFQ	92	0	0	2301	0	0	86	14	450	38	0	130	65	66	30	9	163	55	202	452	300	723	89	67	515	763	1259	1028	1380	279	2979	2358	3868	4155	6636	16251	56261	13685	5923	101	881	10	15	0
FFQ	93	0	0	2540	0	0	55	17	357	42	0	126	66	76	14	6	167	43	183	405	284	685	108	68	545	824	1186	897	1329	230	3004	2337	3695	4194	6674	16338	58238	13127	4982	45	577	3	11	0
FFQ	94	0	0	2808	0	0	54	6	338	35	0	107	54	78	18	10	132	40	187	341	262	656	57	70	522	751	1197	820	1403	225	2943	2354	3814	4081	6843	16846	59081	12740	4074	34	359	3	6	0
FFQ	95	0	0	3134	0	0	46	8	306	39	0	95	43	9	42	6	142	45	190	375	297	556	59	43	529	746	1256	650	1331	202	2891	2335	3653	4176	6879	16831	60909	11915	3219	24	215	1	3	0
FFQ	96	0	0	3622	0	0	46	4	289	31	0	92	43	16	57	9	133	49	185	402	286	577	51	39	540	738	1307	658	1388	170	2974	2449	3810	4257	7135	17262	60662	11048	2577	19	121	0	0	0
FFQ	97	0	0	4295	0	0	71	7	395	38	0	111	45	13	43	5	162	67	224	521	381	718	52	50	631	874	1574	669	1676	203	3312	2666	4215	4782	7325	18543	57614	9688	1840	11	56	0	0	0
FFQ	98	0	0	5076	0	0	39	5	279	14	0	89	38	9	29	3	168	60	240	555	379	749	44	45	615	893	1702	662	1615	195	3510	2686	4458	4891	7404	19097	56860	8939	1324	2	27	0	0	0
FFQ	99	0	0	5825	0	0	11	3	82	12	0	37	15	2	12	3	124	64	170	389	329	569	28	35	578	790	1446	510	1594	158	3216	2576	4324	4896	7439	19155	58396	8623	1087	2	19	0	0	0
FFQ	100	0	0	6929	0	0	0	0	0	0	0	0	0	0	4	2	152	84	196	663	314	571	31	46	643	883	1710	488	1733	141	3447	2709	4523	4874	7369	19613	56788	7604	783	2	6	0	0	0
FFQ	101	0	0	7703	0	0	0	0	0	0	0	0	0	0	0	0	232	116	232	875	475	663	24	103	763	1163	2190	564	2290	181	4354	3469	5752	6027	8830	24621	45745	5296	411	1	4	0	0	0
# Last Fragment Qualities. Use `grep ^LFQ | cut -f 2-` to extract this part.
# Columns correspond to qualities and rows to cycles. First column is the cycle number.
LFQ	1	0	0	203	0	0	0	0	0	0	0	305	0	0	0	0	0	385	0	0	1	0	0	62	445	0	452	1093	1305	923	0	4705	32243	0	14619	67581	0	0	0	0	0	0	0	0
LFQ	2	0	0	6	0	0	0	0	0	0	0	251	0	0	0	0	0	594	0	0	12	0	0	77	394	0	406	982	1410	928	0	3827	27975	0	8032	79428	0	0	0	0	0	0	0	0
LFQ	3	0	0	2	0	0	0	0	0	0	0	479	0	0	0	0	0	586	0	0	0	0	0	260	462	0	521	1136	2043	1003	0	3912	27947	0	7169	78802	0	0	0	0	0	0	0	0
LFQ	4	0	0	2	0	0	0	0	0	0	0	406	0	0	0	0	0	251	0	0	333	0	0	126	0	0	436	568	37	902	0	1474	28	2001	3233	0	20225	0	94300	0	0	0	0	0
LFQ	5	0	0	1	0	0	0	0	0	0	0	254	0	0	0	0	0	186	0	0	293	0	0	105	0	0	356	444	25	856	0	1204	26	1839	3122	0	20931	0	94680	0	0	0	0	0
LFQ	6	0	0	0	0	0	0	1	0	30	0	217	57	0	0	0	28	40	258	87	96	0	14	9	142	0	404	461	63	489	262	1259	198	2016	2746	0	18074	2575	94796	0	0	0	0	0
LFQ	7	0	0	0	0	0	0	0	0	31	0	159	59	0	0	0	25	44	204	78	76	0	14	15	136	0	420	462	80	520	243	1167	223	1969	2693	0	18025	2464	95215	0	0	0	0	0
LFQ	8	0	0	0	0	0	0	0	0	36	0	193	41	0	0	1	25	35	186	68	70	0	19	16	112	1	371	419	110	444	238	1076	201	1891	2595	0	17376	2568	96230	0	0	0	0	0
LFQ	9	0	0	0	0	0	2	0	0	37	0	200	71	0	0	0	32	39	218	76	75	2	22	16	140	1	383	182	451	374	252	1266	134	1750	1766	1227	5759	0	11420	7033	91394	0	0	0
LFQ	10	0	0	0	0	0	0	1	0	22	0	160	46	1	0	0	30	34	212	66	60	0	21	15	125	3	375	156	578	272	231	1181	146	1675	1759	1193	5566	0	11262	6719	92413	0	0	0
LFQ	11	0	0	0	0	0	1	0	0	33	1	160	54	0	0	0	22	33	197	79	67	4	20	12	136	2	365	167	638	158	238	1094	135	1591	1721	1140	5468	0	11024	6988	92774	0	0	0
LFQ	12	0	0	0	0	0	0	0	0	22	0	151	50	0	0	1	24	36	199	68	58	1	16	11	119	0	340	138	721	56	255	1098	130	1563	1672	1163	5508	1	11009	7014	92898	0	0	0
LFQ	13	0	0	0	0	0	1	0	0	40	1	188	65	1	1	0	26	45	185	101	73	2	19	14	165	5	405	149	720	42	289	1192	127	1681	1762	1120	5688	1	10965	7324	91925	0	0	0
LFQ	14	0	0	0	0	0	1	1	4	32	1	192	56	0	0	1	8	46	211	88	73	2	21	11	54	108	370	165	788	40	275	553	840	1233	1777	1316	1126	3416	3035	9866	7536	20182	70894	0
LFQ	15	0	0	0	0	0	0	1	1	30	1	213	62	3	0	0	11	60	196	82	73	1	22	19	46	107	391	171	735	48	246	550	779	1249	1753	1283	1083	3414	3112	9877	7505	20505	70693	0
LFQ	16	0	0	0	0	0	2	4	2	57	3	321	104	2	1	0	10	81	235	140	132	4	35	20	64	201	510	202	873	70	352	685	895	1295	2065	1451	1256	3708	3153	10432	7438	21217	67302	0
LFQ	17	0	0	0	0	0	1	0	3	27	2	160	52	0	1	1	9	63	245	71	61	7	20	16	55	101	382	148	820	52	242	577	765	1302	1705	1475	1103	3556	3332	10083	8019	20988	68878	0
LFQ	18	0	0	0	0	0	0	4	1	36	7	171	50	1	1	1	8	66	202	83	69	5	27	10	52	123	376	159	764	43	242	605	763	1264	1747	1353	1254	3517	3179	10049	7966	21110	69014	0
LFQ	19	0	0	0	0	0	2	1	4	60	12	212	67	1	3	1	17	58	23	301	112	2	27	20	74	150	403	189	820	55	328	655	841	1271	1162	2114	1222	3229	3141	8488	8544	21919	68794	0
LFQ	20	0	0	0	0	0	1	2	1	68	10	209	53	1	3	2	17	64	17	312	100	4	29	23	81	153	383	183	808	65	310	712	850	1216	1248	2088	1346	3256	3192	8505	8952	22404	67654	0
LFQ	21	0	0	9	0	0	4	3	7	62	22	216	48	2	4	3	14	80	38	294	85	7	41	26	62	166	396	179	843	64	319	685	808	1329	1129	2227	1338	3227	3412	8666	9617	22392	66498	0
LFQ	22	0	0	0	0	0	3	3	1	55	18	177	56	3	4	3	19	74	31	279	73	4	31	23	84	179	367	176	783	63	304	739	826	1205	1233	2187	1348	3296	3305	8731	9633	22493	66513	0
LFQ	23	0	0	2	0	0	1	2	6	63	32	191	63	5	3	2	20	80	56	279	97	8	32	27	111	221	362	215	797	74	307	822	909	1247	1209	2109	1467	3299	3283	9131	9617	22826	65347	0
LFQ	24	0	0	13	0	0	0	2	6	66	31	211	43	4	7	3	25	99	69	216	98	2	45	36	128	235	354	203	817	73	335	792	924	1258	1298	2302	1562	3395	3416	9543	9316	21076	66319	0
LFQ	25	0	0	0	0	0	5	4	9	83	40	208	43	3	4	6	18	106	80	216	94	6	46	26	100	295	377	229	732	84	328	861	900	1183	1359	2252	1515	3328	3364	9298	9633	21606	65881	0
LFQ	26	0	0	0	0	0	1	3	5	106	88	261	65	2	4	5	31	131	105	271	120	4	50	32	138	395	372	232	911	91	446	985	924	1213	1430	2301	1781	3704	3584	9973	9441	23233	61884	0
LFQ	27	0	0	0	0	0	5	5	12	141	84	238	42	9	7	2	48	135	132	229	114	6	61	27	153	386	357	248	842	100	422	1102	976	1213	1493	2483	1852	3626	3644	10152	9917	23380	60679	0
LFQ	28	0	0	0	0	0	1	5	17	107	82	147	22	7	5	5	41	137	113	132	82	7	49	35	151	372	337	223	713	92	338	1148	913	1158	1402	2227	1884	3431	3879	10000	10120	23493	61447	0
LFQ	29	0	0	0	0	0	2	10	20	160	144	227	23	5	11	11	70	150	106	187	168	8	95	40	171	526	375	242	784	119	428	1232	1042	1107	1636	2410	2070	3633	3873	10714	9507	24599	58417	0
LFQ	30	0	0	0	0	0	0	6	20	161	158	176	5	9	15	7	65	149	111	146	100	11	70	35	182	505	363	264	675	99	371	1285	997	1057	1538	2424	2230	3497	3912	10522	9696	24664	58797	0
LFQ	31	0	0	0	0	0	3	10	20	119	142	112	7	5	12	11	81	192	115	131	104	17	76	44	152	415	370	264	582	122	405	1413	962	943	1544	2296	2336	3413	3876	10636	9714	24981	58697	0
LFQ	32	0	0	0	0	0	4	10	15	136	140	84	2	3	17	7	69	164	62	114	82	21	63	40	144	437	353	245	558	87	314	1408	985	883	1625	2329	2474	3286	3980	10994	9317	25409	58459	0
LFQ	33	0	0	0	0	0	0	11	22	119	149	69	4	4	13	17	95	153	50	116	98	23	95	42	163	463	357	276	508	121	383	1374	964	732	1712	2246	2508	3375	3846	11397	9059	25847	57907	0
LFQ	34	0	0	0	0	0	7	9	34	146	166	34	2	5	14	18	100	154	51	137	101	24	73	65	162	491	382	303	493	138	374	1445	973	744	1749	2236	2779	3277	3827	11734	8409	26140	57519	0
LFQ	35	0	0	0	0	0	3	8	37	123	221	21	2	11	22	21	119	162	35	123	125	25	81	58	160	462	388	247	502	155	426	1459	1019	695	1786	2156	2985	3219	3913	12009	8344	26279	56911	0
LFQ	36	0	0	0	0	0	4	24	47	230	326	16	6	18	25	17	158	209	26	189	160	25	111	67	206	633	432	353	653	185	571	1614	1211	816	2090	2398	3279	3587	4072	12747	8073	26924	52808	0
LFQ	37	0	0	0	0	0	10	31	81	250	357	10	5	23	21	29	187	244	38	183	161	36	109	57	232	658	537	340	644	253	523	1847	1301	833	2163	2296	3565	3217	4335	12281	8760	24164	54529	0
LFQ	38	0	0	0	0	0	4	22	53	154	203	5	4	28	34	29	180	196	31	125	94	47	105	86	237	511	541	339	467	208	419	1924	1126	693	2122	2173	3772	2833	4519	11523	9476	23740	56286	0
LFQ	39	0	0	0	0	0	8	30	90	234	427	7	7	26	42	36	207	198	35	201	173	49	110	105	246	687	475	398	587	281	505	1753	1282	868	2376	2178	3907	3028	4369	11687	9305	24898	53493	0
LFQ	40	0	0	0	0	0	11	33	74	212	366	6	16	31	37	48	258	207	29	166	134	61	126	107	277	681	513	436	571	283	494	1939	1284	860	2548	2327	4101	2965	4667	11849	9285	24214	53089	0
LFQ	41	0	0	0	0	0	10	40	114	237	359	7	10	36	39	56	256	172	42	171	179	61	142	117	303	732	489	480	618	321	508	1875	1388	841	2566	2195	4307	3068	4735	11783	9241	24537	52269	0
LFQ	42	0	0	0	0	0	9	49	95	211	341	1	15	45	49	59	269	137	40	145	157	69	124	136	317	706	436	457	547	364	473	1807	1325	877	2746	2247	4414	3054	4851	11743	9330	24229	52430	0
LFQ	43	0	0	0	0	0	11	60	135	265	392	6	11	41	77	82	282	133	58	200	176	79	157	158	350	785	408	510	673	412	566	1944	1469	980	2914	2349	4657	3238	4868	11999	9178	23900	50779	0
LFQ	44	0	0	0	0	0	9	47	114	181	288	9	13	37	77	76	274	108	41	167	140	81	160	126	391	671	379	487	531	494	488	1850	1352	941	2784	2284	4810	3100	4993	11748	9839	24071	51141	0
LFQ	45	0	0	0	0	0	8	70	127	211	310	7	18	23	79	68	241	70	48	178	166	137	157	146	399	686	325	546	550	504	562	1708	1448	959	2900	2267	4914	3232	5088	12228	9471	24395	50056	0
LFQ	46	0	0	0	0	0	12	73	152	269	382	11	16	54	98	84	239	65	70	206	174	136	135	185	445	707	282	565	643	585	590	1782	1523	1085	3058	2457	5086	3262	4977	12164	9674	24545	48511	0
LFQ	47	0	0	0	0	0	14	67	129	166	241	10	17	34	106	86	259	50	53	174	166	138	122	183	475	617	269	597	566	610	595	1708	1474	1110	3150	2414	5220	3333	5368	11837	10009	24005	48929	0
LFQ	48	0	0	0	0	0	5	65	111	198	203	4	18	42	102	67	218	31	60	164	149	171	133	194	457	662	183	576	560	608	583	1618	1562	1142	2983	2524	5363	3588	5424	11982	9916	24172	48463	0
LFQ	49	0	0	0	0	0	10	78	158	244	258	8	25	51	90	117	172	32	71	219	188	172	131	200	416	739	188	628	628	667	682	1523	1671	1187	3080	2655	5277	3772	5641	10561	11133	23779	47848	0
LFQ	50	0	0	0	0	0	15	51	180	177	208	19	19	52	123	89	211	31	60	165	144	158	106	220	426	597	180	670	542	775	576	1484	1641	1166	3002	2676	5559	3674	5760	10230	11494	23434	48385	0
LFQ	51	0	0	0	0	0	10	45	170	217	207	35	38	86	258	147	331	32	55	208	101	336	199	456	842	1161	359	1148	727	2008	885	3913	2993	2215	7928	5268	7315	5952	17328	19633	24230	12800	4663	0
LFQ	52	0	0	0	0	0	15	63	138	175	161	17	32	45	178	122	189	20	70	161	129	251	143	318	656	796	197	882	570	1314	638	2276	2259	1866	4812	4489	5999	4959	10759	16102	32050	26218	5230	0
LFQ	53	0	0	0	0	0	12	64	117	157	123	16	30	56	132	92	137	21	71	161	123	215	124	298	510	653	144	755	492	1014	639	1597	1954	1523	3767	3807	5987	4640	7179	12631	19903	34539	20615	0
LFQ	54	0	0	0	0	0	12	46	122	165	97	13	28	40	147	69	107	22	68	168	114	226	112	242	485	549	109	694	508	936	611	1333	1839	1417	3180	3613	6528	4623	6428	11023	14731	27090	36803	0
LFQ	55	0	0	0	0	0	19	49	174	210	117	16	26	41	153	86	98	27	77	184	116	216	133	269	492	366	278	825	511	981	719	1325	1851	1476	2969	3686	6882	4920	6307	10308	12777	23516	42098	0
LFQ	56	0	0	0	0	0	12	45	185	210	123	23	33	60	158	134	104	34	75	237	171	218	156	310	580	374	283	877	580	1100	859	1262	2006	1608	3142	3989	7418	5131	6438	10117	11981	21894	42369	0
LFQ	57	0	0	1	0	0	25	102	248	356	126	24	38	59	194	146	95	42	109	279	201	260	172	381	671	393	378	1079	641	1192	973	1355	2226	1710	3293	4371	7799	5459	6760	10142	11870	21002	40124	0
LFQ	58	0	0	1	0	0	31	76	238	277	110	29	59	39	219	135	90	41	90	248	152	297	198	390	660	392	306	1083	592	1370	955	1351	2328	1807	3307	4648	8224	5399	7026	9778	12543	20413	39394	0
LFQ	59	0	0	1	0	0	28	82	222	285	87	27	41	59	207	127	91	34	92	247	151	306	176	481	571	334	326	1157	586	1339	952	1271	2378	1823	3250	4900	8921	5694	7432	9669	12453	19873	38623	0
LFQ	60	0	0	1	0	0	25	77	225	305	60	39	39	60	209	114	73	31	87	281	149	311	175	488	550	315	349	1178	558	1333	1002	1375	2358	1856	3342	4982	9530	6047	7610	9520	12779	19224	37639	0
LFQ	61	0	0	1	0	0	39	91	314	378	49	34	51	75	225	112	91	41	127	327	172	326	208	531	593	284	390	1455	647	1454	1158	1406	2636	2104	3433	5455	9918	6394	7717	9537	12810	18383	35330	0
LFQ	62	0	0	9	0	0	25	63	215	265	38	36	59	72	226	107	87	30	84	287	132	338	211	493	572	293	324	1271	520	1516	923	1342	2417	2056	3172	5411	11063	6509	8301	7780	14667	16529	36852	0
LFQ	63	0	0	22	0	0	25	106	355	414	48	47	61	66	232	98	85	38	117	363	151	357	199	589	571	306	394	1359	589	1440	1211	1303	2524	2141	3309	5429	12065	6824	8501	7853	14252	15618	35230	0
LFQ	64	0	0	45	0	0	36	90	288	319	32	36	77	54	297	76	66	31	103	306	101	352	203	560	541	258	337	1326	535	1468	1126	1357	2511	1999	3133	5466	13418	6934	9038	7141	14716	14608	35307	0
LFQ	65	0	0	74	0	0	22	86	304	361	24	41	86	60	231	70	46	48	102	290	203	320	199	554	570	249	353	1301	403	1396	1286	1359	2448	2167	3131	5770	14285	7447	9338	6722	14877	13494	34574	0
LFQ	66	0	0	102	0	0	22	40	180	228	7	37	62	40	206	57	42	41	97	235	141	345	180	477	490	212	355	1195	392	1267	1180	1373	2367	2042	3167	5676	15870	7737	9991	6225	15703	12558	33952	0
LFQ	67	0	0	138	0	0	35	67	241	248	2	39	58	58	216	52	59	33	86	260	154	325	154	485	465	196	397	1313	436	1181	1248	1343	2480	2155	3227	5931	17011	8322	10638	6098	15569	11928	31642	0
LFQ	68	0	0	168	0	0	22	48	197	214	1	37	56	62	205	38	54	37	104	252	175	339	162	505	460	226	363	1288	369	1162	1294	1423	2505	2243	3241	6206	18207	8817	11054	5500	16187	10912	30156	0
LFQ	69	0	0	206	0	0	33	37	208	197	1	37	67	41	177	29	43	25	95	245	135	350	166	468	412	186	360	1211	385	1134	1330	1453	2444	2194	3249	6371	19885	9099	11700	5171	16617	10172	28356	0
LFQ	70	0	0	244	0	0	22	53	227	183	0	41	68	44	161	30	52	35	107	248	156	350	167	430	330	333	410	1251	378	1051	1382	1498	2455	2111	3433	6587	21419	9503	12268	4853	16817	9307	26285	0
LFQ	71	0	0	320	0	0	33	31	208	199	0	37	64	47	144	32	64	34	102	252	134	367	165	386	324	401	414	1338	421	978	1487	1503	2399	2322	3450	6793	22853	9934	12923	4518	16985	8536	24088	0
LFQ	72	0	0	394	0	0	43	42	251	221	2	52	67	48	166	43	69	42	119	310	134	392	189	424	340	376	467	1371	420	935	1528	1675	2547	2444	3569	7474	24121	10514	13171	4311	16956	7984	21071	0
LFQ	73	0	0	459	0	0	44	59	371	266	0	49	77	61	174	37	99	33	126	363	160	424	198	497	369	421	568	1549	465	982	1758	1743	2699	2565	3845	7782	25150	10985	13386	4109	16823	6878	18704	0
LFQ	74	0	0	527	0	0	29	44	292	197	1	52	77	59	169	21	76	44	114	282	141	477	189	452	349	421	540	1510	474	923	1685	1839	2717	2679	3961	8146	26937	11403	13902	3678	17152	6132	16582	0
LFQ	75	0	0	610	0	0	44	36	262	157	0	56	88	54	142	27	88	32	125	282	116	474	166	398	349	444	523	1300	676	878	1647	1852	2686	2560	4115	8366	28689	11940	14614	3280	17096	5417	14678	0
LFQ	76	0	0	699	0	0	40	57	394	205	0	57	70	63	145	27	107	54	112	360	148	506	176	444	348	490	617	1371	801	750	2008	1991	2861	2808	4294	9235	29693	12267	14893	3148	16263	4696	12064	0
LFQ	77	0	0	814	0	0	52	52	352	201	0	53	84	76	168	35	96	53	137	378	158	536	210	417	367	493	650	1466	806	863	2056	1954	3014	3015	4493	9553	31388	12695	15097	2839	15520	4133	9983	0
LFQ	78	0	0	945	0	0	87	59	527	264	0	89	85	74	151	35	106	56	164	520	199	580	232	429	413	628	749	1623	887	819	2349	2151	3129	3292	4867	10199	32152	12931	14992	2720	14335	3447	7964	0
LFQ	79	0	0	1030	0	0	64	69	484	206	0	108	118	88	171	31	120	39	194	472	185	661	198	396	399	593	765	1567	926	873	2326	2198	3267	3194	4819	10612	33986	13538	15183	2250	13818	2775	6513	0
LFQ	80	0	0	1127	0	0	65	56	408	161	1	101	110	75	153	29	130	57	179	416	196	662	199	349	399	632	705	1533	921	718	2420	2237	3234	3225	5071	11070	35849	14051	15273	1895	13058	2165	5294	0
LFQ	81	0	0	1245	0	0	65	44	477	155	0	103	108	71	139	28	136	42	169	400	188	707	229	303	432	657	841	1473	948	678	2492	2245	3284	3340	5145	11379	37793	14373	15118	1601	11989	1716	4086	0
LFQ	82	0	0	1361	0	0	76	59	670	202	0	125	102	78	144	25	152	64	188	583	213	736	237	339	490	679	994	1617	1142	635	2633	2340	3672	3469	5234	12360	38565	14246	14576	1432	10439	1369	2928	0
LFQ	83	0	0	1478	0	0	121	100	913	257	0	142	154	114	166	31	174	76	249	685	274	884	280	343	534	732	1148	1844	1218	631	2957	2555	3790	3694	5552	13232	38686	14235	13828	1213	8830	1015	2012	0
LFQ	84	0	0	1582	0	0	90	33	488	144	0	145	162	86	150	23	160	53	235	432	267	846	230	292	506	744	1050	1724	1190	568	2801	2457	3802	3876	5558	13264	41658	14731	13527	864	8176	688	1500	0
LFQ	85	0	0	1681	0	0	106	52	782	158	0	173	126	118	117	19	193	98	260	665	226	867	221	246	575	829	1146	1615	1312	525	3001	2460	3844	3883	5625	13995	42879	14647	12664	822	6640	479	1017	0
LFQ	86	0	0	1788	0	0	113	45	594	127	0	152	108	118	108	17	185	61	237	553	281	851	235	206	602	822	1185	1529	1299	471	2990	2509	3984	3726	5756	14265	44955	14780	12150	589	5660	279	699	0
LFQ	87	0	0	1887	0	0	58	26	414	74	0	138	97	78	82	10	161	43	230	424	255	735	159	139	606	770	1090	1291	1242	372	2809	2320	3799	3845	5826	14496	48208	15027	11531	440	4700	167	433	0
LFQ	88	0	0	2008	0	0	55	16	367	61	0	126	85	64	55	15	151	40	188	431	265	665	152	111	528	691	1093	1129	1291	323	2743	2210	3692	3672	5782	14380	51095	15469	10532	317	3757	102	265	0
LFQ	89	0	0	2151	0	0	44	22	365	52	0	120	77	59	43	10	119	53	171	383	241	668	126	106	503	673	1062	1049	1267	297	2682	2196	3630	3724	5960	14697	53226	15283	9519	241	2815	72	149	0
LFQ	90	0	0	2322	0	0	52	16	409	50	1	107	68	74	28	12	130	44	167	435	270	639	94	102	490	687	1102	981	1241	272	2715	2151	3626	3761	5921	14865	55225	15041	8338	183	2050	26	84	0
LFQ	91	0	0	2532	0	0	52	14	408	50	0	118	77	70	36	11	124	43	186	430	263	671	112	92	506	696	1164	958	1264	242	2717	2126	3735	3733	5872	15348	56748	14495	7250	117	1377	18	45	0
LFQ	92	0	0	2800	0	0	70	12	396	45	1	91	56	68	28	8	164	59	165	410	268	644	112	77	493	785	1239	824	1289	235	2736	2217	3834	3863	5965	15745	57877	13866	6119	89	907	4	26	0
LFQ	93	0	0	3132	0	0	88	19	428	41	0	126	66	69	22	8	168	52	221	523	285	660	87	53	532	796	1336	908	1472	262	2888	2340	3985	4074	5998	16255	57963	12982	4988	66	570	4	11	0
LFQ	94	0	0	3496	0	0	105	21	574	36	0	146	88	90	16	16	155	75	234	577	384	816	73	71	651	849	1589	911	1563	261	3227	2435	4078	4356	6207	17043	56802	12047	3982	36	331	1	7	0
LFQ	95	0	0	3909	0	0	74	11	423	36	0	135	58	21	84	5	168	75	225	493	395	769	62	66	598	908	1566	814	1585	224	3207	2511	4282	4433	6380	17295	57577	11366	3219	19	202	1	4	0
LFQ	96	0	0	4455	0	0	85	15	451	31	1	145	44	24	55	13	180	64	244	517	408	805	73	51	654	858	1667	762	1629	189	3314	2472	4356	4543	6503	17723	57586	10611	2398	7	110	1	2	0
LFQ	97	0	0	5024	0	0	46	7	316	29	0	90	43	16	42	7	185	56	207	455	349	655	51	49	614	876	1597	662	1619	173	3255	2531	4359	4598	6457	18182	58519	9921	1813	2	71	1	0	0
LFQ	98	0	0	5770	0	0	25	7	210	15	0	68	30	14	37	5	160	53	187	510	345	676	41	55	599	839	1643	564	1598	139	3180	2570	4332	4620	6476	18288	58933	9253	1422	2	33	2	0	0
LFQ	99	0	0	6708	0	0	7	0	116	7	0	44	15	11	21	1	152	67	203	547	327	600	34	47	639	919	1674	574	1741	135	3280	2536	4272	4679	6642	18570	58330	8576	1028	2	14	1	0	0
LFQ	100	0	0	7491	0	0	0	0	0	0	0	0	0	0	1	1	145	53	162	417	310	497	17	25	578	849	1441	371	1543	113	3086	2534	4292	4539	6599	18388	59938	8028	883	0	6	0	1	0
LFQ	101	0	0	8632	0	0	0	0	0	0	0	0	0	0	0	0	235	162	299	1098	541	823	42	137	856	1281	2579	623	2566	225	4660	3769	6484	6778	8594	26509	40575	4229	380	1	5	1	0	0
# GC Content of first fragments. Use `grep ^GCF | cut -f 2-` to extract this part.
GCF	7.79	0
GCF	16.08	4
GCF	17.09	19
GCF	18.09	32
GCF	19.10	48
GCF	20.10	63
GCF	21.11	108
GCF	21.86	166
GCF	22.36	168
GCF	22.86	309
GCF	23.37	314
GCF	23.87	389
GCF	24.37	388
GCF	24.87	547
GCF	25.38	548
GCF	25.88	720
GCF	26.38	717
GCF	26.88	959
GCF	27.39	973
GCF	27.89	1240
GCF	28.39	1237
GCF	28.89	1461
GCF	29.40	1466
GCF	29.90	1754
GCF	30.40	1758
GCF	30.90	2049
GCF	31.41	2057
GCF	31.91	2350
GCF	32.41	2362
GCF	32.91	2592
GCF	33.42	2886
GCF	33.92	2880
GCF	34.42	3069
GCF	34.92	3076
GCF	35.43	3472
GCF	35.93	3485
GCF	36.43	3777
GCF	36.93	3779
GCF	37.69	3749
GCF	38.44	4081
GCF	38.94	4082
GCF	39.45	4102
GCF	39.95	4106
GCF	40.45	4234
GCF	40.95	4239
GCF	41.46	4145
GCF	41.96	4139
GCF	42.71	4163
GCF	43.47	4229
GCF	43.97	4228
GCF	44.47	4050
GCF	44.97	4034
GCF	45.48	3914
GCF	45.98	3915
GCF	46.48	3784
GCF	46.98	3786
GCF	47.49	3656
GCF	47.99	3657
GCF	48.49	3531
GCF	48.99	3533
GCF	49.50	3529
GCF	50.00	3535
GCF	50.50	3354
GCF	51.01	3336
GCF	51.51	3289
GCF	52.01	3297
GCF	52.51	3198
GCF	53.02	3194
GCF	53.52	3006
GCF	54.02	3001
GCF	54.52	3029
GCF	55.03	3034
GCF	55.53	2913
GCF	56.03	2909
GCF	56.53	2776
GCF	57.04	2774
GCF	57.54	2770
GCF	58.04	2783
GCF	58.54	2605
GCF	59.05	2594
GCF	59.55	2455
GCF	60.05	2449
GCF	60.55	2414
GCF	61.06	2419
GCF	61.56	2199
GCF	62.06	2190
GCF	62.56	1969
GCF	63.07	1973
GCF	63.57	1861
GCF	64.07	1856
GCF	64.57	1587
GCF	65.08	1586
GCF	65.58	1382
GCF	66.08	1385
GCF	66.58	1153
GCF	67.09	1026
GCF	67.59	1018
GCF	68.09	796
GCF	68.59	791
GCF	69.35	561
GCF	70.10	428
GCF	70.60	426
GCF	71.11	274
GCF	71.61	271
GCF	72.11	158
GCF	72.61	160
GCF	73.12	103
GCF	73.62	101
GCF	74.37	39
GCF	75.13	21
GCF	75.63	22
GCF	76.13	12
GCF	76.63	11
GCF	77.39	7
GCF	78.39	5
GCF	79.40	2
GCF	81.41	0
GCF	83.42	1
GCF	84.42	0
GCF	85.43	1
# GC Content of last fragments. Use `grep ^GCL | cut -f 2-` to extract this part.
GCL	6.78	0
GCL	14.07	5
GCL	15.08	2
GCL	16.08	6
GCL	17.09	11
GCL	18.09	24
GCL	19.10	54
GCL	20.10	78
GCL	21.11	123
GCL	21.86	214
GCL	22.36	216
GCL	22.86	299
GCL	23.37	304
GCL	23.87	409
GCL	24.37	408
GCL	25.13	547
GCL	25.88	726
GCL	26.38	724
GCL	26.88	972
GCL	27.39	984
GCL	27.89	1249
GCL	28.39	1246
GCL	28.89	1501
GCL	29.40	1506
GCL	29.90	1726
GCL	30.40	1730
GCL	30.90	2089
GCL	31.41	2097
GCL	31.91	2293
GCL	32.41	2306
GCL	32.91	2696
GCL	33.42	2843
GCL	33.92	2838
GCL	34.42	3244
GCL	34.92	3254
GCL	35.43	3388
GCL	35.93	3398
GCL	36.43	3621
GCL	36.93	3625
GCL	37.44	3880
GCL	37.94	3885
GCL	38.44	4056
GCL	38.94	4055
GCL	39.70	4128
GCL	40.45	4077
GCL	40.95	4080
GCL	41.46	4096
GCL	41.96	4088
GCL	42.46	4249
GCL	42.96	4256
GCL	43.47	4096
GCL	43.97	4093
GCL	44.47	4034
GCL	44.97	4025
GCL	45.48	3895
GCL	45.98	3889
GCL	46.48	3872
GCL	46.98	3878
GCL	47.74	3717
GCL	48.49	3523
GCL	48.99	3527
GCL	49.50	3473
GCL	50.00	3471
GCL	50.50	3388
GCL	51.01	3378
GCL	51.76	3239
GCL	52.51	3228
GCL	53.02	3233
GCL	53.52	3133
GCL	54.02	3126
GCL	54.52	2963
GCL	55.03	2968
GCL	55.53	3022
GCL	56.03	3016
GCL	56.53	2824
GCL	57.04	2826
GCL	57.54	2678
GCL	58.04	2692
GCL	58.54	2651
GCL	59.05	2642
GCL	59.55	2404
GCL	60.05	2400
GCL	60.55	2323
GCL	61.06	2326
GCL	61.56	2234
GCL	62.06	2225
GCL	62.56	1916
GCL	63.07	1919
GCL	63.57	1836
GCL	64.07	1831
GCL	64.57	1640
GCL	65.08	1641
GCL	65.58	1352
GCL	66.08	1351
GCL	66.58	1191
GCL	67.09	988
GCL	67.59	980
GCL	68.09	795
GCL	68.59	792
GCL	69.10	565
GCL	69.60	563
GCL	70.10	371
GCL	70.60	368
GCL	71.11	279
GCL	71.61	277
GCL	72.11	163
GCL	72.61	166
GCL	73.12	88
GCL	73.62	86
GCL	74.37	42
GCL	75.13	18
GCL	75.63	19
GCL	76.13	10
GCL	76.63	9
GCL	77.39	4
GCL	78.39	3
GCL	81.91	0
GCL	85.43	1
# ACGT content per cycle. Use `grep ^GCC | cut -f 2-` to extract this part. The columns are: cycle; A,C,G,T base counts as a percentage of all A/C/G/T bases [%]; and N and O counts as a percentage of all A/C/G/T bases [%]
GCC	1	29.47	20.46	19.89	30.17	0.08	0.00
GCC	2	27.36	22.10	22.23	28.32	0.00	0.00
GCC	3	26.47	23.12	22.87	27.54	0.00	0.00
GCC	4	25.98	23.49	23.50	27.03	0.00	0.00
GCC	5	27.51	22.10	22.09	28.30	0.00	0.00
GCC	6	26.05	23.69	23.59	26.67	0.00	0.00
GCC	7	26.80	22.81	22.73	27.66	0.00	0.00
GCC	8	26.99	22.55	22.72	27.75	0.00	0.00
GCC	9	26.77	22.77	22.64	27.82	0.00	0.00
GCC	10	26.60	23.17	22.84	27.39	0.00	0.00
GCC	11	26.70	22.88	22.84	27.57	0.00	0.00
GCC	12	26.46	23.02	22.93	27.59	0.00	0.00
GCC	13	26.89	22.79	22.65	27.68	0.00	0.00
GCC	14	26.95	22.65	22.66	27.74	0.00	0.00
GCC	15	26.58	22.85	23.01	27.56	0.00	0.00
GCC	16	26.72	22.88	22.79	27.61	0.00	0.00
GCC	17	26.71	22.87	22.79	27.63	0.00	0.00
GCC	18	26.57	23.06	22.90	27.47	0.00	0.00
GCC	19	26.48	23.05	22.88	27.59	0.00	0.00
GCC	20	26.54	23.00	22.98	27.47	0.00	0.00
GCC	21	26.44	23.09	23.01	27.47	0.00	0.00
GCC	22	26.44	22.96	22.95	27.65	0.00	0.00
GCC	23	26.46	23.00	22.87	27.67	0.00	0.00
GCC	24	26.30	23.16	22.89	27.65	0.01	0.00
GCC	25	26.37	23.12	22.96	27.56	0.00	0.00
GCC	26	26.47	23.01	22.87	27.65	0.00	0.00
GCC	27	26.23	23.20	22.97	27.60	0.00	0.00
GCC	28	26.46	22.95	22.85	27.74	0.00	0.00
GCC	29	26.38	23.14	22.97	27.51	0.00	0.00
GCC	30	26.25	23.12	23.05	27.58	0.00	0.00
GCC	31	26.19	23.11	22.97	27.73	0.00	0.00
GCC	32	26.32	23.08	22.90	27.71	0.00	0.00
GCC	33	26.21	23.10	23.15	27.54	0.00	0.00
GCC	34	26.34	23.09	22.86	27.72	0.00	0.00
GCC	35	26.23	23.10	22.99	27.69	0.00	0.00
GCC	36	26.14	23.19	23.04	27.64	0.00	0.00
GCC	37	26.15	23.26	23.12	27.47	0.00	0.00
GCC	38	26.28	23.23	23.00	27.48	0.00	0.00
GCC	39	26.10	23.24	23.22	27.44	0.00	0.00
GCC	40	26.25	23.02	23.10	27.64	0.00	0.00
GCC	41	26.25	23.17	23.03	27.56	0.00	0.00
GCC	42	26.21	23.17	23.14	27.48	0.00	0.00
GCC	43	26.16	23.13	23.00	27.71	0.00	0.00
GCC	44	26.22	23.12	23.08	27.58	0.00	0.00
GCC	45	26.13	23.17	23.36	27.34	0.00	0.00
GCC	46	26.06	23.24	23.13	27.57	0.00	0.00
GCC	47	26.27	23.06	23.14	27.54	0.00	0.00
GCC	48	26.11	23.24	23.22	27.44	0.00	0.00
GCC	49	25.97	23.16	23.18	27.69	0.00	0.00
GCC	50	26.04	23.17	23.01	27.77	0.00	0.00
GCC	51	26.10	23.20	23.19	27.50	0.00	0.00
GCC	52	26.07	23.18	23.05	27.70	0.00	0.00
GCC	53	26.00	23.16	23.23	27.61	0.00	0.00
GCC	54	25.96	23.18	23.24	27.62	0.00	0.00
GCC	55	26.02	23.21	23.13	27.64	0.00	0.00
GCC	56	25.92	23.17	23.17	27.74	0.00	0.00
GCC	57	25.85	23.34	23.18	27.64	0.00	0.00
GCC	58	26.04	23.17	23.20	27.58	0.00	0.00
GCC	59	26.11	23.05	23.30	27.54	0.00	0.00
GCC	60	25.78	23.39	23.24	27.58	0.00	0.00
GCC	61	25.91	23.27	23.22	27.60	0.00	0.00
GCC	62	25.99	23.06	23.28	27.67	0.00	0.00
GCC	63	25.85	23.32	23.35	27.48	0.00	0.00
GCC	64	26.01	23.21	23.26	27.52	0.00	0.00
GCC	65	25.89	23.02	23.27	27.83	0.00	0.00
GCC	66	25.90	23.13	23.27	27.69	0.00	0.00
GCC	67	25.95	23.34	23.07	27.65	0.00	0.00
GCC	68	25.90	23.17	23.26	27.67	0.00	0.00
GCC	69	25.83	23.37	23.19	27.61	0.00	0.00
GCC	70	25.94	23.30	23.11	27.65	0.00	0.00
GCC	71	25.87	23.21	23.22	27.70	0.00	0.00
GCC	72	25.97	23.31	23.20	27.53	0.00	0.00
GCC	73	25.86	23.24	23.33	27.57	0.00	0.00
GCC	74	26.01	23.18	23.24	27.57	0.00	0.00
GCC	75	25.88	23.28	23.32	27.52	0.00	0.00
GCC	76	25.90	23.08	23.26	27.76	0.00	0.00
GCC	77	25.89	23.30	23.15	27.67	0.00	0.00
GCC	78	25.70	23.37	23.26	27.66	0.00	0.00
GCC	79	26.00	23.29	23.16	27.54	0.00	0.00
GCC	80	26.00	23.17	23.17	27.67	0.00	0.00
GCC	81	25.80	23.23	23.28	27.69	0.00	0.00
GCC	82	25.97	23.28	23.15	27.60	0.00	0.00
GCC	83	26.06	23.20	23.13	27.60	0.00	0.00
GCC	84	26.00	23.25	23.29	27.46	0.00	0.00
GCC	85	25.84	23.32	23.36	27.49	0.00	0.00
GCC	86	25.95	23.29	23.29	27.47	0.00	0.00
GCC	87	25.90	23.46	23.16	27.48	0.00	0.00
GCC	88	26.00	23.33	23.17	27.50	0.00	0.00
GCC	89	26.03	23.22	23.21	27.54	0.00	0.00
GCC	90	25.87	23.38	23.23	27.52	0.00	0.00
GCC	91	26.10	23.27	23.11	27.52	0.00	0.00
GCC	92	25.98	23.42	23.13	27.46	0.00	0.00
GCC	93	25.94	23.34	23.37	27.34	0.00	0.00
GCC	94	25.92	23.28	23.21	27.58	0.00	0.00
GCC	95	25.99	23.31	23.24	27.46	0.00	0.00
GCC	96	25.90	23.47	23.23	27.39	0.00	0.00
GCC	97	25.99	23.34	23.17	27.50	0.00	0.00
GCC	98	26.05	23.25	23.24	27.45	0.01	0.00
GCC	99	25.96	23.25	23.33	27.46	0.10	0.00
GCC	100	26.03	23.21	23.30	27.45	0.09	0.00
GCC	101	26.09	23.21	23.35	27.35	0.08	0.00
# ACGT content per cycle, read oriented. Use `grep ^GCT | cut -f 2-` to extract this part. The columns are: cycle; A,C,G,T base counts as a percentage of all A/C/G/T bases [%]
GCT	1	27.22	24.53	15.82	32.43
GCT	2	30.47	19.73	24.60	25.20
GCT	3	26.82	22.96	23.03	27.19
GCT	4	25.99	24.54	22.45	27.02
GCT	5	27.14	21.97	22.21	28.68
GCT	6	26.78	24.19	23.09	25.94
GCT	7	26.37	22.62	22.92	28.09
GCT	8	26.62	23.33	21.93	28.11
GCT	9	26.11	23.50	21.91	28.48
GCT	10	26.98	23.67	22.35	27.00
GCT	11	26.72	23.26	22.47	27.55
GCT	12	26.70	23.32	22.63	27.36
GCT	13	26.94	22.95	22.48	27.62
GCT	14	27.07	22.80	22.51	27.62
GCT	15	26.51	23.37	22.49	27.63
GCT	16	26.75	23.33	22.35	27.57
GCT	17	26.81	23.06	22.60	27.53
GCT	18	26.60	23.27	22.69	27.45
GCT	19	26.54	23.38	22.55	27.53
GCT	20	26.60	23.23	22.76	27.41
GCT	21	26.43	23.47	22.62	27.48
GCT	22	26.70	23.39	22.52	27.39
GCT	23	26.62	23.20	22.67	27.51
GCT	24	26.57	23.36	22.69	27.38
GCT	25	26.54	23.47	22.60	27.38
GCT	26	26.56	23.28	22.60	27.56
GCT	27	26.74	23.36	22.81	27.09
GCT	28	26.84	23.25	22.56	27.36
GCT	29	26.65	23.26	22.85	27.23
GCT	30	26.52	23.38	22.79	27.31
GCT	31	26.75	23.22	22.86	27.17
GCT	32	26.74	23.19	22.79	27.28
GCT	33	26.60	23.31	22.94	27.15
GCT	34	26.74	23.14	22.80	27.31
GCT	35	26.85	23.12	22.97	27.07
GCT	36	26.57	23.31	22.91	27.20
GCT	37	26.65	23.47	22.91	26.98
GCT	38	26.80	23.20	23.03	26.97
GCT	39	26.49	23.38	23.08	27.04
GCT	40	26.70	23.28	22.83	27.18
GCT	41	26.64	23.28	22.92	27.17
GCT	42	26.60	23.32	22.98	27.10
GCT	43	26.70	23.29	22.84	27.17
GCT	44	26.67	23.29	22.91	27.13
GCT	45	26.58	23.43	23.10	26.89
GCT	46	26.60	23.34	23.03	27.02
GCT	47	26.88	23.22	22.97	26.93
GCT	48	26.69	23.33	23.12	26.86
GCT	49	26.69	23.32	23.02	26.97
GCT	50	26.87	23.22	22.96	26.94
GCT	51	26.59	23.46	22.93	27.02
GCT	52	26.74	23.39	22.84	27.03
GCT	53	26.65	23.35	23.03	26.96
GCT	54	26.68	23.46	22.96	26.91
GCT	55	26.74	23.30	23.03	26.92
GCT	56	26.76	23.24	23.10	26.89
GCT	57	26.71	23.37	23.14	26.77
GCT	58	26.52	23.36	23.01	27.11
GCT	59	26.72	23.39	22.96	26.94
GCT	60	26.53	23.49	23.14	26.83
GCT	61	26.63	23.26	23.23	26.88
GCT	62	26.77	23.14	23.20	26.90
GCT	63	26.43	23.48	23.19	26.91
GCT	64	26.56	23.41	23.07	26.97
GCT	65	26.77	23.24	23.04	26.94
GCT	66	26.65	23.35	23.05	26.95
GCT	67	26.76	23.31	23.10	26.83
GCT	68	26.64	23.20	23.22	26.93
GCT	69	26.56	23.35	23.21	26.89
GCT	70	26.80	23.27	23.14	26.79
GCT	71	26.67	23.18	23.25	26.89
GCT	72	26.73	23.34	23.16	26.76
GCT	73	26.84	23.41	23.16	26.59
GCT	74	26.77	23.28	23.15	26.80
GCT	75	26.66	23.35	23.25	26.74
GCT	76	26.77	23.10	23.24	26.89
GCT	77	26.75	23.22	23.22	26.81
GCT	78	26.64	23.35	23.29	26.73
GCT	79	26.70	23.35	23.11	26.84
GCT	80	26.76	23.08	23.25	26.91
GCT	81	26.71	23.11	23.39	26.78
GCT	82	26.72	23.25	23.18	26.85
GCT	83	26.84	23.12	23.21	26.82
GCT	84	26.61	23.29	23.25	26.85
GCT	85	26.45	23.26	23.41	26.88
GCT	86	26.85	23.26	23.32	26.57
GCT	87	26.68	23.24	23.38	26.70
GCT	88	26.85	23.12	23.38	26.65
GCT	89	26.94	23.09	23.34	26.63
GCT	90	26.58	23.35	23.27	26.81
GCT	91	26.90	23.18	23.20	26.72
GCT	92	26.72	23.08	23.47	26.72
GCT	93	26.59	23.27	23.45	26.70
GCT	94	26.86	23.25	23.25	26.65
GCT	95	26.93	23.12	23.43	26.52
GCT	96	26.71	23.34	23.37	26.59
GCT	97	26.83	23.14	23.37	26.66
GCT	98	26.83	23.03	23.46	26.68
GCT	99	26.75	23.13	23.45	26.68
GCT	100	26.77	23.10	23.41	26.72
GCT	101	26.82	23.07	23.49	26.62
# ACGT content per cycle for first fragments. Use `grep ^FBC | cut -f 2-` to extract this part. The columns are: cycle; A,C,G,T base counts as a percentage of all A/C/G/T bases [%]; and N and O counts as a percentage of all A/C/G/T bases [%]
FBC	1	29.38	20.59	19.85	30.18	0.00	0.00
FBC	2	27.13	22.15	22.40	28.32	0.00	0.00
FBC	3	26.50	23.11	22.80	27.58	0.00	0.00
FBC	4	25.98	23.58	23.37	27.07	0.00	0.00
FBC	5	27.45	22.27	22.09	28.20	0.00	0.00
FBC	6	26.04	23.84	23.54	26.59	0.00	0.00
FBC	7	26.66	23.00	22.72	27.62	0.00	0.00
FBC	8	26.95	22.68	22.71	27.66	0.00	0.00
FBC	9	26.75	22.78	22.67	27.80	0.00	0.00
FBC	10	26.72	23.20	22.92	27.16	0.00	0.00
FBC	11	26.69	23.00	22.93	27.38	0.00	0.00
FBC	12	26.47	23.07	22.95	27.51	0.00	0.00
FBC	13	26.67	22.87	22.64	27.82	0.00	0.00
FBC	14	26.86	22.68	22.81	27.65	0.00	0.00
FBC	15	26.56	22.86	23.11	27.46	0.00	0.00
FBC	16	26.57	22.80	22.84	27.80	0.00	0.00
FBC	17	26.66	22.83	22.95	27.56	0.00	0.00
FBC	18	26.52	22.96	22.93	27.59	0.00	0.00
FBC	19	26.48	23.08	22.95	27.49	0.00	0.00
FBC	20	26.52	23.03	22.98	27.48	0.00	0.00
FBC	21	26.35	23.16	23.02	27.47	0.00	0.00
FBC	22	26.42	22.95	22.99	27.63	0.00	0.00
FBC	23	26.41	23.03	22.87	27.69	0.00	0.00
FBC	24	26.27	23.07	23.05	27.62	0.00	0.00
FBC	25	26.38	23.22	22.97	27.43	0.00	0.00
FBC	26	26.50	23.01	22.89	27.60	0.00	0.00
FBC	27	26.39	23.27	22.94	27.40	0.00	0.00
FBC	28	26.47	23.12	22.84	27.57	0.00	0.00
FBC	29	26.37	23.02	23.02	27.59	0.00	0.00
FBC	30	26.26	23.07	23.19	27.49	0.00	0.00
FBC	31	26.23	23.06	22.95	27.76	0.00	0.00
FBC	32	26.32	23.05	22.98	27.65	0.00	0.00
FBC	33	26.24	23.17	23.19	27.39	0.00	0.00
FBC	34	26.39	23.13	22.91	27.57	0.00	0.00
FBC	35	26.20	23.05	22.98	27.77	0.00	0.00
FBC	36	26.31	23.15	22.89	27.65	0.00	0.00
FBC	37	26.24	23.29	23.17	27.30	0.00	0.00
FBC	38	26.36	23.12	23.11	27.42	0.00	0.00
FBC	39	26.03	23.41	23.11	27.45	0.00	0.00
FBC	40	26.24	22.98	23.10	27.69	0.00	0.00
FBC	41	26.09	23.20	23.07	27.64	0.00	0.00
FBC	42	26.13	23.32	23.10	27.45	0.00	0.00
FBC	43	26.15	23.27	22.87	27.71	0.00	0.00
FBC	44	26.10	22.95	23.23	27.72	0.00	0.00
FBC	45	26.11	23.09	23.37	27.42	0.00	0.00
FBC	46	26.03	23.22	23.16	27.59	0.00	0.00
FBC	47	26.31	23.03	23.14	27.52	0.00	0.00
FBC	48	25.95	23.24	23.41	27.41	0.00	0.00
FBC	49	25.90	23.22	23.12	27.77	0.00	0.00
FBC	50	25.93	23.17	23.05	27.86	0.00	0.00
FBC	51	26.12	23.18	23.13	27.58	0.00	0.00
FBC	52	26.12	23.23	23.00	27.65	0.00	0.00
FBC	53	26.04	23.10	23.13	27.74	0.00	0.00
FBC	54	25.92	23.21	23.27	27.60	0.00	0.00
FBC	55	26.14	23.16	23.21	27.50	0.00	0.00
FBC	56	25.84	23.23	23.02	27.91	0.00	0.00
FBC	57	25.90	23.33	23.21	27.56	0.00	0.00
FBC	58	25.90	23.17	23.23	27.69	0.00	0.00
FBC	59	26.15	22.99	23.21	27.65	0.00	0.00
FBC	60	25.92	23.34	23.20	27.53	0.00	0.00
FBC	61	25.73	23.33	23.23	27.71	0.00	0.00
FBC	62	25.87	23.09	23.39	27.65	0.00	0.00
FBC	63	25.90	23.22	23.31	27.57	0.00	0.00
FBC	64	25.96	23.23	23.38	27.43	0.00	0.00
FBC	65	25.82	23.06	23.26	27.86	0.00	0.00
FBC	66	25.92	22.89	23.36	27.83	0.00	0.00
FBC	67	25.94	23.43	23.08	27.55	0.00	0.00
FBC	68	25.80	23.09	23.40	27.70	0.00	0.00
FBC	69	25.70	23.20	23.34	27.77	0.00	0.00
FBC	70	25.95	23.28	23.19	27.58	0.00	0.00
FBC	71	25.81	23.08	23.26	27.85	0.00	0.00
FBC	72	25.83	23.44	23.26	27.47	0.00	0.00
FBC	73	25.86	23.19	23.28	27.67	0.00	0.00
FBC	74	26.03	23.26	23.11	27.60	0.00	0.00
FBC	75	26.10	23.29	23.15	27.46	0.00	0.00
FBC	76	25.88	23.02	23.27	27.83	0.00	0.00
FBC	77	25.73	23.44	23.17	27.67	0.00	0.00
FBC	78	25.78	23.34	23.22	27.65	0.00	0.00
FBC	79	26.00	23.28	23.20	27.53	0.00	0.00
FBC	80	26.01	23.30	22.96	27.73	0.00	0.00
FBC	81	25.77	23.21	23.30	27.71	0.01	0.00
FBC	82	25.99	23.26	23.10	27.65	0.00	0.00
FBC	83	26.03	23.20	23.02	27.75	0.00	0.00
FBC	84	26.13	23.23	23.21	27.43	0.00	0.00
FBC	85	25.89	23.38	23.32	27.41	0.00	0.00
FBC	86	26.02	23.38	23.14	27.46	0.00	0.00
FBC	87	25.87	23.48	23.15	27.49	0.00	0.00
FBC	88	26.08	23.22	23.15	27.55	0.00	0.00
FBC	89	26.16	23.27	23.16	27.41	0.00	0.00
FBC	90	25.79	23.34	23.27	27.60	0.00	0.00
FBC	91	26.15	23.21	23.13	27.51	0.01	0.00
FBC	92	25.86	23.52	23.17	27.44	0.00	0.00
FBC	93	26.02	23.33	23.23	27.42	0.00	0.00
FBC	94	25.90	23.56	23.09	27.45	0.00	0.00
FBC	95	26.03	23.31	23.26	27.40	0.00	0.00
FBC	96	25.84	23.41	23.27	27.47	0.00	0.00
FBC	97	25.86	23.41	23.35	27.38	0.00	0.00
FBC	98	25.89	23.20	23.43	27.48	0.00	0.00
FBC	99	26.08	23.24	23.19	27.49	0.00	0.00
FBC	100	25.98	23.22	23.41	27.39	0.00	0.00
FBC	101	26.07	23.16	23.28	27.48	0.00	0.00
# ACGT raw counters for first fragments. Use `grep ^FTC | cut -f 2-` to extract this part. The columns are: A,C,G,T,N base counters
FTC	3284235	2900145	2892146	3460858	28
# ACGT content per cycle for last fragments. Use `grep ^LBC | cut -f 2-` to extract this part. The columns are: cycle; A,C,G,T base counts as a percentage of all A/C/G/T bases [%]; and N and O counts as a percentage of all A/C/G/T bases [%]
LBC	1	29.57	20.33	19.94	30.16	0.16	0.00
LBC	2	27.58	22.05	22.06	28.31	0.00	0.00
LBC	3	26.44	23.13	22.93	27.50	0.00	0.00
LBC	4	25.98	23.39	23.64	26.99	0.00	0.00
LBC	5	27.57	21.94	22.09	28.41	0.00	0.00
LBC	6	26.07	23.54	23.64	26.75	0.00	0.00
LBC	7	26.94	22.62	22.74	27.71	0.00	0.00
LBC	8	27.02	22.42	22.72	27.84	0.00	0.00
LBC	9	26.79	22.76	22.62	27.84	0.00	0.00
LBC	10	26.48	23.14	22.76	27.62	0.00	0.00
LBC	11	26.71	22.77	22.76	27.76	0.00	0.00
LBC	12	26.45	22.98	22.91	27.66	0.00	0.00
LBC	13	27.11	22.71	22.65	27.53	0.00	0.00
LBC	14	27.04	22.63	22.51	27.83	0.00	0.00
LBC	15	26.60	22.84	22.90	27.66	0.00	0.00
LBC	16	26.87	22.96	22.75	27.42	0.00	0.00
LBC	17	26.76	22.91	22.62	27.71	0.00	0.00
LBC	18	26.62	23.15	22.87	27.35	0.00	0.00
LBC	19	26.48	23.02	22.81	27.69	0.00	0.00
LBC	20	26.57	22.98	22.99	27.46	0.00	0.00
LBC	21	26.52	23.01	23.00	27.46	0.01	0.00
LBC	22	26.45	22.96	22.91	27.67	0.00	0.00
LBC	23	26.50	22.98	22.87	27.65	0.00	0.00
LBC	24	26.33	23.26	22.73	27.68	0.01	0.00
LBC	25	26.35	23.01	22.95	27.69	0.00	0.00
LBC	26	26.44	23.01	22.85	27.71	0.00	0.00
LBC	27	26.06	23.13	23.01	27.80	0.00	0.00
LBC	28	26.45	22.79	22.86	27.91	0.00	0.00
LBC	29	26.38	23.27	22.92	27.43	0.00	0.00
LBC	30	26.24	23.17	22.92	27.67	0.00	0.00
LBC	31	26.15	23.15	23.00	27.70	0.00	0.00
LBC	32	26.32	23.11	22.81	27.76	0.00	0.00
LBC	33	26.17	23.03	23.10	27.70	0.00	0.00
LBC	34	26.30	23.05	22.80	27.86	0.00	0.00
LBC	35	26.25	23.14	23.00	27.61	0.00	0.00
LBC	36	25.96	23.23	23.19	27.63	0.00	0.00
LBC	37	26.07	23.23	23.06	27.65	0.00	0.00
LBC	38	26.21	23.35	22.89	27.55	0.00	0.00
LBC	39	26.16	23.07	23.33	27.43	0.00	0.00
LBC	40	26.26	23.06	23.10	27.58	0.00	0.00
LBC	41	26.40	23.13	22.98	27.48	0.00	0.00
LBC	42	26.29	23.02	23.18	27.52	0.00	0.00
LBC	43	26.17	22.99	23.12	27.71	0.00	0.00
LBC	44	26.33	23.29	22.94	27.44	0.00	0.00
LBC	45	26.14	23.25	23.34	27.27	0.00	0.00
LBC	46	26.09	23.26	23.11	27.55	0.00	0.00
LBC	47	26.23	23.08	23.14	27.56	0.00	0.00
LBC	48	26.27	23.24	23.03	27.47	0.00	0.00
LBC	49	26.04	23.10	23.24	27.62	0.00	0.00
LBC	50	26.16	23.17	22.98	27.69	0.00	0.00
LBC	51	26.09	23.22	23.26	27.43	0.00	0.00
LBC	52	26.03	23.12	23.10	27.75	0.00	0.00
LBC	53	25.97	23.21	23.33	27.49	0.00	0.00
LBC	54	26.00	23.15	23.20	27.64	0.00	0.00
LBC	55	25.91	23.26	23.05	27.78	0.00	0.00
LBC	56	25.99	23.11	23.33	27.57	0.00	0.00
LBC	57	25.79	23.34	23.14	27.72	0.00	0.00
LBC	58	26.19	23.17	23.17	27.47	0.00	0.00
LBC	59	26.07	23.11	23.39	27.44	0.00	0.00
LBC	60	25.64	23.44	23.28	27.63	0.00	0.00
LBC	61	26.09	23.21	23.20	27.49	0.00	0.00
LBC	62	26.11	23.03	23.16	27.70	0.00	0.00
LBC	63	25.80	23.41	23.39	27.40	0.00	0.00
LBC	64	26.05	23.19	23.15	27.61	0.00	0.00
LBC	65	25.96	22.97	23.28	27.80	0.00	0.00
LBC	66	25.89	23.38	23.17	27.56	0.00	0.00
LBC	67	25.95	23.25	23.05	27.75	0.00	0.00
LBC	68	26.00	23.24	23.12	27.63	0.00	0.00
LBC	69	25.96	23.54	23.04	27.46	0.00	0.00
LBC	70	25.94	23.32	23.03	27.71	0.00	0.00
LBC	71	25.93	23.34	23.19	27.54	0.00	0.00
LBC	72	26.11	23.17	23.14	27.58	0.00	0.00
LBC	73	25.87	23.28	23.37	27.47	0.00	0.00
LBC	74	25.99	23.10	23.37	27.53	0.00	0.00
LBC	75	25.66	23.27	23.48	27.59	0.00	0.00
LBC	76	25.93	23.14	23.24	27.69	0.00	0.00
LBC	77	26.04	23.16	23.12	27.68	0.00	0.00
LBC	78	25.61	23.41	23.30	27.67	0.00	0.00
LBC	79	26.01	23.31	23.13	27.55	0.00	0.00
LBC	80	25.98	23.04	23.37	27.60	0.00	0.00
LBC	81	25.83	23.25	23.25	27.67	0.00	0.00
LBC	82	25.95	23.29	23.21	27.55	0.00	0.00
LBC	83	26.10	23.20	23.24	27.46	0.00	0.00
LBC	84	25.87	23.26	23.37	27.50	0.00	0.00
LBC	85	25.79	23.25	23.39	27.57	0.00	0.00
LBC	86	25.88	23.20	23.45	27.47	0.00	0.00
LBC	87	25.92	23.44	23.16	27.48	0.00	0.00
LBC	88	25.91	23.43	23.19	27.46	0.00	0.00
LBC	89	25.90	23.18	23.26	27.67	0.00	0.00
LBC	90	25.95	23.42	23.20	27.43	0.00	0.00
LBC	91	26.04	23.33	23.09	27.54	0.00	0.00
LBC	92	26.10	23.32	23.09	27.49	0.00	0.00
LBC	93	25.86	23.36	23.52	27.26	0.00	0.00
LBC	94	25.95	23.00	23.34	27.71	0.00	0.00
LBC	95	25.94	23.31	23.22	27.53	0.00	0.00
LBC	96	25.96	23.53	23.19	27.31	0.00	0.00
LBC	97	26.11	23.26	23.00	27.63	0.00	0.00
LBC	98	26.22	23.29	23.05	27.43	0.02	0.00
LBC	99	25.84	23.26	23.46	27.43	0.20	0.00
LBC	100	26.09	23.20	23.19	27.51	0.17	0.00
LBC	101	26.10	23.27	23.42	27.22	0.17	0.00
# ACGT raw counters for last fragments. Use `grep ^LTC | cut -f 2-` to extract this part. The columns are: A,C,G,T,N base counters
LTC	3288313	2896750	2889731	3461697	921
# Insert sizes. Use `grep ^IS | cut -f 2-` to extract this part. The columns are: insert size, pairs total, inward oriented pairs, outward oriented pairs, other pairs
IS	0	0	0	0	0
IS	1	0	0	0	0
IS	2	0	0	0	0
IS	3	0	0	0	0
IS	4	0	0	0	0
IS	5	0	0	0	0
IS	6	0	0	0	0
IS	7	0	0	0	0
IS	8	0	0	0	0
IS	9	0	0	0	0
IS	10	0	0	0	0
IS	11	0	0	0	0
IS	12	0	0	0	0
IS	13	0	0	0	0
IS	14	0	0	0	0
IS	15	0	0	0	0
IS	16	0	0	0	0
IS	17	0	0	0	0
IS	18	0	0	0	0
IS	19	10	10	0	0
IS	20	4	3	1	0
IS	21	5	5	0	0
IS	22	0	0	0	0
IS	23	0	0	0	0
IS	24	1	1	0	0
IS	25	2	1	1	0
IS	26	0	0	0	0
IS	27	0	0	0	0
IS	28	1	0	1	0
IS	29	0	0	0	0
IS	30	0	0	0	0
IS	31	0	0	0	0
IS	32	0	0	0	0
IS	33	0	0	0	0
IS	34	0	0	0	0
IS	35	0	0	0	0
IS	36	0	0	0	0
IS	37	0	0	0	0
IS	38	0	0	0	0
IS	39	0	0	0	0
IS	40	0	0	0	0
IS	41	1	0	1	0
IS	42	0	0	0	0
IS	43	0	0	0	0
IS	44	0	0	0	0
IS	45	0	0	0	0
IS	46	0	0	0	0
IS	47	0	0	0	0
IS	48	0	0	0	0
IS	49	0	0	0	0
IS	50	0	0	0	0
IS	51	1	1	0	0
IS	52	0	0	0	0
IS	53	0	0	0	0
IS	54	0	0	0	0
IS	55	2	2	0	0
IS	56	0	0	0	0
IS	57	1	0	1	0
IS	58	0	0	0	0
IS	59	1	0	1	0
IS	60	0	0	0	0
IS	61	2	2	0	0
IS	62	1	1	0	0
IS	63	1	0	1	0
IS	64	0	0	0	0
IS	65	0	0	0	0
IS	66	0	0	0	0
IS	67	1	1	0	0
IS	68	0	0	0	0
IS	69	0	0	0	0
IS	70	5	4	1	0
IS	71	2	2	0	0
IS	72	3	3	0	0
IS	73	5	5	0	0
IS	74	6	6	0	0
IS	75	3	3	0	0
IS	76	5	5	0	0
IS	77	7	7	0	0
IS	78	14	13	1	0
IS	79	11	11	0	0
IS	80	24	24	0	0
IS	81	25	25	0	0
IS	82	27	27	0	0
IS	83	43	43	0	0
IS	84	35	35	0	0
IS	85	36	36	0	0
IS	86	48	47	1	0
IS	87	57	57	0	0
IS	88	71	71	0	0
IS	89	78	77	1	0
IS	90	78	78	0	0
IS	91	114	114	0	0
IS	92	105	105	0	0
IS	93	129	129	0	0
IS	94	148	148	0	0
IS	95	153	153	0	0
IS	96	175	174	1	0
IS	97	175	175	0	0
IS	98	183	183	0	0
IS	99	212	211	1	0
IS	100	221	221	0	0
IS	101	227	227	0	0
IS	102	263	263	0	0
IS	103	275	275	0	0
IS	104	274	274	0	0
IS	105	350	350	0	0
IS	106	348	348	0	0
IS	107	361	361	0	0
IS	108	419	419	0	0
IS	109	398	398	0	0
IS	110	383	383	0	0
IS	111	398	398	0	0
IS	112	408	408	0	0
IS	113	473	473	0	0
IS	114	503	503	0	0
IS	115	509	509	0	0
IS	116	511	511	0	0
IS	117	531	531	0	0
IS	118	530	530	0	0
IS	119	545	545	0	0
IS	120	580	580	0	0
IS	121	617	617	0	0
IS	122	589	589	0	0
IS	123	641	641	0	0
IS	124	668	668	0	0
IS	125	674	674	0	0
IS	126	639	639	0	0
IS	127	636	636	0	0
IS	128	644	644	0	0
IS	129	696	696	0	0
IS	130	775	775	0	0
IS	131	723	723	0	0
IS	132	722	722	0	0
IS	133	785	785	0	0
IS	134	741	741	0	0
IS	135	768	768	0	0
IS	136	752	752	0	0
IS	137	749	749	0	0
IS	138	813	813	0	0
IS	139	777	777	0	0
IS	140	813	813	0	0
IS	141	820	820	0	0
IS	142	794	794	0	0
IS	143	770	770	0	0
IS	144	818	818	0	0
IS	145	801	801	0	0
IS	146	798	798	0	0
IS	147	756	756	0	0
IS	148	768	768	0	0
IS	149	775	775	0	0
IS	150	772	772	0	0
IS	151	798	798	0	0
IS	152	809	809	0	0
IS	153	775	775	0	0
IS	154	746	746	0	0
IS	155	864	864	0	0
IS	156	842	842	0	0
IS	157	837	837	0	0
IS	158	795	795	0	0
IS	159	831	831	0	0
IS	160	793	793	0	0
IS	161	763	763	0	0
IS	162	774	774	0	0
IS	163	826	826	0	0
IS	164	775	775	0	0
IS	165	790	790	0	0
IS	166	790	790	0	0
IS	167	792	792	0	0
IS	168	781	781	0	0
IS	169	776	776	0	0
IS	170	787	787	0	0
IS	171	768	768	0	0
IS	172	813	813	0	0
IS	173	779	779	0	0
IS	174	802	802	0	0
IS	175	764	764	0	0
IS	176	744	744	0	0
IS	177	748	748	0	0
IS	178	741	741	0	0
IS	179	735	735	0	0
IS	180	717	717	0	0
IS	181	707	707	0	0
IS	182	745	745	0	0
IS	183	717	717	0	0
IS	184	764	764	0	0
IS	185	711	711	0	0
IS	186	677	677	0	0
IS	187	705	705	0	0
IS	188	698	698	0	0
IS	189	692	692	0	0
IS	190	683	683	0	0
IS	191	731	731	0	0
IS	192	683	683	0	0
IS	193	666	666	0	0
IS	194	669	669	0	0
IS	195	655	655	0	0
IS	196	656	656	0	0
IS	197	655	655	0	0
IS	198	666	666	0	0
IS	199	661	661	0	0
IS	200	674	674	0	0
IS	201	609	609	0	0
IS	202	607	607	0	0
IS	203	611	611	0	0
IS	204	625	625	0	0
IS	205	624	624	0	0
IS	206	643	643	0	0
IS	207	604	604	0	0
IS	208	649	649	0	0
IS	209	597	597	0	0
IS	210	625	625	0	0
IS	211	590	590	0	0
IS	212	569	569	0	0
IS	213	585	585	0	0
IS	214	540	540	0	0
IS	215	570	570	0	0
IS	216	527	527	0	0
IS	217	530	530	0	0
IS	218	523	523	0	0
IS	219	519	519	0	0
IS	220	519	519	0	0
IS	221	505	505	0	0
IS	222	550	550	0	0
IS	223	524	524	0	0
IS	224	489	489	0	0
IS	225	470	470	0	0
IS	226	519	519	0	0
IS	227	527	527	0	0
IS	228	460	460	0	0
IS	229	473	473	0	0
IS	230	479	479	0	0
IS	231	439	439	0	0
IS	232	487	487	0	0
IS	233	480	480	0	0
IS	234	466	466	0	0
IS	235	433	433	0	0
IS	236	490	490	0	0
IS	237	392	392	0	0
IS	238	429	429	0	0
IS	239	447	447	0	0
IS	240	428	428	0	0
IS	241	381	381	0	0
IS	242	395	395	0	0
IS	243	408	408	0	0
IS	244	436	436	0	0
IS	245	390	390	0	0
IS	246	398	398	0	0
IS	247	379	379	0	0
IS	248	406	406	0	0
IS	249	367	367	0	0
IS	250	360	360	0	0
IS	251	343	343	0	0
IS	252	412	412	0	0
IS	253	339	339	0	0
IS	254	346	346	0	0
IS	255	346	346	0	0
IS	256	333	333	0	0
IS	257	384	384	0	0
IS	258	351	351	0	0
IS	259	315	315	0	0
IS	260	336	336	0	0
IS	261	289	289	0	0
IS	262	351	351	0	0
IS	263	359	359	0	0
IS	264	342	342	0	0
IS	265	318	318	0	0
IS	266	357	357	0	0
IS	267	261	261	0	0
IS	268	301	301	0	0
IS	269	329	329	0	0
IS	270	285	285	0	0
IS	271	278	278	0	0
IS	272	334	334	0	0
IS	273	298	298	0	0
IS	274	310	310	0	0
IS	275	295	295	0	0
IS	276	300	300	0	0
IS	277	271	271	0	0
IS	278	266	266	0	0
IS	279	243	243	0	0
IS	280	281	281	0	0
IS	281	270	270	0	0
IS	282	273	273	0	0
IS	283	225	225	0	0
IS	284	260	260	0	0
IS	285	239	239	0	0
IS	286	242	242	0	0
IS	287	242	242	0	0
IS	288	251	251	0	0
IS	289	246	246	0	0
IS	290	228	228	0	0
IS	291	203	203	0	0
IS	292	244	244	0	0
IS	293	214	214	0	0
IS	294	214	214	0	0
IS	295	228	228	0	0
IS	296	227	227	0	0
IS	297	225	225	0	0
IS	298	207	207	0	0
IS	299	183	183	0	0
IS	300	183	183	0	0
IS	301	212	212	0	0
IS	302	216	216	0	0
IS	303	214	214	0	0
IS	304	164	164	0	0
IS	305	198	198	0	0
IS	306	190	190	0	0
IS	307	173	173	0	0
IS	308	179	179	0	0
IS	309	222	222	0	0
IS	310	158	158	0	0
IS	311	199	199	0	0
IS	312	177	177	0	0
IS	313	160	160	0	0
IS	314	163	163	0	0
IS	315	172	172	0	0
IS	316	169	169	0	0
IS	317	146	146	0	0
IS	318	143	143	0	0
IS	319	161	161	0	0
IS	320	137	137	0	0
IS	321	136	136	0	0
IS	322	161	161	0	0
IS	323	157	157	0	0
IS	324	160	160	0	0
IS	325	152	152	0	0
IS	326	140	140	0	0
IS	327	164	164	0	0
IS	328	139	139	0	0
IS	329	128	128	0	0
IS	330	126	126	0	0
IS	331	139	139	0	0
IS	332	115	115	0	0
IS	333	125	125	0	0
IS	334	133	133	0	0
IS	335	122	122	0	0
IS	336	141	141	0	0
IS	337	114	114	0	0
IS	338	146	146	0	0
IS	339	108	108	0	0
IS	340	111	111	0	0
IS	341	126	126	0	0
IS	342	109	109	0	0
IS	343	110	110	0	0
IS	344	109	109	0	0
IS	345	128	128	0	0
IS	346	116	116	0	0
IS	347	115	115	0	0
IS	348	116	116	0	0
IS	349	110	110	0	0
IS	350	116	116	0	0
IS	351	98	98	0	0
IS	352	100	100	0	0
IS	353	96	96	0	0
IS	354	95	95	0	0
IS	355	100	100	0	0
IS	356	117	117	0	0
IS	357	89	89	0	0
IS	358	93	93	0	0
IS	359	87	87	0	0
IS	360	101	101	0	0
IS	361	96	96	0	0
IS	362	85	85	0	0
IS	363	85	85	0	0
IS	364	76	76	0	0
IS	365	94	94	0	0
IS	366	79	79	0	0
IS	367	79	79	0	0
IS	368	78	78	0	0
IS	369	69	69	0	0
IS	370	102	102	0	0
IS	371	80	80	0	0
IS	372	75	75	0	0
IS	373	98	98	0	0
IS	374	78	78	0	0
IS	375	72	72	0	0
IS	376	74	74	0	0
IS	377	84	84	0	0
IS	378	68	68	0	0
IS	379	62	62	0	0
IS	380	63	63	0	0
IS	381	57	57	0	0
IS	382	66	66	0	0
IS	383	71	71	0	0
IS	384	80	80	0	0
IS	385	62	62	0	0
IS	386	54	54	0	0
IS	387	61	61	0	0
IS	388	68	68	0	0
IS	389	50	50	0	0
IS	390	64	64	0	0
IS	391	47	47	0	0
IS	392	49	49	0	0
IS	393	41	41	0	0
IS	394	56	56	0	0
IS	395	39	39	0	0
IS	396	53	53	0	0
IS	397	57	57	0	0
IS	398	50	50	0	0
IS	399	62	62	0	0
IS	400	56	56	0	0
IS	401	49	49	0	0
IS	402	58	58	0	0
IS	403	51	51	0	0
IS	404	53	53	0	0
IS	405	65	65	0	0
IS	406	40	40	0	0
IS	407	45	45	0	0
IS	408	45	45	0	0
IS	409	44	44	0	0
IS	410	45	45	0	0
IS	411	41	41	0	0
IS	412	46	46	0	0
IS	413	45	45	0	0
IS	414	44	44	0	0
IS	415	36	36	0	0
IS	416	44	44	0	0
IS	417	38	38	0	0
IS	418	43	43	0	0
IS	419	39	39	0	0
IS	420	40	40	0	0
IS	421	35	35	0	0
IS	422	49	49	0	0
IS	423	35	35	0	0
IS	424	36	36	0	0
IS	425	45	45	0	0
IS	426	41	41	0	0
IS	427	38	38	0	0
IS	428	36	36	0	0
IS	429	34	34	0	0
IS	430	32	32	0	0
IS	431	39	39	0	0
IS	432	37	37	0	0
IS	433	31	31	0	0
IS	434	35	35	0	0
IS	435	42	42	0	0
IS	436	21	21	0	0
IS	437	39	39	0	0
IS	438	31	31	0	0
IS	439	20	20	0	0
IS	440	34	34	0	0
IS	441	29	29	0	0
IS	442	26	26	0	0
IS	443	45	45	0	0
IS	444	25	25	0	0
IS	445	30	30	0	0
IS	446	27	27	0	0
IS	447	28	28	0	0
IS	448	28	28	0	0
IS	449	33	33	0	0
IS	450	22	22	0	0
IS	451	27	27	0	0
IS	452	29	29	0	0
IS	453	21	21	0	0
IS	454	29	29	0	0
IS	455	18	18	0	0
IS	456	28	28	0	0
IS	457	20	20	0	0
IS	458	18	18	0	0
IS	459	25	24	1	0
IS	460	26	26	0	0
IS	461	28	28	0	0
IS	462	24	24	0	0
IS	463	19	19	0	0
IS	464	18	18	0	0
IS	465	24	24	0	0
IS	466	23	23	0	0
IS	467	21	21	0	0
IS	468	17	17	0	0
IS	469	12	12	0	0
IS	470	20	20	0	0
IS	471	20	20	0	0
IS	472	11	11	0	0
# Read lengths. Use `grep ^RL | cut -f 2-` to extract this part. The columns are: read length, count
RL	31	4
RL	32	4
RL	33	6
RL	34	6
RL	35	4
RL	37	2
RL	38	2
RL	39	6
RL	40	2
RL	42	4
RL	46	2
RL	48	4
RL	52	2
RL	55	4
RL	61	2
RL	62	6
RL	63	2
RL	66	2
RL	67	2
RL	70	6
RL	71	8
RL	72	8
RL	73	10
RL	74	12
RL	75	10
RL	76	10
RL	77	16
RL	78	26
RL	79	24
RL	80	50
RL	81	50
RL	82	54
RL	83	90
RL	84	72
RL	85	74
RL	86	94
RL	87	112
RL	88	142
RL	89	152
RL	90	158
RL	91	226
RL	92	218
RL	93	258
RL	94	298
RL	95	308
RL	96	338
RL	97	352
RL	98	364
RL	99	422
RL	100	448
RL	101	244168
# Read lengths - first fragments. Use `grep ^FRL | cut -f 2-` to extract this part. The columns are: read length, count
FRL	31	2
FRL	32	2
FRL	33	3
FRL	34	3
FRL	35	2
FRL	37	1
FRL	38	1
FRL	39	3
FRL	40	1
FRL	42	2
FRL	46	1
FRL	48	2
FRL	52	1
FRL	55	2
FRL	61	1
FRL	62	3
FRL	63	1
FRL	66	1
FRL	67	1
FRL	70	3
FRL	71	4
FRL	72	4
FRL	73	5
FRL	74	6
FRL	75	5
FRL	76	5
FRL	77	8
FRL	78	13
FRL	79	12
FRL	80	25
FRL	81	25
FRL	82	27
FRL	83	45
FRL	84	36
FRL	85	37
FRL	86	47
FRL	87	56
FRL	88	71
FRL	89	76
FRL	90	79
FRL	91	113
FRL	92	109
FRL	93	129
FRL	94	149
FRL	95	154
FRL	96	169
FRL	97	176
FRL	98	182
FRL	99	211
FRL	100	224
FRL	101	122084
# Read lengths - last fragments. Use `grep ^LRL | cut -f 2-` to extract this part. The columns are: read length, count
LRL	31	2
LRL	32	2
LRL	33	3
LRL	34	3
LRL	35	2
LRL	37	1
LRL	38	1
LRL	39	3
LRL	40	1
LRL	42	2
LRL	46	1
LRL	48	2
LRL	52	1
LRL	55	2
LRL	61	1
LRL	62	3
LRL	63	1
LRL	66	1
LRL	67	1
LRL	70	3
LRL	71	4
LRL	72	4
LRL	73	5
LRL	74	6
LRL	75	5
LRL	76	5
LRL	77	8
LRL	78	13
LRL	79	12
LRL	80	25
LRL	81	25
LRL	82	27
LRL	83	45
LRL	84	36
LRL	85	37
LRL	86	47
LRL	87	56
LRL	88	71
LRL	89	76
LRL	90	79
LRL	91	113
LRL	92	109
LRL	93	129
LRL	94	149
LRL	95	154
LRL	96	169
LRL	97	176
LRL	98	182
LRL	99	211
LRL	100	224
LRL	101	122084
# Mapping qualities for reads !(UNMAP|SECOND|SUPPL|QCFAIL|DUP). Use `grep ^MAPQ | cut -f 2-` to extract this part. The columns are: mapq, count
MAPQ	0	25813
MAPQ	1	43
MAPQ	2	7
MAPQ	3	132
MAPQ	4	8
MAPQ	5	14
MAPQ	6	38
MAPQ	7	72
MAPQ	8	16
MAPQ	9	139
MAPQ	10	53
MAPQ	11	20
MAPQ	12	24
MAPQ	13	48
MAPQ	14	10
MAPQ	15	111
MAPQ	16	8
MAPQ	17	28
MAPQ	18	21
MAPQ	19	53
MAPQ	20	71
MAPQ	21	182
MAPQ	22	175
MAPQ	23	162
MAPQ	24	411
MAPQ	25	1016
MAPQ	26	3
MAPQ	27	2662
MAPQ	28	4
MAPQ	29	16
MAPQ	30	19
MAPQ	31	41
MAPQ	32	6
MAPQ	33	148
MAPQ	34	7
MAPQ	35	14
MAPQ	36	20
MAPQ	37	49
MAPQ	38	17
MAPQ	39	152
MAPQ	40	2089
MAPQ	41	22
MAPQ	42	85
MAPQ	43	107
MAPQ	44	49
MAPQ	45	265
MAPQ	46	144
MAPQ	47	342
MAPQ	48	524
MAPQ	49	321
MAPQ	50	2245
MAPQ	51	86
MAPQ	52	183
MAPQ	53	53
MAPQ	54	76
MAPQ	55	234
MAPQ	56	6
MAPQ	57	355
MAPQ	58	9
MAPQ	59	24
MAPQ	60	209144
# Indel distribution. Use `grep ^ID | cut -f 2-` to extract this part. The columns are: length, number of insertions, number of deletions
ID	1	366	503
ID	2	87	131
ID	3	35	65
ID	4	31	52
ID	5	22	17
ID	6	7	21
ID	7	2	7
ID	8	2	7
ID	9	2	4
ID	10	2	6
ID	11	4	1
ID	12	3	7
ID	13	0	1
ID	14	1	2
ID	15	0	3
ID	16	1	3
ID	17	1	0
ID	18	1	1
ID	19	0	2
ID	20	1	0
ID	21	0	2
ID	23	0	1
ID	25	0	1
ID	36	0	1
# Indels per cycle. Use `grep ^IC | cut -f 2-` to extract this part. The columns are: cycle, number of insertions (fwd), .. (rev) , number of deletions (fwd), .. (rev)
IC	3	0	0	3	2
IC	4	2	1	1	0
IC	5	1	3	3	3
IC	6	1	3	4	5
IC	7	2	3	1	2
IC	8	3	3	2	1
IC	9	2	6	3	6
IC	10	3	2	3	5
IC	11	0	4	6	6
IC	12	4	3	4	4
IC	13	4	2	9	2
IC	14	4	4	3	8
IC	15	5	2	6	4
IC	16	3	4	5	7
IC	17	3	6	2	5
IC	18	1	2	4	4
IC	19	1	7	6	0
IC	20	2	3	4	6
IC	21	2	3	6	6
IC	22	5	3	2	4
IC	23	5	7	7	6
IC	24	3	4	2	3
IC	25	4	3	6	5
IC	26	3	4	6	3
IC	27	3	0	9	8
IC	28	5	2	4	5
IC	29	2	7	6	3
IC	30	4	5	2	4
IC	31	4	3	9	2
IC	32	3	2	2	4
IC	33	5	4	6	4
IC	34	2	5	4	4
IC	35	3	1	2	8
IC	36	7	4	3	1
IC	37	9	2	4	5
IC	38	2	1	4	3
IC	39	1	3	7	2
IC	40	3	7	8	3
IC	41	1	3	7	1
IC	42	4	6	5	7
IC	43	5	4	4	6
IC	44	2	0	11	3
IC	45	5	2	4	1
IC	46	3	2	3	4
IC	47	7	4	5	6
IC	48	2	1	6	9
IC	49	4	3	5	4
IC	50	5	1	4	5
IC	51	4	3	2	5
IC	52	2	3	12	5
IC	53	3	5	4	7
IC	54	3	2	4	5
IC	55	2	1	4	5
IC	56	3	4	5	6
IC	57	3	2	4	10
IC	58	4	3	4	1
IC	59	4	1	5	7
IC	60	3	3	5	5
IC	61	2	2	8	5
IC	62	4	1	6	6
IC	63	4	3	3	6
IC	64	2	3	2	5
IC	65	4	2	4	3
IC	66	4	4	10	6
IC	67	4	3	6	3
IC	68	4	2	3	4
IC	69	3	4	5	1
IC	70	2	2	3	4
IC	71	5	1	4	6
IC	72	3	2	2	6
IC	73	4	3	5	0
IC	74	2	2	8	5
IC	75	5	1	9	3
IC	76	2	2	4	4
IC	77	2	3	5	3
IC	78	2	4	9	3
IC	79	3	5	3	2
IC	80	3	2	6	2
IC	81	2	3	6	5
IC	82	2	2	4	3
IC	83	3	6	8	3
IC	84	2	2	4	0
IC	85	3	2	3	2
IC	86	2	3	8	5
IC	87	2	4	2	3
IC	88	1	1	8	5
IC	89	0	2	1	7
IC	90	0	1	3	4
IC	91	1	3	1	4
IC	92	8	1	2	2
IC	93	3	3	4	3
IC	94	4	1	2	4
IC	95	1	4	5	7
IC	96	1	4	4	4
IC	97	3	3	1	1
IC	98	1	3	0	2
# Coverage distribution. Use `grep ^COV | cut -f 2-` to extract this part.
COV	[1-1]	1	13077371
COV	[2-2]	2	3809812
COV	[3-3]	3	795055
COV	[4-4]	4	257594
COV	[5-5]	5	84713
COV	[6-6]	6	34617
COV	[7-7]	7	15521
COV	[8-8]	8	7460
COV	[9-9]	9	4187
COV	[10-10]	10	2241
COV	[11-11]	11	1390
COV	[12-12]	12	921
COV	[13-13]	13	481
COV	[14-14]	14	271
COV	[15-15]	15	126
COV	[16-16]	16	93
COV	[17-17]	17	69
COV	[18-18]	18	39
COV	[19-19]	19	9
COV	[20-20]	20	14
COV	[21-21]	21	9
# GC-depth. Use `grep ^GCD | cut -f 2-` to extract this part. The columns are: GC%, unique sequence percentiles, 10th, 25th, 50th, 75th and 90th depth percentile
GCD	0.0	0.046	0.003	0.005	0.005	0.005	0.005
GCD	1.3	0.049	0.010	0.010	0.010	0.010	0.010
GCD	18.0	0.058	0.010	0.010	0.010	0.010	0.010
GCD	19.0	0.061	0.010	0.010	0.010	0.010	0.010
GCD	20.0	0.064	0.005	0.005	0.005	0.005	0.005
GCD	21.0	0.075	0.010	0.010	0.010	0.010	0.010
GCD	22.0	0.119	0.010	0.010	0.010	0.010	0.014
GCD	23.0	0.154	0.010	0.010	0.010	0.010	0.020
GCD	24.0	0.206	0.010	0.010	0.010	0.010	0.011
GCD	25.0	0.293	0.010	0.010	0.010	0.020	0.020
GCD	26.0	0.438	0.010	0.010	0.010	0.010	0.029
GCD	27.0	0.774	0.010	0.010	0.010	0.019	0.030
GCD	28.0	1.180	0.010	0.010	0.010	0.020	0.030
GCD	29.0	1.719	0.010	0.010	0.010	0.020	0.050
GCD	30.0	2.577	0.010	0.010	0.020	0.030	0.061
GCD	31.0	3.711	0.010	0.010	0.020	0.030	0.050
GCD	32.0	5.233	0.010	0.010	0.020	0.040	0.061
GCD	33.0	7.213	0.010	0.010	0.030	0.040	0.071
GCD	34.0	9.688	0.010	0.010	0.028	0.050	0.071
GCD	35.0	12.611	0.010	0.010	0.030	0.050	0.081
GCD	36.0	16.020	0.010	0.010	0.030	0.050	0.081
GCD	37.0	19.469	0.010	0.010	0.030	0.050	0.081
GCD	38.0	23.389	0.010	0.010	0.030	0.050	0.081
GCD	39.0	27.482	0.010	0.010	0.030	0.050	0.081
GCD	40.0	31.689	0.010	0.010	0.030	0.050	0.081
GCD	41.0	35.788	0.010	0.010	0.030	0.050	0.076
GCD	42.0	40.041	0.010	0.010	0.030	0.050	0.081
GCD	43.0	44.038	0.010	0.010	0.030	0.050	0.081
GCD	44.0	47.766	0.010	0.010	0.020	0.050	0.081
GCD	45.0	51.405	0.010	0.010	0.030	0.050	0.081
GCD	46.0	54.935	0.010	0.010	0.030	0.050	0.081
GCD	47.0	58.371	0.010	0.010	0.020	0.040	0.071
GCD	48.0	61.510	0.010	0.010	0.030	0.050	0.071
GCD	49.0	64.450	0.010	0.010	0.020	0.050	0.071
GCD	50.0	68.137	0.010	0.010	0.020	0.040	0.071
GCD	51.0	70.973	0.010	0.010	0.030	0.050	0.081
GCD	52.0	73.677	0.010	0.010	0.030	0.050	0.081
GCD	53.0	76.223	0.010	0.010	0.020	0.047	0.081
GCD	54.0	78.756	0.010	0.010	0.030	0.050	0.071
GCD	55.0	81.220	0.010	0.010	0.030	0.050	0.081
GCD	56.0	83.551	0.010	0.010	0.030	0.050	0.081
GCD	57.0	85.818	0.010	0.010	0.030	0.050	0.079
GCD	58.0	87.949	0.010	0.010	0.030	0.050	0.086
GCD	59.0	90.036	0.010	0.010	0.030	0.050	0.081
GCD	60.0	91.981	0.010	0.010	0.030	0.050	0.085
GCD	61.0	93.767	0.010	0.010	0.030	0.050	0.081
GCD	62.0	95.307	0.010	0.010	0.030	0.050	0.071
GCD	63.0	96.617	0.010	0.010	0.020	0.040	0.071
GCD	64.0	97.547	0.010	0.010	0.020	0.040	0.061
GCD	65.0	98.377	0.010	0.010	0.020	0.035	0.061
GCD	66.0	98.968	0.010	0.010	0.020	0.030	0.050
GCD	67.0	99.409	0.010	0.010	0.010	0.020	0.039
GCD	68.0	99.643	0.010	0.010	0.010	0.020	0.028
GCD	69.0	99.791	0.010	0.010	0.010	0.020	0.020
GCD	70.0	99.875	0.010	0.010	0.010	0.010	0.020
GCD	71.0	99.945	0.010	0.010	0.010	0.010	0.020
GCD	72.0	99.962	0.010	0.010	0.010	0.010	0.010
GCD	73.0	99.988	0.010	0.010	0.010	0.010	0.020
GCD	74.0	99.994	0.010	0.010	0.010	0.010	0.010
GCD	75.0	99.997	0.010	0.010	0.010	0.010	0.010
GCD	76.0	100.000	0.010	0.010	0.010	0.010	0.010
