chr1	248956422	6717408	19
chr10	133797422	2713384	28
chr11	135086622	3101636	19
chr11_KI270721v1_random	100316	853	0
chr12	133275309	2905267	28
chr13	114364328	1235034	10
chr14	107043718	1808891	14
chr14_GL000009v2_random	201709	1991	0
chr14_GL000225v1_random	211173	4609	3
chr14_KI270722v1_random	194050	1310	0
chr14_GL000194v1_random	191469	2196	0
chr14_KI270723v1_random	38115	365	0
chr14_KI270724v1_random	39555	486	0
chr14_KI270725v1_random	172810	1743	0
chr14_KI270726v1_random	43739	128	1
chr15	101991189	2047146	5
chr15_KI270727v1_random	448248	12331	0
chr16	90338345	2190832	14
chr16_KI270728v1_random	1872759	14262	0
chr17	83257441	3001851	18
chr17_GL000205v2_random	185591	2590	0
chr17_KI270729v1_random	280839	5920	5
chr17_KI270730v1_random	112551	883	3
chr18	80373285	985764	6
chr19	58617616	2409125	110
chr1_KI270706v1_random	175055	1394	0
chr1_KI270707v1_random	32032	75	0
chr1_KI270708v1_random	127682	179	0
chr1_KI270709v1_random	66860	2046	0
chr1_KI270710v1_random	40176	52	0
chr1_KI270711v1_random	42210	12602	0
chr1_KI270712v1_random	176043	1941	0
chr1_KI270713v1_random	40745	3264	0
chr1_KI270714v1_random	41717	1899	0
chr2	242193529	5477053	21
chr20	64444167	1298724	12
chr21	46709983	649507	11
chr22	50818468	1187706	6
chr22_KI270731v1_random	150754	7681	0
chr22_KI270732v1_random	41543	159	0
chr22_KI270733v1_random	179772	2890	0
chr22_KI270734v1_random	165050	10051	0
chr22_KI270735v1_random	42811	580	0
chr22_KI270736v1_random	181920	1849	5
chr22_KI270737v1_random	103838	636	0
chr22_KI270738v1_random	99375	357	0
chr22_KI270739v1_random	73985	36	0
chr2_KI270715v1_random	161471	126	0
chr2_KI270716v1_random	153799	189	0
chr3	198295559	3661922	13
chr3_GL000221v1_random	155397	1299	0
chr4	190214555	2705997	16
chr4_GL000008v2_random	209709	1364	0
chr5	181538259	3049289	21
chr5_GL000208v1_random	92689	195	0
chr6	170805979	2664094	14
chr7	159345973	3142290	21
chr8	145138636	1914698	9
chr9	138394717	2554477	15
chr9_KI270717v1_random	40062	413	0
chr9_KI270718v1_random	38054	1934	0
chr9_KI270719v1_random	176845	2210	0
chr9_KI270720v1_random	39050	2752	0
chr1_KI270762v1_alt	354444	7364	0
chr1_KI270766v1_alt	256271	27055	0
chr1_KI270760v1_alt	109528	249	0
chr1_KI270765v1_alt	185285	2199	0
chr1_GL383518v1_alt	182439	6456	0
chr1_GL383519v1_alt	110268	11526	0
chr1_GL383520v2_alt	366580	2978	0
chr1_KI270764v1_alt	50258	108	0
chr1_KI270763v1_alt	911658	15937	0
chr1_KI270759v1_alt	425601	3337	0
chr1_KI270761v1_alt	165834	11337	0
chr2_KI270770v1_alt	136240	286	0
chr2_KI270773v1_alt	70887	635	0
chr2_KI270774v1_alt	223625	1925	0
chr2_KI270769v1_alt	120616	2732	0
chr2_GL383521v1_alt	143390	204	0
chr2_KI270772v1_alt	133041	983	0
chr2_KI270775v1_alt	138019	172	0
chr2_KI270771v1_alt	110395	130	0
chr2_KI270768v1_alt	110099	1491	0
chr2_GL582966v2_alt	96131	2991	0
chr2_GL383522v1_alt	123821	4300	0
chr2_KI270776v1_alt	174166	2353	0
chr2_KI270767v1_alt	161578	597	0
chr3_JH636055v2_alt	173151	2822	0
chr3_KI270783v1_alt	109187	146	0
chr3_KI270780v1_alt	224108	790	0
chr3_GL383526v1_alt	180671	1172	0
chr3_KI270777v1_alt	173649	2697	0
chr3_KI270778v1_alt	248252	215	0
chr3_KI270781v1_alt	113034	235	0
chr3_KI270779v1_alt	205312	20245	0
chr3_KI270782v1_alt	162429	1006	0
chr3_KI270784v1_alt	184404	4435	0
chr4_KI270790v1_alt	220246	306	0
chr4_GL383528v1_alt	376187	381	0
chr4_KI270787v1_alt	111943	170	0
chr4_GL000257v2_alt	586476	16828	0
chr4_KI270788v1_alt	158965	174	0
chr4_GL383527v1_alt	164536	2885	0
chr4_KI270785v1_alt	119912	164	0
chr4_KI270789v1_alt	205944	623	0
chr4_KI270786v1_alt	244096	207	0
chr5_KI270793v1_alt	126136	665	0
chr5_KI270792v1_alt	179043	3167	0
chr5_KI270791v1_alt	195710	4453	0
chr5_GL383532v1_alt	82728	68	0
chr5_GL949742v1_alt	226852	290	0
chr5_KI270794v1_alt	164558	1341	0
chr5_GL339449v2_alt	1612928	47272	0
chr5_GL383530v1_alt	101241	144	0
chr5_KI270796v1_alt	172708	205	0
chr5_GL383531v1_alt	173459	156	0
chr5_KI270795v1_alt	131892	3484	0
chr6_GL000250v2_alt	4672374	21110	0
chr6_KI270800v1_alt	175808	1521	0
chr6_KI270799v1_alt	152148	130	0
chr6_GL383533v1_alt	124736	658	0
chr6_KI270801v1_alt	870480	6401	0
chr6_KI270802v1_alt	75005	205	0
chr6_KB021644v2_alt	185823	402	0
chr6_KI270797v1_alt	197536	2664	0
chr6_KI270798v1_alt	271782	2735	0
chr7_KI270804v1_alt	157952	366	0
chr7_KI270809v1_alt	209586	7088	0
chr7_KI270806v1_alt	158166	4305	0
chr7_GL383534v2_alt	119183	2889	0
chr7_KI270803v1_alt	1111570	19553	0
chr7_KI270808v1_alt	271455	1160	0
chr7_KI270807v1_alt	126434	278	0
chr7_KI270805v1_alt	209988	504	0
chr8_KI270818v1_alt	145606	363	0
chr8_KI270812v1_alt	282736	686	0
chr8_KI270811v1_alt	292436	722	0
chr8_KI270821v1_alt	985506	9172	0
chr8_KI270813v1_alt	300230	23773	0
chr8_KI270822v1_alt	624492	7476	0
chr8_KI270814v1_alt	141812	502	0
chr8_KI270810v1_alt	374415	446	0
chr8_KI270819v1_alt	133535	1998	0
chr8_KI270820v1_alt	36640	243	0
chr8_KI270817v1_alt	158983	1191	1
chr8_KI270816v1_alt	305841	10202	0
chr8_KI270815v1_alt	132244	1285	0
chr9_GL383539v1_alt	162988	1014	0
chr9_GL383540v1_alt	71551	1202	0
chr9_GL383541v1_alt	171286	1256	0
chr9_GL383542v1_alt	60032	523	0
chr9_KI270823v1_alt	439082	2136	0
chr10_GL383545v1_alt	179254	1575	0
chr10_KI270824v1_alt	181496	1042	0
chr10_GL383546v1_alt	309802	3581	0
chr10_KI270825v1_alt	188315	3806	0
chr11_KI270832v1_alt	210133	7907	0
chr11_KI270830v1_alt	177092	1724	0
chr11_KI270831v1_alt	296895	5731	0
chr11_KI270829v1_alt	204059	2842	0
chr11_GL383547v1_alt	154407	140	0
chr11_JH159136v1_alt	200998	6869	0
chr11_JH159137v1_alt	191409	2047	0
chr11_KI270827v1_alt	67707	129	0
chr11_KI270826v1_alt	186169	335	0
chr12_GL877875v1_alt	167313	3237	0
chr12_GL877876v1_alt	408271	8576	0
chr12_KI270837v1_alt	40090	1313	0
chr12_GL383549v1_alt	120804	162	0
chr12_KI270835v1_alt	238139	1080	0
chr12_GL383550v2_alt	169178	1019	0
chr12_GL383552v1_alt	138655	784	0
chr12_GL383553v2_alt	152874	1840	0
chr12_KI270834v1_alt	119498	6633	0
chr12_GL383551v1_alt	184319	269	0
chr12_KI270833v1_alt	76061	2045	0
chr12_KI270836v1_alt	56134	133	0
chr13_KI270840v1_alt	191684	1182	0
chr13_KI270839v1_alt	180306	754	0
chr13_KI270843v1_alt	103832	88	0
chr13_KI270841v1_alt	169134	179	0
chr13_KI270838v1_alt	306913	2067	0
chr13_KI270842v1_alt	37287	84	0
chr14_KI270844v1_alt	322166	4681	0
chr14_KI270847v1_alt	1511111	24356	0
chr14_KI270845v1_alt	180703	940	0
chr14_KI270846v1_alt	1351393	26902	0
chr15_KI270852v1_alt	478999	12989	0
chr15_KI270851v1_alt	263054	12064	0
chr15_KI270848v1_alt	327382	5852	0
chr15_GL383554v1_alt	296527	4226	0
chr15_KI270849v1_alt	244917	3911	0
chr15_GL383555v2_alt	388773	2912	0
chr15_KI270850v1_alt	430880	6186	0
chr16_KI270854v1_alt	134193	2104	0
chr16_KI270856v1_alt	63982	197	0
chr16_KI270855v1_alt	232857	5683	0
chr16_KI270853v1_alt	2659700	105178	1
chr16_GL383556v1_alt	192462	6097	0
chr16_GL383557v1_alt	89672	1581	0
chr17_GL383563v3_alt	375691	1975	0
chr17_KI270862v1_alt	391357	4092	0
chr17_KI270861v1_alt	196688	10251	0
chr17_KI270857v1_alt	2877074	58924	1
chr17_JH159146v1_alt	278131	11184	0
chr17_JH159147v1_alt	70345	4806	0
chr17_GL383564v2_alt	133151	4940	0
chr17_GL000258v2_alt	1821992	19085	0
chr17_GL383565v1_alt	223995	264	0
chr17_KI270858v1_alt	235827	332	0
chr17_KI270859v1_alt	108763	217	0
chr17_GL383566v1_alt	90219	195	0
chr17_KI270860v1_alt	178921	2903	0
chr18_KI270864v1_alt	111737	88	0
chr18_GL383567v1_alt	289831	1215	0
chr18_GL383570v1_alt	164789	210	0
chr18_GL383571v1_alt	198278	1854	0
chr18_GL383568v1_alt	104552	122	0
chr18_GL383569v1_alt	167950	268	0
chr18_GL383572v1_alt	159547	567	0
chr18_KI270863v1_alt	167999	1278	0
chr19_KI270868v1_alt	61734	920	0
chr19_KI270865v1_alt	52969	1271	0
chr19_GL383573v1_alt	385657	1920	0
chr19_GL383575v2_alt	170222	1343	0
chr19_GL383576v1_alt	188024	1349	0
chr19_GL383574v1_alt	155864	1578	0
chr19_KI270866v1_alt	43156	1175	0
chr19_KI270867v1_alt	233762	2775	0
chr19_GL949746v1_alt	987716	11363	0
chr20_GL383577v2_alt	128386	210	0
chr20_KI270869v1_alt	118774	2302	0
chr20_KI270871v1_alt	58661	1137	0
chr20_KI270870v1_alt	183433	3831	0
chr21_GL383578v2_alt	63917	79	0
chr21_KI270874v1_alt	166743	214	0
chr21_KI270873v1_alt	143900	392	0
chr21_GL383579v2_alt	201197	192	0
chr21_GL383580v2_alt	74653	1172	0
chr21_GL383581v2_alt	116689	3481	0
chr21_KI270872v1_alt	82692	1604	0
chr22_KI270875v1_alt	259914	4313	0
chr22_KI270878v1_alt	186262	1580	0
chr22_KI270879v1_alt	304135	13682	0
chr22_KI270876v1_alt	263666	2592	0
chr22_KI270877v1_alt	101331	1376	0
chr22_GL383583v2_alt	96924	1159	0
chr22_GL383582v2_alt	162811	4494	0
chrX_KI270880v1_alt	284869	991	0
chrX_KI270881v1_alt	144206	820	0
chr19_KI270882v1_alt	248807	339	0
chr19_KI270883v1_alt	170399	593	0
chr19_KI270884v1_alt	157053	326	0
chr19_KI270885v1_alt	171027	819	0
chr19_KI270886v1_alt	204239	352	0
chr19_KI270887v1_alt	209512	589	0
chr19_KI270888v1_alt	155532	710	0
chr19_KI270889v1_alt	170698	775	0
chr19_KI270890v1_alt	184499	256	0
chr19_KI270891v1_alt	170680	677	0
chr1_KI270892v1_alt	162212	11230	0
chr2_KI270894v1_alt	214158	3624	0
chr2_KI270893v1_alt	161218	600	0
chr3_KI270895v1_alt	162896	5610	0
chr4_KI270896v1_alt	378547	5322	0
chr5_KI270897v1_alt	1144418	29438	0
chr5_KI270898v1_alt	130957	3762	0
chr6_GL000251v2_alt	4795265	56870	0
chr7_KI270899v1_alt	190869	2945	0
chr8_KI270901v1_alt	136959	376	0
chr8_KI270900v1_alt	318687	1096	0
chr11_KI270902v1_alt	106711	14310	0
chr11_KI270903v1_alt	214625	1804	0
chr12_KI270904v1_alt	572349	9523	0
chr15_KI270906v1_alt	196384	1902	0
chr15_KI270905v1_alt	5161414	78735	0
chr17_KI270907v1_alt	137721	383	0
chr17_KI270910v1_alt	157099	2104	0
chr17_KI270909v1_alt	325800	6419	0
chr17_JH159148v1_alt	88070	3467	0
chr17_KI270908v1_alt	1423190	30721	0
chr18_KI270912v1_alt	174061	329	0
chr18_KI270911v1_alt	157710	468	0
chr19_GL949747v2_alt	729520	5194	0
chr22_KB663609v1_alt	74013	3190	0
chrX_KI270913v1_alt	274009	1643	0
chr19_KI270914v1_alt	205194	298	0
chr19_KI270915v1_alt	170665	1034	0
chr19_KI270916v1_alt	184516	313	0
chr19_KI270917v1_alt	190932	902	0
chr19_KI270918v1_alt	123111	429	0
chr19_KI270919v1_alt	170701	582	0
chr19_KI270920v1_alt	198005	674	0
chr19_KI270921v1_alt	282224	466	0
chr19_KI270922v1_alt	187935	804	0
chr19_KI270923v1_alt	189352	565	0
chr3_KI270924v1_alt	166540	9045	0
chr4_KI270925v1_alt	555799	1225	0
chr6_GL000252v2_alt	4604811	53157	1
chr8_KI270926v1_alt	229282	1518	0
chr11_KI270927v1_alt	218612	12707	0
chr19_GL949748v2_alt	1064304	2802	0
chr22_KI270928v1_alt	176103	5148	0
chr19_KI270929v1_alt	186203	766	0
chr19_KI270930v1_alt	200773	350	0
chr19_KI270931v1_alt	170148	695	0
chr19_KI270932v1_alt	215732	323	0
chr19_KI270933v1_alt	170537	382	0
chr19_GL000209v2_alt	177381	266	0
chr3_KI270934v1_alt	163458	5602	0
chr6_GL000253v2_alt	4677643	32813	1
chr19_GL949749v2_alt	1091841	2710	0
chr3_KI270935v1_alt	197351	5768	0
chr6_GL000254v2_alt	4827813	46745	0
chr19_GL949750v2_alt	1066390	2656	0
chr3_KI270936v1_alt	164170	5469	0
chr6_GL000255v2_alt	4606388	47488	0
chr19_GL949751v2_alt	1002683	2892	0
chr3_KI270937v1_alt	165607	5198	1
chr6_GL000256v2_alt	4929269	50731	0
chr19_GL949752v1_alt	987100	13564	0
chr6_KI270758v1_alt	76752	470	0
chr19_GL949753v2_alt	796479	7269	0
chr19_KI270938v1_alt	1066800	13543	0
chrM	16569	13023	0
chrUn_KI270302v1	2274	0	0
chrUn_KI270304v1	2165	2	0
chrUn_KI270303v1	1942	0	0
chrUn_KI270305v1	1472	2	0
chrUn_KI270322v1	21476	4	0
chrUn_KI270320v1	4416	32	0
chrUn_KI270310v1	1201	14	0
chrUn_KI270316v1	1444	0	0
chrUn_KI270315v1	2276	0	0
chrUn_KI270312v1	998	1	0
chrUn_KI270311v1	12399	0	0
chrUn_KI270317v1	37690	2	0
chrUn_KI270412v1	1179	2	0
chrUn_KI270411v1	2646	6	0
chrUn_KI270414v1	2489	0	0
chrUn_KI270419v1	1029	0	0
chrUn_KI270418v1	2145	2	0
chrUn_KI270420v1	2321	6	0
chrUn_KI270424v1	2140	2	0
chrUn_KI270417v1	2043	10	0
chrUn_KI270422v1	1445	12	0
chrUn_KI270423v1	981	2	0
chrUn_KI270425v1	1884	2	0
chrUn_KI270429v1	1361	15	0
chrUn_KI270442v1	392061	5555	2
chrUn_KI270466v1	1233	101	0
chrUn_KI270465v1	1774	10	0
chrUn_KI270467v1	3920	420	0
chrUn_KI270435v1	92983	290	0
chrUn_KI270438v1	112505	9350	3
chrUn_KI270468v1	4055	9	0
chrUn_KI270510v1	2415	14	0
chrUn_KI270509v1	2318	4	0
chrUn_KI270518v1	2186	4	0
chrUn_KI270508v1	1951	10	0
chrUn_KI270516v1	1300	18	0
chrUn_KI270512v1	22689	59	0
chrUn_KI270519v1	138126	322	0
chrUn_KI270522v1	5674	12	0
chrUn_KI270511v1	8127	5	0
chrUn_KI270515v1	6361	34	0
chrUn_KI270507v1	5353	12	0
chrUn_KI270517v1	3253	14	0
chrUn_KI270529v1	1899	0	0
chrUn_KI270528v1	2983	10	0
chrUn_KI270530v1	2168	0	0
chrUn_KI270539v1	993	0	0
chrUn_KI270538v1	91309	208	0
chrUn_KI270544v1	1202	0	0
chrUn_KI270548v1	1599	0	0
chrUn_KI270583v1	1400	2	0
chrUn_KI270587v1	2969	2	0
chrUn_KI270580v1	1553	4	0
chrUn_KI270581v1	7046	14	0
chrUn_KI270579v1	31033	22	0
chrUn_KI270589v1	44474	211	0
chrUn_KI270590v1	4685	27	0
chrUn_KI270584v1	4513	22	0
chrUn_KI270582v1	6504	16	0
chrUn_KI270588v1	6158	19	0
chrUn_KI270593v1	3041	12	0
chrUn_KI270591v1	5796	60	0
chrUn_KI270330v1	1652	96	0
chrUn_KI270329v1	1040	0	0
chrUn_KI270334v1	1368	0	0
chrUn_KI270333v1	2699	123	0
chrUn_KI270335v1	1048	2	0
chrUn_KI270338v1	1428	0	0
chrUn_KI270340v1	1428	6	0
chrUn_KI270336v1	1026	41	0
chrUn_KI270337v1	1121	183	0
chrUn_KI270363v1	1803	0	0
chrUn_KI270364v1	2855	1	0
chrUn_KI270362v1	3530	6	0
chrUn_KI270366v1	8320	3	0
chrUn_KI270378v1	1048	0	0
chrUn_KI270379v1	1045	0	0
chrUn_KI270389v1	1298	0	0
chrUn_KI270390v1	2387	0	0
chrUn_KI270387v1	1537	2	0
chrUn_KI270395v1	1143	6	0
chrUn_KI270396v1	1880	8	0
chrUn_KI270388v1	1216	2	0
chrUn_KI270394v1	970	0	0
chrUn_KI270386v1	1788	0	0
chrUn_KI270391v1	1484	0	0
chrUn_KI270383v1	1750	2	0
chrUn_KI270393v1	1308	4	0
chrUn_KI270384v1	1658	2	0
chrUn_KI270392v1	971	0	0
chrUn_KI270381v1	1930	0	0
chrUn_KI270385v1	990	0	0
chrUn_KI270382v1	4215	0	0
chrUn_KI270376v1	1136	0	0
chrUn_KI270374v1	2656	0	0
chrUn_KI270372v1	1650	0	0
chrUn_KI270373v1	1451	0	0
chrUn_KI270375v1	2378	4	0
chrUn_KI270371v1	2805	2	0
chrUn_KI270448v1	7992	16	0
chrUn_KI270521v1	7642	8	0
chrUn_GL000195v1	182896	803	0
chrUn_GL000219v1	179198	3478	0
chrUn_GL000220v1	161802	2977	0
chrUn_GL000224v1	179693	2714	0
chrUn_KI270741v1	157432	245	0
chrUn_GL000226v1	15008	136	0
chrUn_GL000213v1	164239	9572	0
chrUn_KI270743v1	210658	896	0
chrUn_KI270744v1	168472	2368	0
chrUn_KI270745v1	41891	76	0
chrUn_KI270746v1	66486	13741	0
chrUn_KI270747v1	198735	466	0
chrUn_KI270748v1	93321	208	0
chrUn_KI270749v1	158759	1610	0
chrUn_KI270750v1	148850	3496	0
chrUn_KI270751v1	150742	1125	0
chrUn_KI270752v1	27745	0	0
chrUn_KI270753v1	62944	315	0
chrUn_KI270754v1	40191	1249	0
chrUn_KI270755v1	36723	28	0
chrUn_KI270756v1	79590	381	0
chrUn_KI270757v1	71251	284	0
chrUn_GL000214v1	137718	1205	0
chrUn_KI270742v1	186739	1747	0
chrUn_GL000216v2	176608	3774	8
chrUn_GL000218v1	161147	2748	0
chrX	156040895	2097704	8
chrY	57227415	279887	34
chrY_KI270740v1_random	37240	22	0
*	0	0	79648
