chr1	248956422	8105190	2742
chr10	133797422	3782503	1258
chr11	135086622	4168086	1508
chr11_KI270721v1_random	100316	600	0
chr12	133275309	4309081	1485
chr13	114364328	1812675	696
chr14	107043718	2339134	855
chr14_GL000009v2_random	201709	6659	0
chr14_GL000225v1_random	211173	4329	23
chr14_KI270722v1_random	194050	520	0
chr14_GL000194v1_random	191469	3468	2
chr14_KI270723v1_random	38115	770	2
chr14_KI270724v1_random	39555	574	0
chr14_KI270725v1_random	172810	827	1
chr14_KI270726v1_random	43739	109	0
chr15	101991189	2469361	848
chr15_KI270727v1_random	448248	10986	7
chr16	90338345	2401604	899
chr16_KI270728v1_random	1872759	22967	5
chr17	83257441	3627321	1190
chr17_GL000205v2_random	185591	9791	6
chr17_KI270729v1_random	280839	2552	11
chr17_KI270730v1_random	112551	691	0
chr18	80373285	1339405	538
chr19	58617616	3032180	1093
chr1_KI270706v1_random	175055	6594	2
chr1_KI270707v1_random	32032	63	0
chr1_KI270708v1_random	127682	317	0
chr1_KI270709v1_random	66860	1437	4
chr1_KI270710v1_random	40176	92	0
chr1_KI270711v1_random	42210	14953	3
chr1_KI270712v1_random	176043	1315	1
chr1_KI270713v1_random	40745	3916	1
chr1_KI270714v1_random	41717	3275	0
chr2	242193529	5419463	1925
chr20	64444167	1889276	716
chr21	46709983	866901	339
chr22	50818468	1314002	454
chr22_KI270731v1_random	150754	2552	2
chr22_KI270732v1_random	41543	327	1
chr22_KI270733v1_random	179772	6532	4
chr22_KI270734v1_random	165050	4341	4
chr22_KI270735v1_random	42811	478	1
chr22_KI270736v1_random	181920	1618	10
chr22_KI270737v1_random	103838	288	0
chr22_KI270738v1_random	99375	198	0
chr22_KI270739v1_random	73985	43	0
chr2_KI270715v1_random	161471	183	0
chr2_KI270716v1_random	153799	174	0
chr3	198295559	4460747	1505
chr3_GL000221v1_random	155397	9252	2
chr4	190214555	3300705	1256
chr4_GL000008v2_random	209709	6135	4
chr5	181538259	3560779	1380
chr5_GL000208v1_random	92689	140	0
chr6	170805979	3989922	1457
chr7	159345973	3900556	1415
chr8	145138636	2720576	990
chr9	138394717	3485091	1213
chr9_KI270717v1_random	40062	146	0
chr9_KI270718v1_random	38054	2275	2
chr9_KI270719v1_random	176845	1556	2
chr9_KI270720v1_random	39050	2435	0
chr1_KI270762v1_alt	354444	5203	4
chr1_KI270766v1_alt	256271	13974	5
chr1_KI270760v1_alt	109528	334	0
chr1_KI270765v1_alt	185285	1051	1
chr1_GL383518v1_alt	182439	10461	1
chr1_GL383519v1_alt	110268	10076	3
chr1_GL383520v2_alt	366580	4789	1
chr1_KI270764v1_alt	50258	92	0
chr1_KI270763v1_alt	911658	8669	2
chr1_KI270759v1_alt	425601	962	0
chr1_KI270761v1_alt	165834	5875	3
chr2_KI270770v1_alt	136240	301	0
chr2_KI270773v1_alt	70887	121	0
chr2_KI270774v1_alt	223625	2725	2
chr2_KI270769v1_alt	120616	2162	0
chr2_GL383521v1_alt	143390	268	0
chr2_KI270772v1_alt	133041	563	0
chr2_KI270775v1_alt	138019	174	1
chr2_KI270771v1_alt	110395	122	0
chr2_KI270768v1_alt	110099	1206	0
chr2_GL582966v2_alt	96131	204	0
chr2_GL383522v1_alt	123821	2705	0
chr2_KI270776v1_alt	174166	1041	1
chr2_KI270767v1_alt	161578	488	1
chr3_JH636055v2_alt	173151	4681	0
chr3_KI270783v1_alt	109187	149	0
chr3_KI270780v1_alt	224108	1054	1
chr3_GL383526v1_alt	180671	1790	0
chr3_KI270777v1_alt	173649	1128	0
chr3_KI270778v1_alt	248252	227	0
chr3_KI270781v1_alt	113034	286	0
chr3_KI270779v1_alt	205312	2774	3
chr3_KI270782v1_alt	162429	1636	0
chr3_KI270784v1_alt	184404	2297	0
chr4_KI270790v1_alt	220246	261	0
chr4_GL383528v1_alt	376187	396	0
chr4_KI270787v1_alt	111943	167	0
chr4_GL000257v2_alt	586476	18000	5
chr4_KI270788v1_alt	158965	191	0
chr4_GL383527v1_alt	164536	5559	2
chr4_KI270785v1_alt	119912	185	0
chr4_KI270789v1_alt	205944	1022	1
chr4_KI270786v1_alt	244096	255	0
chr5_KI270793v1_alt	126136	817	0
chr5_KI270792v1_alt	179043	3259	2
chr5_KI270791v1_alt	195710	6559	3
chr5_GL383532v1_alt	82728	89	0
chr5_GL949742v1_alt	226852	247	1
chr5_KI270794v1_alt	164558	1791	1
chr5_GL339449v2_alt	1612928	30874	11
chr5_GL383530v1_alt	101241	151	0
chr5_KI270796v1_alt	172708	267	0
chr5_GL383531v1_alt	173459	198	0
chr5_KI270795v1_alt	131892	1494	0
chr6_GL000250v2_alt	4672374	27138	14
chr6_KI270800v1_alt	175808	648	2
chr6_KI270799v1_alt	152148	146	0
chr6_GL383533v1_alt	124736	1008	2
chr6_KI270801v1_alt	870480	10814	5
chr6_KI270802v1_alt	75005	142	0
chr6_KB021644v2_alt	185823	390	1
chr6_KI270797v1_alt	197536	6403	1
chr6_KI270798v1_alt	271782	4641	3
chr7_KI270804v1_alt	157952	328	0
chr7_KI270809v1_alt	209586	6908	3
chr7_KI270806v1_alt	158166	4737	1
chr7_GL383534v2_alt	119183	2693	0
chr7_KI270803v1_alt	1111570	19839	6
chr7_KI270808v1_alt	271455	1732	0
chr7_KI270807v1_alt	126434	371	0
chr7_KI270805v1_alt	209988	571	2
chr8_KI270818v1_alt	145606	452	0
chr8_KI270812v1_alt	282736	773	0
chr8_KI270811v1_alt	292436	653	0
chr8_KI270821v1_alt	985506	14777	2
chr8_KI270813v1_alt	300230	12954	4
chr8_KI270822v1_alt	624492	10431	1
chr8_KI270814v1_alt	141812	474	0
chr8_KI270810v1_alt	374415	469	0
chr8_KI270819v1_alt	133535	1118	1
chr8_KI270820v1_alt	36640	205	1
chr8_KI270817v1_alt	158983	1790	1
chr8_KI270816v1_alt	305841	6842	2
chr8_KI270815v1_alt	132244	471	0
chr9_GL383539v1_alt	162988	950	0
chr9_GL383540v1_alt	71551	2974	2
chr9_GL383541v1_alt	171286	2540	0
chr9_GL383542v1_alt	60032	1048	1
chr9_KI270823v1_alt	439082	4080	1
chr10_GL383545v1_alt	179254	1898	1
chr10_KI270824v1_alt	181496	1087	0
chr10_GL383546v1_alt	309802	4439	2
chr10_KI270825v1_alt	188315	6455	2
chr11_KI270832v1_alt	210133	7995	1
chr11_KI270830v1_alt	177092	1022	0
chr11_KI270831v1_alt	296895	7627	4
chr11_KI270829v1_alt	204059	4699	1
chr11_GL383547v1_alt	154407	163	0
chr11_JH159136v1_alt	200998	8566	2
chr11_JH159137v1_alt	191409	2946	1
chr11_KI270827v1_alt	67707	183	1
chr11_KI270826v1_alt	186169	454	1
chr12_GL877875v1_alt	167313	2250	0
chr12_GL877876v1_alt	408271	6657	0
chr12_KI270837v1_alt	40090	1413	0
chr12_GL383549v1_alt	120804	161	0
chr12_KI270835v1_alt	238139	1940	0
chr12_GL383550v2_alt	169178	1008	0
chr12_GL383552v1_alt	138655	886	0
chr12_GL383553v2_alt	152874	4733	2
chr12_KI270834v1_alt	119498	1232	3
chr12_GL383551v1_alt	184319	286	1
chr12_KI270833v1_alt	76061	4159	0
chr12_KI270836v1_alt	56134	169	0
chr13_KI270840v1_alt	191684	3628	0
chr13_KI270839v1_alt	180306	367	1
chr13_KI270843v1_alt	103832	106	0
chr13_KI270841v1_alt	169134	150	0
chr13_KI270838v1_alt	306913	3509	1
chr13_KI270842v1_alt	37287	120	0
chr14_KI270844v1_alt	322166	9404	2
chr14_KI270847v1_alt	1511111	40705	17
chr14_KI270845v1_alt	180703	742	1
chr14_KI270846v1_alt	1351393	3749	5
chr15_KI270852v1_alt	478999	11146	6
chr15_KI270851v1_alt	263054	14964	4
chr15_KI270848v1_alt	327382	10280	3
chr15_GL383554v1_alt	296527	7245	1
chr15_KI270849v1_alt	244917	4004	0
chr15_GL383555v2_alt	388773	3058	1
chr15_KI270850v1_alt	430880	8830	5
chr16_KI270854v1_alt	134193	2113	1
chr16_KI270856v1_alt	63982	164	0
chr16_KI270855v1_alt	232857	7075	7
chr16_KI270853v1_alt	2659700	68304	20
chr16_GL383556v1_alt	192462	6261	2
chr16_GL383557v1_alt	89672	3025	1
chr17_GL383563v3_alt	375691	1332	1
chr17_KI270862v1_alt	391357	7684	5
chr17_KI270861v1_alt	196688	12316	7
chr17_KI270857v1_alt	2877074	88005	26
chr17_JH159146v1_alt	278131	12689	2
chr17_JH159147v1_alt	70345	2973	1
chr17_GL383564v2_alt	133151	9836	6
chr17_GL000258v2_alt	1821992	19040	6
chr17_GL383565v1_alt	223995	242	1
chr17_KI270858v1_alt	235827	476	1
chr17_KI270859v1_alt	108763	426	1
chr17_GL383566v1_alt	90219	205	0
chr17_KI270860v1_alt	178921	2019	2
chr18_KI270864v1_alt	111737	114	1
chr18_GL383567v1_alt	289831	1434	0
chr18_GL383570v1_alt	164789	255	0
chr18_GL383571v1_alt	198278	1947	2
chr18_GL383568v1_alt	104552	138	0
chr18_GL383569v1_alt	167950	261	0
chr18_GL383572v1_alt	159547	495	0
chr18_KI270863v1_alt	167999	1725	0
chr19_KI270868v1_alt	61734	1209	1
chr19_KI270865v1_alt	52969	141	0
chr19_GL383573v1_alt	385657	3929	0
chr19_GL383575v2_alt	170222	2063	0
chr19_GL383576v1_alt	188024	1952	0
chr19_GL383574v1_alt	155864	3188	0
chr19_KI270866v1_alt	43156	2235	1
chr19_KI270867v1_alt	233762	4428	1
chr19_GL949746v1_alt	987716	20520	2
chr20_GL383577v2_alt	128386	290	0
chr20_KI270869v1_alt	118774	3640	1
chr20_KI270871v1_alt	58661	1626	1
chr20_KI270870v1_alt	183433	5443	1
chr21_GL383578v2_alt	63917	90	0
chr21_KI270874v1_alt	166743	194	0
chr21_KI270873v1_alt	143900	933	1
chr21_GL383579v2_alt	201197	240	0
chr21_GL383580v2_alt	74653	486	0
chr21_GL383581v2_alt	116689	5551	1
chr21_KI270872v1_alt	82692	2729	1
chr22_KI270875v1_alt	259914	4805	2
chr22_KI270878v1_alt	186262	1592	2
chr22_KI270879v1_alt	304135	9247	2
chr22_KI270876v1_alt	263666	4495	1
chr22_KI270877v1_alt	101331	2586	1
chr22_GL383583v2_alt	96924	2008	2
chr22_GL383582v2_alt	162811	4238	3
chrX_KI270880v1_alt	284869	369	0
chrX_KI270881v1_alt	144206	2163	0
chr19_KI270882v1_alt	248807	1054	0
chr19_KI270883v1_alt	170399	2146	0
chr19_KI270884v1_alt	157053	871	0
chr19_KI270885v1_alt	171027	2906	2
chr19_KI270886v1_alt	204239	1015	0
chr19_KI270887v1_alt	209512	1996	1
chr19_KI270888v1_alt	155532	1942	0
chr19_KI270889v1_alt	170698	2835	1
chr19_KI270890v1_alt	184499	672	0
chr19_KI270891v1_alt	170680	2634	1
chr1_KI270892v1_alt	162212	5810	2
chr2_KI270894v1_alt	214158	990	0
chr2_KI270893v1_alt	161218	525	0
chr3_KI270895v1_alt	162896	2270	1
chr4_KI270896v1_alt	378547	3637	3
chr5_KI270897v1_alt	1144418	19210	3
chr5_KI270898v1_alt	130957	1585	1
chr6_GL000251v2_alt	4795265	65026	26
chr7_KI270899v1_alt	190869	335	0
chr8_KI270901v1_alt	136959	360	0
chr8_KI270900v1_alt	318687	492	0
chr11_KI270902v1_alt	106711	497	0
chr11_KI270903v1_alt	214625	1457	0
chr12_KI270904v1_alt	572349	9168	4
chr15_KI270906v1_alt	196384	3532	1
chr15_KI270905v1_alt	5161414	74572	30
chr17_KI270907v1_alt	137721	549	0
chr17_KI270910v1_alt	157099	4260	1
chr17_KI270909v1_alt	325800	22234	6
chr17_JH159148v1_alt	88070	723	0
chr17_KI270908v1_alt	1423190	32391	10
chr18_KI270912v1_alt	174061	283	0
chr18_KI270911v1_alt	157710	408	0
chr19_GL949747v2_alt	729520	8641	2
chr22_KB663609v1_alt	74013	2019	1
chrX_KI270913v1_alt	274009	528	2
chr19_KI270914v1_alt	205194	1441	1
chr19_KI270915v1_alt	170665	2942	0
chr19_KI270916v1_alt	184516	830	0
chr19_KI270917v1_alt	190932	3126	1
chr19_KI270918v1_alt	123111	1607	0
chr19_KI270919v1_alt	170701	2169	1
chr19_KI270920v1_alt	198005	3479	0
chr19_KI270921v1_alt	282224	1490	0
chr19_KI270922v1_alt	187935	2605	0
chr19_KI270923v1_alt	189352	1414	0
chr3_KI270924v1_alt	166540	3396	1
chr4_KI270925v1_alt	555799	1635	1
chr6_GL000252v2_alt	4604811	62667	35
chr8_KI270926v1_alt	229282	1145	1
chr11_KI270927v1_alt	218612	603	1
chr19_GL949748v2_alt	1064304	4282	1
chr22_KI270928v1_alt	176103	5006	0
chr19_KI270929v1_alt	186203	2880	1
chr19_KI270930v1_alt	200773	1107	0
chr19_KI270931v1_alt	170148	2573	0
chr19_KI270932v1_alt	215732	1290	2
chr19_KI270933v1_alt	170537	2672	1
chr19_GL000209v2_alt	177381	852	1
chr3_KI270934v1_alt	163458	2132	1
chr6_GL000253v2_alt	4677643	44071	15
chr19_GL949749v2_alt	1091841	4536	2
chr3_KI270935v1_alt	197351	2599	2
chr6_GL000254v2_alt	4827813	63317	25
chr19_GL949750v2_alt	1066390	4215	4
chr3_KI270936v1_alt	164170	2155	0
chr6_GL000255v2_alt	4606388	59112	16
chr19_GL949751v2_alt	1002683	5098	1
chr3_KI270937v1_alt	165607	2252	0
chr6_GL000256v2_alt	4929269	57271	16
chr19_GL949752v1_alt	987100	18349	3
chr6_KI270758v1_alt	76752	418	0
chr19_GL949753v2_alt	796479	11599	0
chr19_KI270938v1_alt	1066800	21406	8
chrM	16569	4833	8
chrUn_KI270302v1	2274	1	0
chrUn_KI270304v1	2165	0	0
chrUn_KI270303v1	1942	3	0
chrUn_KI270305v1	1472	5	0
chrUn_KI270322v1	21476	5	0
chrUn_KI270320v1	4416	13	0
chrUn_KI270310v1	1201	10	0
chrUn_KI270316v1	1444	3	0
chrUn_KI270315v1	2276	3	0
chrUn_KI270312v1	998	1	0
chrUn_KI270311v1	12399	14	0
chrUn_KI270317v1	37690	0	0
chrUn_KI270412v1	1179	0	0
chrUn_KI270411v1	2646	8	0
chrUn_KI270414v1	2489	2	0
chrUn_KI270419v1	1029	1	0
chrUn_KI270418v1	2145	2	0
chrUn_KI270420v1	2321	7	0
chrUn_KI270424v1	2140	0	0
chrUn_KI270417v1	2043	0	0
chrUn_KI270422v1	1445	8	0
chrUn_KI270423v1	981	3	0
chrUn_KI270425v1	1884	0	0
chrUn_KI270429v1	1361	13	0
chrUn_KI270442v1	392061	5683	18
chrUn_KI270466v1	1233	245	0
chrUn_KI270465v1	1774	9	0
chrUn_KI270467v1	3920	1145	2
chrUn_KI270435v1	92983	294	0
chrUn_KI270438v1	112505	4452	10
chrUn_KI270468v1	4055	7	0
chrUn_KI270510v1	2415	15	0
chrUn_KI270509v1	2318	19	1
chrUn_KI270518v1	2186	10	0
chrUn_KI270508v1	1951	8	0
chrUn_KI270516v1	1300	8	0
chrUn_KI270512v1	22689	85	0
chrUn_KI270519v1	138126	434	0
chrUn_KI270522v1	5674	5	0
chrUn_KI270511v1	8127	16	0
chrUn_KI270515v1	6361	41	0
chrUn_KI270507v1	5353	20	0
chrUn_KI270517v1	3253	25	0
chrUn_KI270529v1	1899	0	0
chrUn_KI270528v1	2983	0	0
chrUn_KI270530v1	2168	2	0
chrUn_KI270539v1	993	0	0
chrUn_KI270538v1	91309	219	1
chrUn_KI270544v1	1202	0	0
chrUn_KI270548v1	1599	0	0
chrUn_KI270583v1	1400	2	0
chrUn_KI270587v1	2969	20	0
chrUn_KI270580v1	1553	5	0
chrUn_KI270581v1	7046	18	0
chrUn_KI270579v1	31033	39	0
chrUn_KI270589v1	44474	175	1
chrUn_KI270590v1	4685	46	0
chrUn_KI270584v1	4513	10	0
chrUn_KI270582v1	6504	27	0
chrUn_KI270588v1	6158	34	0
chrUn_KI270593v1	3041	5	0
chrUn_KI270591v1	5796	48	0
chrUn_KI270330v1	1652	45	0
chrUn_KI270329v1	1040	1	0
chrUn_KI270334v1	1368	3	0
chrUn_KI270333v1	2699	271	0
chrUn_KI270335v1	1048	1	0
chrUn_KI270338v1	1428	1	0
chrUn_KI270340v1	1428	16	0
chrUn_KI270336v1	1026	77	0
chrUn_KI270337v1	1121	261	1
chrUn_KI270363v1	1803	5	0
chrUn_KI270364v1	2855	1	0
chrUn_KI270362v1	3530	4	0
chrUn_KI270366v1	8320	7	0
chrUn_KI270378v1	1048	0	0
chrUn_KI270379v1	1045	0	0
chrUn_KI270389v1	1298	0	0
chrUn_KI270390v1	2387	5	0
chrUn_KI270387v1	1537	7	0
chrUn_KI270395v1	1143	6	0
chrUn_KI270396v1	1880	1	0
chrUn_KI270388v1	1216	1	0
chrUn_KI270394v1	970	0	0
chrUn_KI270386v1	1788	1	0
chrUn_KI270391v1	1484	2	0
chrUn_KI270383v1	1750	0	0
chrUn_KI270393v1	1308	1	0
chrUn_KI270384v1	1658	1	0
chrUn_KI270392v1	971	0	0
chrUn_KI270381v1	1930	0	0
chrUn_KI270385v1	990	1	0
chrUn_KI270382v1	4215	3	0
chrUn_KI270376v1	1136	0	0
chrUn_KI270374v1	2656	0	0
chrUn_KI270372v1	1650	1	0
chrUn_KI270373v1	1451	0	0
chrUn_KI270375v1	2378	1	0
chrUn_KI270371v1	2805	0	0
chrUn_KI270448v1	7992	28	0
chrUn_KI270521v1	7642	17	0
chrUn_GL000195v1	182896	1129	1
chrUn_GL000219v1	179198	5469	4
chrUn_GL000220v1	161802	5575	2
chrUn_GL000224v1	179693	2422	1
chrUn_KI270741v1	157432	515	2
chrUn_GL000226v1	15008	93	0
chrUn_GL000213v1	164239	5313	2
chrUn_KI270743v1	210658	1316	1
chrUn_KI270744v1	168472	15788	3
chrUn_KI270745v1	41891	511	0
chrUn_KI270746v1	66486	3701	2
chrUn_KI270747v1	198735	258	0
chrUn_KI270748v1	93321	210	0
chrUn_KI270749v1	158759	1341	1
chrUn_KI270750v1	148850	5129	2
chrUn_KI270751v1	150742	4257	3
chrUn_KI270752v1	27745	2	0
chrUn_KI270753v1	62944	281	0
chrUn_KI270754v1	40191	269	2
chrUn_KI270755v1	36723	49	0
chrUn_KI270756v1	79590	258	1
chrUn_KI270757v1	71251	291	1
chrUn_GL000214v1	137718	3983	2
chrUn_KI270742v1	186739	12171	8
chrUn_GL000216v2	176608	2690	5
chrUn_GL000218v1	161147	3396	0
chrX	156040895	3774388	1314
chrY	57227415	49019	37
chrY_KI270740v1_random	37240	0	0
*	0	0	11794
