chr1	248956422	7670994	84
chr10	133797422	3225240	44
chr11	135086622	3776501	94
chr11_KI270721v1_random	100316	335	0
chr12	133275309	3894964	53
chr13	114364328	1499093	37
chr14	107043718	2338295	22
chr14_GL000009v2_random	201709	3552	0
chr14_GL000225v1_random	211173	2788	5
chr14_KI270722v1_random	194050	1703	0
chr14_GL000194v1_random	191469	5744	0
chr14_KI270723v1_random	38115	788	0
chr14_KI270724v1_random	39555	1556	0
chr14_KI270725v1_random	172810	3951	0
chr14_KI270726v1_random	43739	5072	0
chr15	101991189	2655261	50
chr15_KI270727v1_random	448248	12492	0
chr16	90338345	2769998	36
chr16_KI270728v1_random	1872759	48142	1
chr17	83257441	3768804	27
chr17_GL000205v2_random	185591	5799	1
chr17_KI270729v1_random	280839	1873	0
chr17_KI270730v1_random	112551	468	0
chr18	80373285	1223179	11
chr19	58617616	3498875	662
chr1_KI270706v1_random	175055	3697	0
chr1_KI270707v1_random	32032	24	0
chr1_KI270708v1_random	127682	3078	0
chr1_KI270709v1_random	66860	972	0
chr1_KI270710v1_random	40176	49	0
chr1_KI270711v1_random	42210	36399	0
chr1_KI270712v1_random	176043	3606	0
chr1_KI270713v1_random	40745	5228	0
chr1_KI270714v1_random	41717	1751	0
chr2	242193529	6066863	71
chr20	64444167	1583419	14
chr21	46709983	795201	9
chr22	50818468	1357950	18
chr22_KI270731v1_random	150754	3238	0
chr22_KI270732v1_random	41543	528	0
chr22_KI270733v1_random	179772	6474	0
chr22_KI270734v1_random	165050	4550	0
chr22_KI270735v1_random	42811	377	0
chr22_KI270736v1_random	181920	631	5
chr22_KI270737v1_random	103838	357	0
chr22_KI270738v1_random	99375	91	0
chr22_KI270739v1_random	73985	43	0
chr2_KI270715v1_random	161471	108	0
chr2_KI270716v1_random	153799	161	0
chr3	198295559	4328638	43
chr3_GL000221v1_random	155397	5355	0
chr4	190214555	3117347	42
chr4_GL000008v2_random	209709	2952	0
chr5	181538259	3361420	70
chr5_GL000208v1_random	92689	128	0
chr6	170805979	3369626	34
chr7	159345973	3937325	48
chr8	145138636	2513482	22
chr9	138394717	3097520	38
chr9_KI270717v1_random	40062	1149	0
chr9_KI270718v1_random	38054	1267	0
chr9_KI270719v1_random	176845	4387	0
chr9_KI270720v1_random	39050	2203	0
chr1_KI270762v1_alt	354444	7477	0
chr1_KI270766v1_alt	256271	27175	0
chr1_KI270760v1_alt	109528	73	0
chr1_KI270765v1_alt	185285	2369	0
chr1_GL383518v1_alt	182439	8347	0
chr1_GL383519v1_alt	110268	10192	0
chr1_GL383520v2_alt	366580	2976	0
chr1_KI270764v1_alt	50258	18	0
chr1_KI270763v1_alt	911658	11244	0
chr1_KI270759v1_alt	425601	2393	0
chr1_KI270761v1_alt	165834	5274	0
chr2_KI270770v1_alt	136240	68	0
chr2_KI270773v1_alt	70887	942	0
chr2_KI270774v1_alt	223625	3751	0
chr2_KI270769v1_alt	120616	1573	0
chr2_GL383521v1_alt	143390	108	0
chr2_KI270772v1_alt	133041	774	0
chr2_KI270775v1_alt	138019	41	0
chr2_KI270771v1_alt	110395	25	0
chr2_KI270768v1_alt	110099	1797	0
chr2_GL582966v2_alt	96131	3544	0
chr2_GL383522v1_alt	123821	5474	0
chr2_KI270776v1_alt	174166	1224	0
chr2_KI270767v1_alt	161578	257	0
chr3_JH636055v2_alt	173151	3305	0
chr3_KI270783v1_alt	109187	40	0
chr3_KI270780v1_alt	224108	3211	0
chr3_GL383526v1_alt	180671	1438	0
chr3_KI270777v1_alt	173649	3505	0
chr3_KI270778v1_alt	248252	63	0
chr3_KI270781v1_alt	113034	78	0
chr3_KI270779v1_alt	205312	9550	0
chr3_KI270782v1_alt	162429	997	0
chr3_KI270784v1_alt	184404	4726	0
chr4_KI270790v1_alt	220246	165	0
chr4_GL383528v1_alt	376187	106	0
chr4_KI270787v1_alt	111943	49	0
chr4_GL000257v2_alt	586476	16613	0
chr4_KI270788v1_alt	158965	39	0
chr4_GL383527v1_alt	164536	4296	0
chr4_KI270785v1_alt	119912	47	0
chr4_KI270789v1_alt	205944	825	0
chr4_KI270786v1_alt	244096	48	0
chr5_KI270793v1_alt	126136	546	0
chr5_KI270792v1_alt	179043	2225	0
chr5_KI270791v1_alt	195710	4348	0
chr5_GL383532v1_alt	82728	15	0
chr5_GL949742v1_alt	226852	120	0
chr5_KI270794v1_alt	164558	1309	0
chr5_GL339449v2_alt	1612928	45468	0
chr5_GL383530v1_alt	101241	58	0
chr5_KI270796v1_alt	172708	45	0
chr5_GL383531v1_alt	173459	60	0
chr5_KI270795v1_alt	131892	1829	0
chr6_GL000250v2_alt	4672374	9595	0
chr6_KI270800v1_alt	175808	1226	0
chr6_KI270799v1_alt	152148	32	0
chr6_GL383533v1_alt	124736	864	0
chr6_KI270801v1_alt	870480	7419	0
chr6_KI270802v1_alt	75005	118	0
chr6_KB021644v2_alt	185823	78	0
chr6_KI270797v1_alt	197536	4745	0
chr6_KI270798v1_alt	271782	4495	0
chr7_KI270804v1_alt	157952	128	0
chr7_KI270809v1_alt	209586	7848	1
chr7_KI270806v1_alt	158166	2837	0
chr7_GL383534v2_alt	119183	5167	0
chr7_KI270803v1_alt	1111570	43577	0
chr7_KI270808v1_alt	271455	937	0
chr7_KI270807v1_alt	126434	82	0
chr7_KI270805v1_alt	209988	179	0
chr8_KI270818v1_alt	145606	104	0
chr8_KI270812v1_alt	282736	121	0
chr8_KI270811v1_alt	292436	244	0
chr8_KI270821v1_alt	985506	9893	0
chr8_KI270813v1_alt	300230	25459	0
chr8_KI270822v1_alt	624492	11747	0
chr8_KI270814v1_alt	141812	168	0
chr8_KI270810v1_alt	374415	131	0
chr8_KI270819v1_alt	133535	1711	0
chr8_KI270820v1_alt	36640	264	0
chr8_KI270817v1_alt	158983	1146	0
chr8_KI270816v1_alt	305841	9557	0
chr8_KI270815v1_alt	132244	1362	0
chr9_GL383539v1_alt	162988	1080	0
chr9_GL383540v1_alt	71551	1691	0
chr9_GL383541v1_alt	171286	2079	0
chr9_GL383542v1_alt	60032	1154	0
chr9_KI270823v1_alt	439082	2379	0
chr10_GL383545v1_alt	179254	2680	0
chr10_KI270824v1_alt	181496	1393	0
chr10_GL383546v1_alt	309802	4062	0
chr10_KI270825v1_alt	188315	4191	0
chr11_KI270832v1_alt	210133	10896	0
chr11_KI270830v1_alt	177092	1747	0
chr11_KI270831v1_alt	296895	8101	0
chr11_KI270829v1_alt	204059	2654	0
chr11_GL383547v1_alt	154407	46	0
chr11_JH159136v1_alt	200998	6706	0
chr11_JH159137v1_alt	191409	2584	0
chr11_KI270827v1_alt	67707	36	0
chr11_KI270826v1_alt	186169	111	0
chr12_GL877875v1_alt	167313	3334	0
chr12_GL877876v1_alt	408271	11151	0
chr12_KI270837v1_alt	40090	7511	0
chr12_GL383549v1_alt	120804	43	0
chr12_KI270835v1_alt	238139	8275	0
chr12_GL383550v2_alt	169178	2147	0
chr12_GL383552v1_alt	138655	792	0
chr12_GL383553v2_alt	152874	2700	0
chr12_KI270834v1_alt	119498	9522	0
chr12_GL383551v1_alt	184319	71	0
chr12_KI270833v1_alt	76061	3967	0
chr12_KI270836v1_alt	56134	125	0
chr13_KI270840v1_alt	191684	2986	0
chr13_KI270839v1_alt	180306	832	0
chr13_KI270843v1_alt	103832	42	0
chr13_KI270841v1_alt	169134	46	0
chr13_KI270838v1_alt	306913	1996	0
chr13_KI270842v1_alt	37287	346	0
chr14_KI270844v1_alt	322166	7463	0
chr14_KI270847v1_alt	1511111	32502	0
chr14_KI270845v1_alt	180703	787	0
chr14_KI270846v1_alt	1351393	49042	5
chr15_KI270852v1_alt	478999	13529	0
chr15_KI270851v1_alt	263054	21594	0
chr15_KI270848v1_alt	327382	13645	0
chr15_GL383554v1_alt	296527	11766	0
chr15_KI270849v1_alt	244917	4505	0
chr15_GL383555v2_alt	388773	1773	0
chr15_KI270850v1_alt	430880	21504	0
chr16_KI270854v1_alt	134193	2374	0
chr16_KI270856v1_alt	63982	241	0
chr16_KI270855v1_alt	232857	5918	0
chr16_KI270853v1_alt	2659700	103637	2
chr16_GL383556v1_alt	192462	4823	0
chr16_GL383557v1_alt	89672	2460	0
chr17_GL383563v3_alt	375691	2130	0
chr17_KI270862v1_alt	391357	5223	0
chr17_KI270861v1_alt	196688	12494	0
chr17_KI270857v1_alt	2877074	147975	1
chr17_JH159146v1_alt	278131	12068	0
chr17_JH159147v1_alt	70345	1739	0
chr17_GL383564v2_alt	133151	8775	0
chr17_GL000258v2_alt	1821992	20832	1
chr17_GL383565v1_alt	223995	63	0
chr17_KI270858v1_alt	235827	245	0
chr17_KI270859v1_alt	108763	142	0
chr17_GL383566v1_alt	90219	87	0
chr17_KI270860v1_alt	178921	2983	0
chr18_KI270864v1_alt	111737	73	0
chr18_GL383567v1_alt	289831	1349	0
chr18_GL383570v1_alt	164789	87	0
chr18_GL383571v1_alt	198278	1488	0
chr18_GL383568v1_alt	104552	51	0
chr18_GL383569v1_alt	167950	59	0
chr18_GL383572v1_alt	159547	374	0
chr18_KI270863v1_alt	167999	1342	0
chr19_KI270868v1_alt	61734	1567	0
chr19_KI270865v1_alt	52969	1841	0
chr19_GL383573v1_alt	385657	5683	0
chr19_GL383575v2_alt	170222	3779	1
chr19_GL383576v1_alt	188024	3369	0
chr19_GL383574v1_alt	155864	2119	0
chr19_KI270866v1_alt	43156	1764	0
chr19_KI270867v1_alt	233762	4671	0
chr19_GL949746v1_alt	987716	23190	0
chr20_GL383577v2_alt	128386	68	0
chr20_KI270869v1_alt	118774	2542	0
chr20_KI270871v1_alt	58661	1211	0
chr20_KI270870v1_alt	183433	4333	0
chr21_GL383578v2_alt	63917	60	0
chr21_KI270874v1_alt	166743	82	0
chr21_KI270873v1_alt	143900	567	0
chr21_GL383579v2_alt	201197	84	0
chr21_GL383580v2_alt	74653	774	0
chr21_GL383581v2_alt	116689	4544	0
chr21_KI270872v1_alt	82692	2464	0
chr22_KI270875v1_alt	259914	6293	0
chr22_KI270878v1_alt	186262	1106	0
chr22_KI270879v1_alt	304135	12181	0
chr22_KI270876v1_alt	263666	3569	0
chr22_KI270877v1_alt	101331	1333	0
chr22_GL383583v2_alt	96924	1678	0
chr22_GL383582v2_alt	162811	3912	0
chrX_KI270880v1_alt	284869	940	0
chrX_KI270881v1_alt	144206	829	0
chr19_KI270882v1_alt	248807	3621	0
chr19_KI270883v1_alt	170399	3822	0
chr19_KI270884v1_alt	157053	4210	0
chr19_KI270885v1_alt	171027	4049	0
chr19_KI270886v1_alt	204239	5174	0
chr19_KI270887v1_alt	209512	3821	0
chr19_KI270888v1_alt	155532	3159	0
chr19_KI270889v1_alt	170698	3836	0
chr19_KI270890v1_alt	184499	3352	0
chr19_KI270891v1_alt	170680	4250	0
chr1_KI270892v1_alt	162212	5235	0
chr2_KI270894v1_alt	214158	4955	0
chr2_KI270893v1_alt	161218	269	0
chr3_KI270895v1_alt	162896	4264	0
chr4_KI270896v1_alt	378547	6646	0
chr5_KI270897v1_alt	1144418	29812	0
chr5_KI270898v1_alt	130957	1818	0
chr6_GL000251v2_alt	4795265	39680	0
chr7_KI270899v1_alt	190869	2713	0
chr8_KI270901v1_alt	136959	72	0
chr8_KI270900v1_alt	318687	1120	0
chr11_KI270902v1_alt	106711	33677	0
chr11_KI270903v1_alt	214625	2990	0
chr12_KI270904v1_alt	572349	15674	0
chr15_KI270906v1_alt	196384	7034	0
chr15_KI270905v1_alt	5161414	100019	0
chr17_KI270907v1_alt	137721	242	0
chr17_KI270910v1_alt	157099	3013	0
chr17_KI270909v1_alt	325800	42947	1
chr17_JH159148v1_alt	88070	3094	0
chr17_KI270908v1_alt	1423190	34512	0
chr18_KI270912v1_alt	174061	54	0
chr18_KI270911v1_alt	157710	346	0
chr19_GL949747v2_alt	729520	11445	0
chr22_KB663609v1_alt	74013	2732	0
chrX_KI270913v1_alt	274009	2429	0
chr19_KI270914v1_alt	205194	9016	0
chr19_KI270915v1_alt	170665	4345	0
chr19_KI270916v1_alt	184516	2803	0
chr19_KI270917v1_alt	190932	4353	0
chr19_KI270918v1_alt	123111	2629	1
chr19_KI270919v1_alt	170701	3542	0
chr19_KI270920v1_alt	198005	4150	0
chr19_KI270921v1_alt	282224	3999	0
chr19_KI270922v1_alt	187935	4410	0
chr19_KI270923v1_alt	189352	3030	0
chr3_KI270924v1_alt	166540	4778	0
chr4_KI270925v1_alt	555799	621	0
chr6_GL000252v2_alt	4604811	33027	0
chr8_KI270926v1_alt	229282	1206	0
chr11_KI270927v1_alt	218612	22054	0
chr19_GL949748v2_alt	1064304	5175	0
chr22_KI270928v1_alt	176103	4944	0
chr19_KI270929v1_alt	186203	3820	0
chr19_KI270930v1_alt	200773	4577	0
chr19_KI270931v1_alt	170148	5447	0
chr19_KI270932v1_alt	215732	4060	0
chr19_KI270933v1_alt	170537	3495	0
chr19_GL000209v2_alt	177381	3473	0
chr3_KI270934v1_alt	163458	4106	0
chr6_GL000253v2_alt	4677643	17993	0
chr19_GL949749v2_alt	1091841	4795	0
chr3_KI270935v1_alt	197351	13920	0
chr6_GL000254v2_alt	4827813	25940	0
chr19_GL949750v2_alt	1066390	4433	0
chr3_KI270936v1_alt	164170	4160	0
chr6_GL000255v2_alt	4606388	28626	0
chr19_GL949751v2_alt	1002683	5716	0
chr3_KI270937v1_alt	165607	4124	0
chr6_GL000256v2_alt	4929269	29281	1
chr19_GL949752v1_alt	987100	24121	0
chr6_KI270758v1_alt	76752	48	0
chr19_GL949753v2_alt	796479	15051	0
chr19_KI270938v1_alt	1066800	27934	2
chrM	16569	24758	2
chrUn_KI270302v1	2274	0	0
chrUn_KI270304v1	2165	0	0
chrUn_KI270303v1	1942	6	0
chrUn_KI270305v1	1472	0	0
chrUn_KI270322v1	21476	8	0
chrUn_KI270320v1	4416	7	0
chrUn_KI270310v1	1201	10	0
chrUn_KI270316v1	1444	0	0
chrUn_KI270315v1	2276	0	0
chrUn_KI270312v1	998	0	0
chrUn_KI270311v1	12399	4	0
chrUn_KI270317v1	37690	0	0
chrUn_KI270412v1	1179	2	0
chrUn_KI270411v1	2646	0	0
chrUn_KI270414v1	2489	8	0
chrUn_KI270419v1	1029	0	0
chrUn_KI270418v1	2145	0	0
chrUn_KI270420v1	2321	10	0
chrUn_KI270424v1	2140	0	0
chrUn_KI270417v1	2043	0	0
chrUn_KI270422v1	1445	0	0
chrUn_KI270423v1	981	0	0
chrUn_KI270425v1	1884	0	0
chrUn_KI270429v1	1361	1	0
chrUn_KI270442v1	392061	6457	2
chrUn_KI270466v1	1233	96	0
chrUn_KI270465v1	1774	12	0
chrUn_KI270467v1	3920	261	0
chrUn_KI270435v1	92983	124	0
chrUn_KI270438v1	112505	4064	1
chrUn_KI270468v1	4055	9	0
chrUn_KI270510v1	2415	6	0
chrUn_KI270509v1	2318	14	0
chrUn_KI270518v1	2186	5	0
chrUn_KI270508v1	1951	2	0
chrUn_KI270516v1	1300	4	0
chrUn_KI270512v1	22689	25	0
chrUn_KI270519v1	138126	189	0
chrUn_KI270522v1	5674	2	0
chrUn_KI270511v1	8127	19	0
chrUn_KI270515v1	6361	7	0
chrUn_KI270507v1	5353	22	0
chrUn_KI270517v1	3253	8	0
chrUn_KI270529v1	1899	0	0
chrUn_KI270528v1	2983	0	0
chrUn_KI270530v1	2168	0	0
chrUn_KI270539v1	993	0	0
chrUn_KI270538v1	91309	123	0
chrUn_KI270544v1	1202	2	0
chrUn_KI270548v1	1599	0	0
chrUn_KI270583v1	1400	0	0
chrUn_KI270587v1	2969	24	0
chrUn_KI270580v1	1553	4	0
chrUn_KI270581v1	7046	10	0
chrUn_KI270579v1	31033	3	0
chrUn_KI270589v1	44474	60	0
chrUn_KI270590v1	4685	10	0
chrUn_KI270584v1	4513	15	0
chrUn_KI270582v1	6504	0	0
chrUn_KI270588v1	6158	6	0
chrUn_KI270593v1	3041	6	0
chrUn_KI270591v1	5796	17	0
chrUn_KI270330v1	1652	41	0
chrUn_KI270329v1	1040	0	0
chrUn_KI270334v1	1368	4	0
chrUn_KI270333v1	2699	43	0
chrUn_KI270335v1	1048	2	0
chrUn_KI270338v1	1428	0	0
chrUn_KI270340v1	1428	4	0
chrUn_KI270336v1	1026	4	0
chrUn_KI270337v1	1121	31	0
chrUn_KI270363v1	1803	2	0
chrUn_KI270364v1	2855	2	0
chrUn_KI270362v1	3530	0	0
chrUn_KI270366v1	8320	6	0
chrUn_KI270378v1	1048	0	0
chrUn_KI270379v1	1045	0	0
chrUn_KI270389v1	1298	0	0
chrUn_KI270390v1	2387	2	0
chrUn_KI270387v1	1537	2	0
chrUn_KI270395v1	1143	2	0
chrUn_KI270396v1	1880	4	0
chrUn_KI270388v1	1216	1	0
chrUn_KI270394v1	970	2	0
chrUn_KI270386v1	1788	2	0
chrUn_KI270391v1	1484	0	0
chrUn_KI270383v1	1750	0	0
chrUn_KI270393v1	1308	0	0
chrUn_KI270384v1	1658	0	0
chrUn_KI270392v1	971	6	0
chrUn_KI270381v1	1930	0	0
chrUn_KI270385v1	990	0	0
chrUn_KI270382v1	4215	2	0
chrUn_KI270376v1	1136	0	0
chrUn_KI270374v1	2656	3	0
chrUn_KI270372v1	1650	0	0
chrUn_KI270373v1	1451	0	0
chrUn_KI270375v1	2378	0	0
chrUn_KI270371v1	2805	4	0
chrUn_KI270448v1	7992	9	0
chrUn_KI270521v1	7642	7	0
chrUn_GL000195v1	182896	1165	0
chrUn_GL000219v1	179198	4349	0
chrUn_GL000220v1	161802	5018	0
chrUn_GL000224v1	179693	6899	0
chrUn_KI270741v1	157432	214	0
chrUn_GL000226v1	15008	73	0
chrUn_GL000213v1	164239	9673	0
chrUn_KI270743v1	210658	766	0
chrUn_KI270744v1	168472	9602	0
chrUn_KI270745v1	41891	161	0
chrUn_KI270746v1	66486	15709	0
chrUn_KI270747v1	198735	1183	0
chrUn_KI270748v1	93321	162	0
chrUn_KI270749v1	158759	1605	0
chrUn_KI270750v1	148850	3939	0
chrUn_KI270751v1	150742	2519	0
chrUn_KI270752v1	27745	2	0
chrUn_KI270753v1	62944	61	0
chrUn_KI270754v1	40191	74	0
chrUn_KI270755v1	36723	15	0
chrUn_KI270756v1	79590	118	0
chrUn_KI270757v1	71251	153	0
chrUn_GL000214v1	137718	2761	0
chrUn_KI270742v1	186739	4687	0
chrUn_GL000216v2	176608	2010	2
chrUn_GL000218v1	161147	6678	0
chrX	156040895	1915506	20
chrY	57227415	413348	19
chrY_KI270740v1_random	37240	18	0
*	0	0	9494
