chr1	248956422	9636231	3998
chr10	133797422	4493818	1910
chr11	135086622	4957682	2163
chr11_KI270721v1_random	100316	724	1
chr12	133275309	5126239	2213
chr13	114364328	2164565	1060
chr14	107043718	2851782	1270
chr14_GL000009v2_random	201709	8639	1
chr14_GL000225v1_random	211173	6131	16
chr14_KI270722v1_random	194050	949	1
chr14_GL000194v1_random	191469	3227	5
chr14_KI270723v1_random	38115	818	4
chr14_KI270724v1_random	39555	1043	2
chr14_KI270725v1_random	172810	1071	0
chr14_KI270726v1_random	43739	11	0
chr15	101991189	2990289	1286
chr15_KI270727v1_random	448248	15538	1
chr16	90338345	2891047	1352
chr16_KI270728v1_random	1872759	30737	11
chr17	83257441	4339894	1852
chr17_GL000205v2_random	185591	11680	4
chr17_KI270729v1_random	280839	4796	14
chr17_KI270730v1_random	112551	993	6
chr18	80373285	1597774	743
chr19	58617616	3651908	1606
chr1_KI270706v1_random	175055	8416	4
chr1_KI270707v1_random	32032	146	0
chr1_KI270708v1_random	127682	825	3
chr1_KI270709v1_random	66860	1283	2
chr1_KI270710v1_random	40176	244	0
chr1_KI270711v1_random	42210	19867	1
chr1_KI270712v1_random	176043	2766	1
chr1_KI270713v1_random	40745	3554	0
chr1_KI270714v1_random	41717	2551	0
chr2	242193529	6491412	2858
chr20	64444167	2259335	994
chr21	46709983	1033518	471
chr22	50818468	1589125	699
chr22_KI270731v1_random	150754	4464	6
chr22_KI270732v1_random	41543	444	0
chr22_KI270733v1_random	179772	5669	7
chr22_KI270734v1_random	165050	5045	3
chr22_KI270735v1_random	42811	694	0
chr22_KI270736v1_random	181920	2096	11
chr22_KI270737v1_random	103838	505	3
chr22_KI270738v1_random	99375	236	0
chr22_KI270739v1_random	73985	66	1
chr2_KI270715v1_random	161471	254	0
chr2_KI270716v1_random	153799	197	0
chr3	198295559	5337379	2413
chr3_GL000221v1_random	155397	11316	4
chr4	190214555	3927047	1769
chr4_GL000008v2_random	209709	7238	3
chr5	181538259	4266902	1994
chr5_GL000208v1_random	92689	208	0
chr6	170805979	4757315	2125
chr7	159345973	4629105	2023
chr8	145138636	3261021	1606
chr9	138394717	4108360	1836
chr9_KI270717v1_random	40062	186	0
chr9_KI270718v1_random	38054	2207	1
chr9_KI270719v1_random	176845	2118	2
chr9_KI270720v1_random	39050	2813	0
chr1_KI270762v1_alt	354444	6111	3
chr1_KI270766v1_alt	256271	18553	11
chr1_KI270760v1_alt	109528	478	0
chr1_KI270765v1_alt	185285	1822	1
chr1_GL383518v1_alt	182439	13077	5
chr1_GL383519v1_alt	110268	12257	5
chr1_GL383520v2_alt	366580	6052	1
chr1_KI270764v1_alt	50258	141	0
chr1_KI270763v1_alt	911658	10321	9
chr1_KI270759v1_alt	425601	1270	1
chr1_KI270761v1_alt	165834	7293	1
chr2_KI270770v1_alt	136240	340	0
chr2_KI270773v1_alt	70887	192	3
chr2_KI270774v1_alt	223625	2892	0
chr2_KI270769v1_alt	120616	2421	2
chr2_GL383521v1_alt	143390	343	0
chr2_KI270772v1_alt	133041	946	0
chr2_KI270775v1_alt	138019	241	0
chr2_KI270771v1_alt	110395	209	0
chr2_KI270768v1_alt	110099	1513	0
chr2_GL582966v2_alt	96131	286	1
chr2_GL383522v1_alt	123821	2787	0
chr2_KI270776v1_alt	174166	1121	2
chr2_KI270767v1_alt	161578	696	0
chr3_JH636055v2_alt	173151	4197	1
chr3_KI270783v1_alt	109187	172	0
chr3_KI270780v1_alt	224108	1622	1
chr3_GL383526v1_alt	180671	2095	0
chr3_KI270777v1_alt	173649	1203	0
chr3_KI270778v1_alt	248252	355	1
chr3_KI270781v1_alt	113034	328	1
chr3_KI270779v1_alt	205312	2370	4
chr3_KI270782v1_alt	162429	2105	1
chr3_KI270784v1_alt	184404	2272	0
chr4_KI270790v1_alt	220246	402	1
chr4_GL383528v1_alt	376187	516	0
chr4_KI270787v1_alt	111943	256	0
chr4_GL000257v2_alt	586476	21212	8
chr4_KI270788v1_alt	158965	275	0
chr4_GL383527v1_alt	164536	6713	1
chr4_KI270785v1_alt	119912	261	0
chr4_KI270789v1_alt	205944	1180	0
chr4_KI270786v1_alt	244096	359	3
chr5_KI270793v1_alt	126136	1071	0
chr5_KI270792v1_alt	179043	3920	2
chr5_KI270791v1_alt	195710	7685	5
chr5_GL383532v1_alt	82728	64	0
chr5_GL949742v1_alt	226852	341	0
chr5_KI270794v1_alt	164558	2054	1
chr5_GL339449v2_alt	1612928	36511	12
chr5_GL383530v1_alt	101241	191	0
chr5_KI270796v1_alt	172708	289	0
chr5_GL383531v1_alt	173459	316	0
chr5_KI270795v1_alt	131892	1724	0
chr6_GL000250v2_alt	4672374	32592	8
chr6_KI270800v1_alt	175808	816	0
chr6_KI270799v1_alt	152148	195	1
chr6_GL383533v1_alt	124736	332	0
chr6_KI270801v1_alt	870480	12537	6
chr6_KI270802v1_alt	75005	235	0
chr6_KB021644v2_alt	185823	503	0
chr6_KI270797v1_alt	197536	7251	5
chr6_KI270798v1_alt	271782	5477	2
chr7_KI270804v1_alt	157952	387	1
chr7_KI270809v1_alt	209586	9050	5
chr7_KI270806v1_alt	158166	5472	4
chr7_GL383534v2_alt	119183	3081	0
chr7_KI270803v1_alt	1111570	20171	7
chr7_KI270808v1_alt	271455	2548	3
chr7_KI270807v1_alt	126434	445	0
chr7_KI270805v1_alt	209988	874	0
chr8_KI270818v1_alt	145606	490	0
chr8_KI270812v1_alt	282736	991	0
chr8_KI270811v1_alt	292436	886	1
chr8_KI270821v1_alt	985506	16469	3
chr8_KI270813v1_alt	300230	25034	9
chr8_KI270822v1_alt	624492	13438	9
chr8_KI270814v1_alt	141812	765	1
chr8_KI270810v1_alt	374415	730	2
chr8_KI270819v1_alt	133535	1547	2
chr8_KI270820v1_alt	36640	232	0
chr8_KI270817v1_alt	158983	1951	1
chr8_KI270816v1_alt	305841	7795	5
chr8_KI270815v1_alt	132244	639	3
chr9_GL383539v1_alt	162988	1237	0
chr9_GL383540v1_alt	71551	3536	1
chr9_GL383541v1_alt	171286	3137	0
chr9_GL383542v1_alt	60032	1300	0
chr9_KI270823v1_alt	439082	4659	5
chr10_GL383545v1_alt	179254	2185	1
chr10_KI270824v1_alt	181496	1282	2
chr10_GL383546v1_alt	309802	5254	3
chr10_KI270825v1_alt	188315	7111	6
chr11_KI270832v1_alt	210133	8806	4
chr11_KI270830v1_alt	177092	1369	1
chr11_KI270831v1_alt	296895	9778	3
chr11_KI270829v1_alt	204059	5594	5
chr11_GL383547v1_alt	154407	238	1
chr11_JH159136v1_alt	200998	9350	2
chr11_JH159137v1_alt	191409	3782	1
chr11_KI270827v1_alt	67707	284	1
chr11_KI270826v1_alt	186169	557	0
chr12_GL877875v1_alt	167313	2765	3
chr12_GL877876v1_alt	408271	5721	2
chr12_KI270837v1_alt	40090	1579	0
chr12_GL383549v1_alt	120804	233	0
chr12_KI270835v1_alt	238139	2341	1
chr12_GL383550v2_alt	169178	1354	1
chr12_GL383552v1_alt	138655	1157	0
chr12_GL383553v2_alt	152874	5745	3
chr12_KI270834v1_alt	119498	1598	0
chr12_GL383551v1_alt	184319	445	0
chr12_KI270833v1_alt	76061	5355	2
chr12_KI270836v1_alt	56134	165	0
chr13_KI270840v1_alt	191684	4350	6
chr13_KI270839v1_alt	180306	485	0
chr13_KI270843v1_alt	103832	169	0
chr13_KI270841v1_alt	169134	237	0
chr13_KI270838v1_alt	306913	4018	0
chr13_KI270842v1_alt	37287	110	0
chr14_KI270844v1_alt	322166	10139	4
chr14_KI270847v1_alt	1511111	48402	17
chr14_KI270845v1_alt	180703	941	0
chr14_KI270846v1_alt	1351393	4115	3
chr15_KI270852v1_alt	478999	15821	7
chr15_KI270851v1_alt	263054	18683	6
chr15_KI270848v1_alt	327382	12329	3
chr15_GL383554v1_alt	296527	8231	3
chr15_KI270849v1_alt	244917	4249	1
chr15_GL383555v2_alt	388773	3948	0
chr15_KI270850v1_alt	430880	10468	4
chr16_KI270854v1_alt	134193	2622	2
chr16_KI270856v1_alt	63982	196	0
chr16_KI270855v1_alt	232857	8506	5
chr16_KI270853v1_alt	2659700	87157	49
chr16_GL383556v1_alt	192462	9138	5
chr16_GL383557v1_alt	89672	3665	3
chr17_GL383563v3_alt	375691	1513	0
chr17_KI270862v1_alt	391357	9297	7
chr17_KI270861v1_alt	196688	14313	5
chr17_KI270857v1_alt	2877074	107953	38
chr17_JH159146v1_alt	278131	14088	2
chr17_JH159147v1_alt	70345	2497	1
chr17_GL383564v2_alt	133151	11616	8
chr17_GL000258v2_alt	1821992	46198	18
chr17_GL383565v1_alt	223995	426	1
chr17_KI270858v1_alt	235827	625	0
chr17_KI270859v1_alt	108763	585	1
chr17_GL383566v1_alt	90219	269	0
chr17_KI270860v1_alt	178921	2557	1
chr18_KI270864v1_alt	111737	214	1
chr18_GL383567v1_alt	289831	2172	0
chr18_GL383570v1_alt	164789	321	0
chr18_GL383571v1_alt	198278	2147	0
chr18_GL383568v1_alt	104552	216	0
chr18_GL383569v1_alt	167950	348	0
chr18_GL383572v1_alt	159547	532	0
chr18_KI270863v1_alt	167999	1964	0
chr19_KI270868v1_alt	61734	1362	3
chr19_KI270865v1_alt	52969	182	0
chr19_GL383573v1_alt	385657	5270	3
chr19_GL383575v2_alt	170222	2671	1
chr19_GL383576v1_alt	188024	2262	0
chr19_GL383574v1_alt	155864	3617	3
chr19_KI270866v1_alt	43156	2366	0
chr19_KI270867v1_alt	233762	5762	3
chr19_GL949746v1_alt	987716	22276	10
chr20_GL383577v2_alt	128386	425	0
chr20_KI270869v1_alt	118774	4151	0
chr20_KI270871v1_alt	58661	1872	0
chr20_KI270870v1_alt	183433	6586	3
chr21_GL383578v2_alt	63917	158	0
chr21_KI270874v1_alt	166743	341	0
chr21_KI270873v1_alt	143900	1122	0
chr21_GL383579v2_alt	201197	315	0
chr21_GL383580v2_alt	74653	597	0
chr21_GL383581v2_alt	116689	6557	1
chr21_KI270872v1_alt	82692	3128	2
chr22_KI270875v1_alt	259914	4284	4
chr22_KI270878v1_alt	186262	2139	0
chr22_KI270879v1_alt	304135	11952	10
chr22_KI270876v1_alt	263666	5355	3
chr22_KI270877v1_alt	101331	3186	0
chr22_GL383583v2_alt	96924	2293	1
chr22_GL383582v2_alt	162811	5318	4
chrX_KI270880v1_alt	284869	399	1
chrX_KI270881v1_alt	144206	2308	1
chr19_KI270882v1_alt	248807	2389	1
chr19_KI270883v1_alt	170399	2064	1
chr19_KI270884v1_alt	157053	1994	0
chr19_KI270885v1_alt	171027	1790	1
chr19_KI270886v1_alt	204239	2288	2
chr19_KI270887v1_alt	209512	1671	0
chr19_KI270888v1_alt	155532	1922	0
chr19_KI270889v1_alt	170698	1492	1
chr19_KI270890v1_alt	184499	1812	0
chr19_KI270891v1_alt	170680	1903	1
chr1_KI270892v1_alt	162212	6876	2
chr2_KI270894v1_alt	214158	1195	2
chr2_KI270893v1_alt	161218	660	0
chr3_KI270895v1_alt	162896	2026	0
chr4_KI270896v1_alt	378547	4577	5
chr5_KI270897v1_alt	1144418	23131	7
chr5_KI270898v1_alt	130957	1998	1
chr6_GL000251v2_alt	4795265	80540	30
chr7_KI270899v1_alt	190869	475	0
chr8_KI270901v1_alt	136959	467	1
chr8_KI270900v1_alt	318687	613	1
chr11_KI270902v1_alt	106711	475	2
chr11_KI270903v1_alt	214625	1693	2
chr12_KI270904v1_alt	572349	13051	3
chr15_KI270906v1_alt	196384	4469	3
chr15_KI270905v1_alt	5161414	92899	30
chr17_KI270907v1_alt	137721	634	0
chr17_KI270910v1_alt	157099	5185	1
chr17_KI270909v1_alt	325800	16148	3
chr17_JH159148v1_alt	88070	1577	0
chr17_KI270908v1_alt	1423190	34522	9
chr18_KI270912v1_alt	174061	403	0
chr18_KI270911v1_alt	157710	510	0
chr19_GL949747v2_alt	729520	9923	6
chr22_KB663609v1_alt	74013	2684	0
chrX_KI270913v1_alt	274009	699	1
chr19_KI270914v1_alt	205194	2968	0
chr19_KI270915v1_alt	170665	1505	0
chr19_KI270916v1_alt	184516	1642	0
chr19_KI270917v1_alt	190932	1894	3
chr19_KI270918v1_alt	123111	1015	1
chr19_KI270919v1_alt	170701	2174	2
chr19_KI270920v1_alt	198005	3298	0
chr19_KI270921v1_alt	282224	2550	2
chr19_KI270922v1_alt	187935	2208	2
chr19_KI270923v1_alt	189352	3265	1
chr3_KI270924v1_alt	166540	3034	0
chr4_KI270925v1_alt	555799	2111	2
chr6_GL000252v2_alt	4604811	77332	27
chr8_KI270926v1_alt	229282	1320	1
chr11_KI270927v1_alt	218612	820	0
chr19_GL949748v2_alt	1064304	6151	0
chr22_KI270928v1_alt	176103	5809	2
chr19_KI270929v1_alt	186203	2162	1
chr19_KI270930v1_alt	200773	3144	1
chr19_KI270931v1_alt	170148	1667	0
chr19_KI270932v1_alt	215732	2608	0
chr19_KI270933v1_alt	170537	5586	2
chr19_GL000209v2_alt	177381	1856	2
chr3_KI270934v1_alt	163458	2112	2
chr6_GL000253v2_alt	4677643	55691	27
chr19_GL949749v2_alt	1091841	4850	1
chr3_KI270935v1_alt	197351	2225	0
chr6_GL000254v2_alt	4827813	75957	31
chr19_GL949750v2_alt	1066390	4826	3
chr3_KI270936v1_alt	164170	1972	2
chr6_GL000255v2_alt	4606388	77247	34
chr19_GL949751v2_alt	1002683	5296	2
chr3_KI270937v1_alt	165607	2011	1
chr6_GL000256v2_alt	4929269	77656	42
chr19_GL949752v1_alt	987100	22020	12
chr6_KI270758v1_alt	76752	1111	0
chr19_GL949753v2_alt	796479	16561	4
chr19_KI270938v1_alt	1066800	25372	10
chrM	16569	17066	18
chrUn_KI270302v1	2274	6	0
chrUn_KI270304v1	2165	7	0
chrUn_KI270303v1	1942	5	0
chrUn_KI270305v1	1472	12	0
chrUn_KI270322v1	21476	26	0
chrUn_KI270320v1	4416	8	0
chrUn_KI270310v1	1201	19	0
chrUn_KI270316v1	1444	4	0
chrUn_KI270315v1	2276	0	0
chrUn_KI270312v1	998	0	0
chrUn_KI270311v1	12399	8	0
chrUn_KI270317v1	37690	3	0
chrUn_KI270412v1	1179	10	0
chrUn_KI270411v1	2646	15	0
chrUn_KI270414v1	2489	13	0
chrUn_KI270419v1	1029	2	0
chrUn_KI270418v1	2145	3	0
chrUn_KI270420v1	2321	18	0
chrUn_KI270424v1	2140	3	0
chrUn_KI270417v1	2043	3	0
chrUn_KI270422v1	1445	0	0
chrUn_KI270423v1	981	1	0
chrUn_KI270425v1	1884	7	0
chrUn_KI270429v1	1361	6	0
chrUn_KI270442v1	392061	7022	9
chrUn_KI270466v1	1233	496	2
chrUn_KI270465v1	1774	8	0
chrUn_KI270467v1	3920	1728	4
chrUn_KI270435v1	92983	402	0
chrUn_KI270438v1	112505	6858	15
chrUn_KI270468v1	4055	25	0
chrUn_KI270510v1	2415	6	0
chrUn_KI270509v1	2318	18	0
chrUn_KI270518v1	2186	13	0
chrUn_KI270508v1	1951	17	0
chrUn_KI270516v1	1300	9	0
chrUn_KI270512v1	22689	74	2
chrUn_KI270519v1	138126	500	0
chrUn_KI270522v1	5674	5	0
chrUn_KI270511v1	8127	25	0
chrUn_KI270515v1	6361	52	0
chrUn_KI270507v1	5353	25	0
chrUn_KI270517v1	3253	25	0
chrUn_KI270529v1	1899	3	0
chrUn_KI270528v1	2983	2	0
chrUn_KI270530v1	2168	1	0
chrUn_KI270539v1	993	0	0
chrUn_KI270538v1	91309	359	1
chrUn_KI270544v1	1202	3	0
chrUn_KI270548v1	1599	2	0
chrUn_KI270583v1	1400	9	0
chrUn_KI270587v1	2969	6	0
chrUn_KI270580v1	1553	16	0
chrUn_KI270581v1	7046	21	0
chrUn_KI270579v1	31033	55	0
chrUn_KI270589v1	44474	205	0
chrUn_KI270590v1	4685	43	0
chrUn_KI270584v1	4513	20	0
chrUn_KI270582v1	6504	22	0
chrUn_KI270588v1	6158	35	0
chrUn_KI270593v1	3041	22	0
chrUn_KI270591v1	5796	82	1
chrUn_KI270330v1	1652	70	0
chrUn_KI270329v1	1040	8	0
chrUn_KI270334v1	1368	13	0
chrUn_KI270333v1	2699	584	2
chrUn_KI270335v1	1048	11	0
chrUn_KI270338v1	1428	5	0
chrUn_KI270340v1	1428	20	0
chrUn_KI270336v1	1026	224	0
chrUn_KI270337v1	1121	739	0
chrUn_KI270363v1	1803	8	0
chrUn_KI270364v1	2855	5	0
chrUn_KI270362v1	3530	6	0
chrUn_KI270366v1	8320	17	0
chrUn_KI270378v1	1048	0	0
chrUn_KI270379v1	1045	2	0
chrUn_KI270389v1	1298	2	0
chrUn_KI270390v1	2387	5	0
chrUn_KI270387v1	1537	5	0
chrUn_KI270395v1	1143	3	0
chrUn_KI270396v1	1880	9	0
chrUn_KI270388v1	1216	2	0
chrUn_KI270394v1	970	0	0
chrUn_KI270386v1	1788	1	0
chrUn_KI270391v1	1484	2	0
chrUn_KI270383v1	1750	2	0
chrUn_KI270393v1	1308	1	0
chrUn_KI270384v1	1658	3	0
chrUn_KI270392v1	971	2	0
chrUn_KI270381v1	1930	5	0
chrUn_KI270385v1	990	0	0
chrUn_KI270382v1	4215	15	0
chrUn_KI270376v1	1136	1	0
chrUn_KI270374v1	2656	0	0
chrUn_KI270372v1	1650	1	0
chrUn_KI270373v1	1451	2	0
chrUn_KI270375v1	2378	6	0
chrUn_KI270371v1	2805	3	0
chrUn_KI270448v1	7992	47	0
chrUn_KI270521v1	7642	18	0
chrUn_GL000195v1	182896	1522	0
chrUn_GL000219v1	179198	3002	2
chrUn_GL000220v1	161802	4696	1
chrUn_GL000224v1	179693	2115	3
chrUn_KI270741v1	157432	239	0
chrUn_GL000226v1	15008	319	0
chrUn_GL000213v1	164239	4602	1
chrUn_KI270743v1	210658	1391	1
chrUn_KI270744v1	168472	21053	6
chrUn_KI270745v1	41891	503	0
chrUn_KI270746v1	66486	5816	2
chrUn_KI270747v1	198735	304	1
chrUn_KI270748v1	93321	437	0
chrUn_KI270749v1	158759	1567	2
chrUn_KI270750v1	148850	6104	3
chrUn_KI270751v1	150742	4688	2
chrUn_KI270752v1	27745	2	0
chrUn_KI270753v1	62944	455	0
chrUn_KI270754v1	40191	411	0
chrUn_KI270755v1	36723	53	0
chrUn_KI270756v1	79590	379	0
chrUn_KI270757v1	71251	401	1
chrUn_GL000214v1	137718	5156	2
chrUn_KI270742v1	186739	12503	2
chrUn_GL000216v2	176608	5118	15
chrUn_GL000218v1	161147	3383	1
chrX	156040895	4427502	1943
chrY	57227415	59543	78
chrY_KI270740v1_random	37240	0	0
*	0	0	25900
