chr1	248956422	15455582	1639
chr10	133797422	6166135	777
chr11	135086622	7014899	974
chr11_KI270721v1_random	100316	714	0
chr12	133275309	7178964	824
chr13	114364328	3066809	435
chr14	107043718	4410600	512
chr14_GL000009v2_random	201709	18320	4
chr14_GL000225v1_random	211173	23035	122
chr14_KI270722v1_random	194050	982	1
chr14_GL000194v1_random	191469	4062	0
chr14_KI270723v1_random	38115	4444	16
chr14_KI270724v1_random	39555	2957	7
chr14_KI270725v1_random	172810	6087	1
chr14_KI270726v1_random	43739	5233	3
chr15	101991189	4859343	520
chr15_KI270727v1_random	448248	13244	0
chr16	90338345	4324129	473
chr16_KI270728v1_random	1872759	32957	8
chr17	83257441	6161965	632
chr17_GL000205v2_random	185591	11209	0
chr17_KI270729v1_random	280839	4264	5
chr17_KI270730v1_random	112551	1230	13
chr18	80373285	2384805	308
chr19	58617616	5451772	1885
chr1_KI270706v1_random	175055	15301	2
chr1_KI270707v1_random	32032	123	0
chr1_KI270708v1_random	127682	670	0
chr1_KI270709v1_random	66860	2024	0
chr1_KI270710v1_random	40176	124	0
chr1_KI270711v1_random	42210	137225	6
chr1_KI270712v1_random	176043	5449	0
chr1_KI270713v1_random	40745	3642	0
chr1_KI270714v1_random	41717	2944	1
chr2	242193529	11374650	1328
chr20	64444167	2707386	314
chr21	46709983	1505330	210
chr22	50818468	1959506	254
chr22_KI270731v1_random	150754	6911	1
chr22_KI270732v1_random	41543	2284	1
chr22_KI270733v1_random	179772	50385	0
chr22_KI270734v1_random	165050	6985	0
chr22_KI270735v1_random	42811	1134	2
chr22_KI270736v1_random	181920	3060	17
chr22_KI270737v1_random	103838	506	0
chr22_KI270738v1_random	99375	417	0
chr22_KI270739v1_random	73985	72	0
chr2_KI270715v1_random	161471	190	0
chr2_KI270716v1_random	153799	211	0
chr3	198295559	8225501	1043
chr3_GL000221v1_random	155397	20874	0
chr4	190214555	6609080	836
chr4_GL000008v2_random	209709	13684	4
chr5	181538259	6816453	907
chr5_GL000208v1_random	92689	228	0
chr6	170805979	7020053	775
chr7	159345973	6902345	2092
chr8	145138636	4717917	605
chr9	138394717	5784522	646
chr9_KI270717v1_random	40062	2999	1
chr9_KI270718v1_random	38054	3088	0
chr9_KI270719v1_random	176845	5837	1
chr9_KI270720v1_random	39050	5500	1
chr1_KI270762v1_alt	354444	5532	0
chr1_KI270766v1_alt	256271	79205	4
chr1_KI270760v1_alt	109528	422	0
chr1_KI270765v1_alt	185285	6468	0
chr1_GL383518v1_alt	182439	18740	0
chr1_GL383519v1_alt	110268	13634	0
chr1_GL383520v2_alt	366580	8845	3
chr1_KI270764v1_alt	50258	210	0
chr1_KI270763v1_alt	911658	19372	1
chr1_KI270759v1_alt	425601	3068	0
chr1_KI270761v1_alt	165834	12203	1
chr2_KI270770v1_alt	136240	351	0
chr2_KI270773v1_alt	70887	1026	0
chr2_KI270774v1_alt	223625	3236	0
chr2_KI270769v1_alt	120616	3267	0
chr2_GL383521v1_alt	143390	456	0
chr2_KI270772v1_alt	133041	2665	0
chr2_KI270775v1_alt	138019	249	0
chr2_KI270771v1_alt	110395	161	0
chr2_KI270768v1_alt	110099	2332	0
chr2_GL582966v2_alt	96131	3155	0
chr2_GL383522v1_alt	123821	10646	1
chr2_KI270776v1_alt	174166	1095	1
chr2_KI270767v1_alt	161578	922	0
chr3_JH636055v2_alt	173151	8270	1
chr3_KI270783v1_alt	109187	218	0
chr3_KI270780v1_alt	224108	3325	0
chr3_GL383526v1_alt	180671	3870	0
chr3_KI270777v1_alt	173649	3627	0
chr3_KI270778v1_alt	248252	317	0
chr3_KI270781v1_alt	113034	329	0
chr3_KI270779v1_alt	205312	4626	0
chr3_KI270782v1_alt	162429	1653	0
chr3_KI270784v1_alt	184404	3355	1
chr4_KI270790v1_alt	220246	726	1
chr4_GL383528v1_alt	376187	544	0
chr4_KI270787v1_alt	111943	226	0
chr4_GL000257v2_alt	586476	47160	8
chr4_KI270788v1_alt	158965	244	0
chr4_GL383527v1_alt	164536	9013	0
chr4_KI270785v1_alt	119912	221	0
chr4_KI270789v1_alt	205944	1565	1
chr4_KI270786v1_alt	244096	248	0
chr5_KI270793v1_alt	126136	1101	1
chr5_KI270792v1_alt	179043	2641	0
chr5_KI270791v1_alt	195710	5418	1
chr5_GL383532v1_alt	82728	82	0
chr5_GL949742v1_alt	226852	448	0
chr5_KI270794v1_alt	164558	3862	1
chr5_GL339449v2_alt	1612928	88273	5
chr5_GL383530v1_alt	101241	159	0
chr5_KI270796v1_alt	172708	321	0
chr5_GL383531v1_alt	173459	308	0
chr5_KI270795v1_alt	131892	4138	1
chr6_GL000250v2_alt	4672374	46700	1
chr6_KI270800v1_alt	175808	2221	1
chr6_KI270799v1_alt	152148	199	0
chr6_GL383533v1_alt	124736	1485	0
chr6_KI270801v1_alt	870480	17807	6
chr6_KI270802v1_alt	75005	186	0
chr6_KB021644v2_alt	185823	359	1
chr6_KI270797v1_alt	197536	5822	0
chr6_KI270798v1_alt	271782	8051	0
chr7_KI270804v1_alt	157952	413	0
chr7_KI270809v1_alt	209586	7526	0
chr7_KI270806v1_alt	158166	8232	3
chr7_GL383534v2_alt	119183	10135	0
chr7_KI270803v1_alt	1111570	82786	6
chr7_KI270808v1_alt	271455	2660	0
chr7_KI270807v1_alt	126434	382	0
chr7_KI270805v1_alt	209988	694	0
chr8_KI270818v1_alt	145606	352	0
chr8_KI270812v1_alt	282736	829	0
chr8_KI270811v1_alt	292436	951	0
chr8_KI270821v1_alt	985506	17949	2
chr8_KI270813v1_alt	300230	34020	2
chr8_KI270822v1_alt	624492	17329	2
chr8_KI270814v1_alt	141812	730	0
chr8_KI270810v1_alt	374415	703	0
chr8_KI270819v1_alt	133535	2011	0
chr8_KI270820v1_alt	36640	278	1
chr8_KI270817v1_alt	158983	1546	0
chr8_KI270816v1_alt	305841	9195	0
chr8_KI270815v1_alt	132244	2473	0
chr9_GL383539v1_alt	162988	1343	0
chr9_GL383540v1_alt	71551	3987	1
chr9_GL383541v1_alt	171286	3746	0
chr9_GL383542v1_alt	60032	1467	0
chr9_KI270823v1_alt	439082	6548	1
chr10_GL383545v1_alt	179254	5371	0
chr10_KI270824v1_alt	181496	4756	2
chr10_GL383546v1_alt	309802	8026	1
chr10_KI270825v1_alt	188315	6440	2
chr11_KI270832v1_alt	210133	6093	0
chr11_KI270830v1_alt	177092	2255	1
chr11_KI270831v1_alt	296895	12163	1
chr11_KI270829v1_alt	204059	8883	1
chr11_GL383547v1_alt	154407	296	0
chr11_JH159136v1_alt	200998	21939	3
chr11_JH159137v1_alt	191409	7354	0
chr11_KI270827v1_alt	67707	246	0
chr11_KI270826v1_alt	186169	705	0
chr12_GL877875v1_alt	167313	4083	0
chr12_GL877876v1_alt	408271	26086	3
chr12_KI270837v1_alt	40090	4385	1
chr12_GL383549v1_alt	120804	201	0
chr12_KI270835v1_alt	238139	9468	2
chr12_GL383550v2_alt	169178	4270	1
chr12_GL383552v1_alt	138655	1227	0
chr12_GL383553v2_alt	152874	6483	2
chr12_KI270834v1_alt	119498	10108	2
chr12_GL383551v1_alt	184319	379	0
chr12_KI270833v1_alt	76061	6590	2
chr12_KI270836v1_alt	56134	121	0
chr13_KI270840v1_alt	191684	9132	2
chr13_KI270839v1_alt	180306	1637	0
chr13_KI270843v1_alt	103832	213	0
chr13_KI270841v1_alt	169134	249	0
chr13_KI270838v1_alt	306913	2910	0
chr13_KI270842v1_alt	37287	117	0
chr14_KI270844v1_alt	322166	16926	2
chr14_KI270847v1_alt	1511111	60115	5
chr14_KI270845v1_alt	180703	939	0
chr14_KI270846v1_alt	1351393	55264	20
chr15_KI270852v1_alt	478999	13702	0
chr15_KI270851v1_alt	263054	29442	4
chr15_KI270848v1_alt	327382	17298	1
chr15_GL383554v1_alt	296527	16916	2
chr15_KI270849v1_alt	244917	5892	0
chr15_GL383555v2_alt	388773	2508	1
chr15_KI270850v1_alt	430880	20438	0
chr16_KI270854v1_alt	134193	1859	0
chr16_KI270856v1_alt	63982	261	0
chr16_KI270855v1_alt	232857	6766	0
chr16_KI270853v1_alt	2659700	159104	23
chr16_GL383556v1_alt	192462	9197	0
chr16_GL383557v1_alt	89672	3739	2
chr17_GL383563v3_alt	375691	1586	1
chr17_KI270862v1_alt	391357	5941	0
chr17_KI270861v1_alt	196688	21882	2
chr17_KI270857v1_alt	2877074	175632	13
chr17_JH159146v1_alt	278131	19642	3
chr17_JH159147v1_alt	70345	6562	0
chr17_GL383564v2_alt	133151	11168	0
chr17_GL000258v2_alt	1821992	67880	7
chr17_GL383565v1_alt	223995	376	0
chr17_KI270858v1_alt	235827	634	0
chr17_KI270859v1_alt	108763	630	0
chr17_GL383566v1_alt	90219	218	0
chr17_KI270860v1_alt	178921	2001	1
chr18_KI270864v1_alt	111737	169	0
chr18_GL383567v1_alt	289831	5042	0
chr18_GL383570v1_alt	164789	334	0
chr18_GL383571v1_alt	198278	5468	1
chr18_GL383568v1_alt	104552	155	0
chr18_GL383569v1_alt	167950	321	0
chr18_GL383572v1_alt	159547	694	0
chr18_KI270863v1_alt	167999	2209	0
chr19_KI270868v1_alt	61734	1327	0
chr19_KI270865v1_alt	52969	538	0
chr19_GL383573v1_alt	385657	13084	4
chr19_GL383575v2_alt	170222	10986	1
chr19_GL383576v1_alt	188024	8479	0
chr19_GL383574v1_alt	155864	3316	0
chr19_KI270866v1_alt	43156	1517	1
chr19_KI270867v1_alt	233762	6413	1
chr19_GL949746v1_alt	987716	27312	2
chr20_GL383577v2_alt	128386	411	0
chr20_KI270869v1_alt	118774	4473	0
chr20_KI270871v1_alt	58661	1350	0
chr20_KI270870v1_alt	183433	7743	0
chr21_GL383578v2_alt	63917	111	0
chr21_KI270874v1_alt	166743	338	0
chr21_KI270873v1_alt	143900	1183	0
chr21_GL383579v2_alt	201197	546	0
chr21_GL383580v2_alt	74653	1046	2
chr21_GL383581v2_alt	116689	10018	1
chr21_KI270872v1_alt	82692	1553	0
chr22_KI270875v1_alt	259914	10597	6
chr22_KI270878v1_alt	186262	2529	0
chr22_KI270879v1_alt	304135	10418	0
chr22_KI270876v1_alt	263666	9199	3
chr22_KI270877v1_alt	101331	2497	0
chr22_GL383583v2_alt	96924	1750	0
chr22_GL383582v2_alt	162811	6995	2
chrX_KI270880v1_alt	284869	673	2
chrX_KI270881v1_alt	144206	3475	2
chr19_KI270882v1_alt	248807	4170	0
chr19_KI270883v1_alt	170399	5421	0
chr19_KI270884v1_alt	157053	7342	0
chr19_KI270885v1_alt	171027	3057	0
chr19_KI270886v1_alt	204239	6657	0
chr19_KI270887v1_alt	209512	4460	0
chr19_KI270888v1_alt	155532	1917	0
chr19_KI270889v1_alt	170698	2855	1
chr19_KI270890v1_alt	184499	4339	2
chr19_KI270891v1_alt	170680	3303	0
chr1_KI270892v1_alt	162212	12172	0
chr2_KI270894v1_alt	214158	8046	0
chr2_KI270893v1_alt	161218	857	0
chr3_KI270895v1_alt	162896	3000	0
chr4_KI270896v1_alt	378547	9986	1
chr5_KI270897v1_alt	1144418	60025	9
chr5_KI270898v1_alt	130957	4017	0
chr6_GL000251v2_alt	4795265	149828	16
chr7_KI270899v1_alt	190869	520	0
chr8_KI270901v1_alt	136959	328	0
chr8_KI270900v1_alt	318687	1219	1
chr11_KI270902v1_alt	106711	20574	3
chr11_KI270903v1_alt	214625	3679	0
chr12_KI270904v1_alt	572349	38834	2
chr15_KI270906v1_alt	196384	10157	0
chr15_KI270905v1_alt	5161414	166798	17
chr17_KI270907v1_alt	137721	599	0
chr17_KI270910v1_alt	157099	2377	0
chr17_KI270909v1_alt	325800	23850	0
chr17_JH159148v1_alt	88070	1473	0
chr17_KI270908v1_alt	1423190	95393	11
chr18_KI270912v1_alt	174061	343	1
chr18_KI270911v1_alt	157710	644	0
chr19_GL949747v2_alt	729520	14104	2
chr22_KB663609v1_alt	74013	2420	0
chrX_KI270913v1_alt	274009	1290	2
chr19_KI270914v1_alt	205194	6491	1
chr19_KI270915v1_alt	170665	3168	0
chr19_KI270916v1_alt	184516	3273	0
chr19_KI270917v1_alt	190932	3824	0
chr19_KI270918v1_alt	123111	2507	0
chr19_KI270919v1_alt	170701	3417	0
chr19_KI270920v1_alt	198005	8635	1
chr19_KI270921v1_alt	282224	4612	0
chr19_KI270922v1_alt	187935	3761	0
chr19_KI270923v1_alt	189352	3393	0
chr3_KI270924v1_alt	166540	3265	1
chr4_KI270925v1_alt	555799	2583	0
chr6_GL000252v2_alt	4604811	115588	11
chr8_KI270926v1_alt	229282	1858	0
chr11_KI270927v1_alt	218612	10668	0
chr19_GL949748v2_alt	1064304	6275	1
chr22_KI270928v1_alt	176103	7630	1
chr19_KI270929v1_alt	186203	5127	1
chr19_KI270930v1_alt	200773	4172	1
chr19_KI270931v1_alt	170148	3623	1
chr19_KI270932v1_alt	215732	5179	0
chr19_KI270933v1_alt	170537	9158	0
chr19_GL000209v2_alt	177381	4718	1
chr3_KI270934v1_alt	163458	3020	0
chr6_GL000253v2_alt	4677643	83301	3
chr19_GL949749v2_alt	1091841	6468	0
chr3_KI270935v1_alt	197351	4343	0
chr6_GL000254v2_alt	4827813	102537	9
chr19_GL949750v2_alt	1066390	6154	0
chr3_KI270936v1_alt	164170	2933	2
chr6_GL000255v2_alt	4606388	108683	17
chr19_GL949751v2_alt	1002683	7338	2
chr3_KI270937v1_alt	165607	2991	1
chr6_GL000256v2_alt	4929269	106128	9
chr19_GL949752v1_alt	987100	22962	2
chr6_KI270758v1_alt	76752	653	0
chr19_GL949753v2_alt	796479	13987	2
chr19_KI270938v1_alt	1066800	28944	0
chrM	16569	34830	10
chrUn_KI270302v1	2274	4	0
chrUn_KI270304v1	2165	4	0
chrUn_KI270303v1	1942	1	0
chrUn_KI270305v1	1472	5	0
chrUn_KI270322v1	21476	5	0
chrUn_KI270320v1	4416	28	0
chrUn_KI270310v1	1201	12	0
chrUn_KI270316v1	1444	1	0
chrUn_KI270315v1	2276	2	0
chrUn_KI270312v1	998	0	0
chrUn_KI270311v1	12399	10	0
chrUn_KI270317v1	37690	4	0
chrUn_KI270412v1	1179	1	0
chrUn_KI270411v1	2646	10	0
chrUn_KI270414v1	2489	3	0
chrUn_KI270419v1	1029	4	0
chrUn_KI270418v1	2145	12	0
chrUn_KI270420v1	2321	15	0
chrUn_KI270424v1	2140	4	0
chrUn_KI270417v1	2043	2	0
chrUn_KI270422v1	1445	0	0
chrUn_KI270423v1	981	0	0
chrUn_KI270425v1	1884	0	0
chrUn_KI270429v1	1361	9	0
chrUn_KI270442v1	392061	16261	20
chrUn_KI270466v1	1233	432	0
chrUn_KI270465v1	1774	16	0
chrUn_KI270467v1	3920	1461	4
chrUn_KI270435v1	92983	437	3
chrUn_KI270438v1	112505	7542	5
chrUn_KI270468v1	4055	13	0
chrUn_KI270510v1	2415	12	0
chrUn_KI270509v1	2318	8	0
chrUn_KI270518v1	2186	12	0
chrUn_KI270508v1	1951	19	0
chrUn_KI270516v1	1300	6	0
chrUn_KI270512v1	22689	140	1
chrUn_KI270519v1	138126	677	0
chrUn_KI270522v1	5674	6	0
chrUn_KI270511v1	8127	24	0
chrUn_KI270515v1	6361	42	0
chrUn_KI270507v1	5353	35	0
chrUn_KI270517v1	3253	20	0
chrUn_KI270529v1	1899	1	0
chrUn_KI270528v1	2983	1	0
chrUn_KI270530v1	2168	3	0
chrUn_KI270539v1	993	0	0
chrUn_KI270538v1	91309	363	0
chrUn_KI270544v1	1202	3	0
chrUn_KI270548v1	1599	0	0
chrUn_KI270583v1	1400	4	0
chrUn_KI270587v1	2969	3	0
chrUn_KI270580v1	1553	6	0
chrUn_KI270581v1	7046	16	0
chrUn_KI270579v1	31033	77	0
chrUn_KI270589v1	44474	326	2
chrUn_KI270590v1	4685	59	0
chrUn_KI270584v1	4513	29	0
chrUn_KI270582v1	6504	22	0
chrUn_KI270588v1	6158	27	0
chrUn_KI270593v1	3041	13	0
chrUn_KI270591v1	5796	76	0
chrUn_KI270330v1	1652	174	0
chrUn_KI270329v1	1040	1	0
chrUn_KI270334v1	1368	0	0
chrUn_KI270333v1	2699	300	0
chrUn_KI270335v1	1048	0	0
chrUn_KI270338v1	1428	3	0
chrUn_KI270340v1	1428	0	0
chrUn_KI270336v1	1026	98	0
chrUn_KI270337v1	1121	326	0
chrUn_KI270363v1	1803	2	0
chrUn_KI270364v1	2855	6	0
chrUn_KI270362v1	3530	9	0
chrUn_KI270366v1	8320	13	0
chrUn_KI270378v1	1048	2	0
chrUn_KI270379v1	1045	0	0
chrUn_KI270389v1	1298	3	0
chrUn_KI270390v1	2387	4	0
chrUn_KI270387v1	1537	1	0
chrUn_KI270395v1	1143	5	0
chrUn_KI270396v1	1880	5	0
chrUn_KI270388v1	1216	0	0
chrUn_KI270394v1	970	3	0
chrUn_KI270386v1	1788	2	0
chrUn_KI270391v1	1484	0	0
chrUn_KI270383v1	1750	0	0
chrUn_KI270393v1	1308	3	0
chrUn_KI270384v1	1658	3	0
chrUn_KI270392v1	971	0	0
chrUn_KI270381v1	1930	2	0
chrUn_KI270385v1	990	2	0
chrUn_KI270382v1	4215	4	0
chrUn_KI270376v1	1136	0	0
chrUn_KI270374v1	2656	6	0
chrUn_KI270372v1	1650	1	0
chrUn_KI270373v1	1451	2	0
chrUn_KI270375v1	2378	3	0
chrUn_KI270371v1	2805	0	0
chrUn_KI270448v1	7992	39	0
chrUn_KI270521v1	7642	21	0
chrUn_GL000195v1	182896	2529	1
chrUn_GL000219v1	179198	9457	0
chrUn_GL000220v1	161802	40192	7
chrUn_GL000224v1	179693	5255	0
chrUn_KI270741v1	157432	344	0
chrUn_GL000226v1	15008	233	0
chrUn_GL000213v1	164239	9794	1
chrUn_KI270743v1	210658	2872	0
chrUn_KI270744v1	168472	35916	1
chrUn_KI270745v1	41891	3017	0
chrUn_KI270746v1	66486	23746	0
chrUn_KI270747v1	198735	2738	0
chrUn_KI270748v1	93321	482	0
chrUn_KI270749v1	158759	1733	0
chrUn_KI270750v1	148850	1927	0
chrUn_KI270751v1	150742	11643	1
chrUn_KI270752v1	27745	1	0
chrUn_KI270753v1	62944	423	0
chrUn_KI270754v1	40191	1267	0
chrUn_KI270755v1	36723	62	0
chrUn_KI270756v1	79590	437	4
chrUn_KI270757v1	71251	516	3
chrUn_GL000214v1	137718	13925	1
chrUn_KI270742v1	186739	23227	3
chrUn_GL000216v2	176608	5923	24
chrUn_GL000218v1	161147	3881	0
chrX	156040895	7185239	820
chrY	57227415	70298	133
chrY_KI270740v1_random	37240	0	0
*	0	0	1143982
