chr1	248956422	4663343	54
chr10	133797422	1985403	32
chr11	135086622	2305866	54
chr11_KI270721v1_random	100316	227	0
chr12	133275309	2428441	35
chr13	114364328	936169	22
chr14	107043718	1466296	12
chr14_GL000009v2_random	201709	1785	0
chr14_GL000225v1_random	211173	809	1
chr14_KI270722v1_random	194050	204	0
chr14_GL000194v1_random	191469	3013	1
chr14_KI270723v1_random	38115	476	0
chr14_KI270724v1_random	39555	732	0
chr14_KI270725v1_random	172810	1875	0
chr14_KI270726v1_random	43739	765	0
chr15	101991189	1648383	27
chr15_KI270727v1_random	448248	8711	0
chr16	90338345	1641728	18
chr16_KI270728v1_random	1872759	31624	1
chr17	83257441	2252736	33
chr17_GL000205v2_random	185591	3439	0
chr17_KI270729v1_random	280839	667	0
chr17_KI270730v1_random	112551	221	0
chr18	80373285	766274	10
chr19	58617616	2088611	417
chr1_KI270706v1_random	175055	2372	0
chr1_KI270707v1_random	32032	18	0
chr1_KI270708v1_random	127682	1666	0
chr1_KI270709v1_random	66860	322	0
chr1_KI270710v1_random	40176	15	0
chr1_KI270711v1_random	42210	15206	0
chr1_KI270712v1_random	176043	2115	0
chr1_KI270713v1_random	40745	2781	0
chr1_KI270714v1_random	41717	1117	0
chr2	242193529	3819657	61
chr20	64444167	971128	16
chr21	46709983	488156	2
chr22	50818468	814961	11
chr22_KI270731v1_random	150754	1749	0
chr22_KI270732v1_random	41543	338	0
chr22_KI270733v1_random	179772	3717	0
chr22_KI270734v1_random	165050	2660	0
chr22_KI270735v1_random	42811	198	0
chr22_KI270736v1_random	181920	284	0
chr22_KI270737v1_random	103838	135	0
chr22_KI270738v1_random	99375	38	0
chr22_KI270739v1_random	73985	7	0
chr2_KI270715v1_random	161471	33	0
chr2_KI270716v1_random	153799	36	0
chr3	198295559	2696181	39
chr3_GL000221v1_random	155397	3120	0
chr4	190214555	1955398	23
chr4_GL000008v2_random	209709	1880	0
chr5	181538259	2091725	26
chr5_GL000208v1_random	92689	23	0
chr6	170805979	2099425	24
chr7	159345973	2387544	33
chr8	145138636	1511012	18
chr9	138394717	1889223	25
chr9_KI270717v1_random	40062	335	0
chr9_KI270718v1_random	38054	787	0
chr9_KI270719v1_random	176845	2603	0
chr9_KI270720v1_random	39050	1427	0
chr1_KI270762v1_alt	354444	4346	0
chr1_KI270766v1_alt	256271	16995	0
chr1_KI270760v1_alt	109528	21	0
chr1_KI270765v1_alt	185285	1544	0
chr1_GL383518v1_alt	182439	5405	0
chr1_GL383519v1_alt	110268	5894	0
chr1_GL383520v2_alt	366580	1971	0
chr1_KI270764v1_alt	50258	16	0
chr1_KI270763v1_alt	911658	7610	1
chr1_KI270759v1_alt	425601	1508	0
chr1_KI270761v1_alt	165834	2929	0
chr2_KI270770v1_alt	136240	67	0
chr2_KI270773v1_alt	70887	529	0
chr2_KI270774v1_alt	223625	2820	0
chr2_KI270769v1_alt	120616	993	0
chr2_GL383521v1_alt	143390	53	0
chr2_KI270772v1_alt	133041	638	0
chr2_KI270775v1_alt	138019	23	0
chr2_KI270771v1_alt	110395	18	0
chr2_KI270768v1_alt	110099	1182	0
chr2_GL582966v2_alt	96131	2005	0
chr2_GL383522v1_alt	123821	3841	0
chr2_KI270776v1_alt	174166	659	0
chr2_KI270767v1_alt	161578	216	0
chr3_JH636055v2_alt	173151	2148	0
chr3_KI270783v1_alt	109187	41	0
chr3_KI270780v1_alt	224108	1962	0
chr3_GL383526v1_alt	180671	1017	0
chr3_KI270777v1_alt	173649	2258	0
chr3_KI270778v1_alt	248252	25	0
chr3_KI270781v1_alt	113034	25	0
chr3_KI270779v1_alt	205312	9328	0
chr3_KI270782v1_alt	162429	539	0
chr3_KI270784v1_alt	184404	3276	0
chr4_KI270790v1_alt	220246	113	0
chr4_GL383528v1_alt	376187	70	0
chr4_KI270787v1_alt	111943	42	0
chr4_GL000257v2_alt	586476	10601	1
chr4_KI270788v1_alt	158965	26	0
chr4_GL383527v1_alt	164536	2806	1
chr4_KI270785v1_alt	119912	15	0
chr4_KI270789v1_alt	205944	464	0
chr4_KI270786v1_alt	244096	22	0
chr5_KI270793v1_alt	126136	382	0
chr5_KI270792v1_alt	179043	1398	0
chr5_KI270791v1_alt	195710	2663	0
chr5_GL383532v1_alt	82728	12	0
chr5_GL949742v1_alt	226852	94	0
chr5_KI270794v1_alt	164558	812	0
chr5_GL339449v2_alt	1612928	25267	0
chr5_GL383530v1_alt	101241	15	0
chr5_KI270796v1_alt	172708	31	0
chr5_GL383531v1_alt	173459	29	0
chr5_KI270795v1_alt	131892	1062	0
chr6_GL000250v2_alt	4672374	5279	0
chr6_KI270800v1_alt	175808	747	0
chr6_KI270799v1_alt	152148	17	0
chr6_GL383533v1_alt	124736	495	0
chr6_KI270801v1_alt	870480	4743	0
chr6_KI270802v1_alt	75005	67	0
chr6_KB021644v2_alt	185823	46	0
chr6_KI270797v1_alt	197536	2930	0
chr6_KI270798v1_alt	271782	2673	0
chr7_KI270804v1_alt	157952	79	0
chr7_KI270809v1_alt	209586	4334	0
chr7_KI270806v1_alt	158166	2160	0
chr7_GL383534v2_alt	119183	3063	0
chr7_KI270803v1_alt	1111570	24302	0
chr7_KI270808v1_alt	271455	601	0
chr7_KI270807v1_alt	126434	57	0
chr7_KI270805v1_alt	209988	132	0
chr8_KI270818v1_alt	145606	56	0
chr8_KI270812v1_alt	282736	69	0
chr8_KI270811v1_alt	292436	133	0
chr8_KI270821v1_alt	985506	6235	0
chr8_KI270813v1_alt	300230	8260	0
chr8_KI270822v1_alt	624492	8712	0
chr8_KI270814v1_alt	141812	147	0
chr8_KI270810v1_alt	374415	80	0
chr8_KI270819v1_alt	133535	1018	0
chr8_KI270820v1_alt	36640	114	0
chr8_KI270817v1_alt	158983	712	0
chr8_KI270816v1_alt	305841	5643	0
chr8_KI270815v1_alt	132244	822	0
chr9_GL383539v1_alt	162988	588	0
chr9_GL383540v1_alt	71551	938	0
chr9_GL383541v1_alt	171286	1276	0
chr9_GL383542v1_alt	60032	617	0
chr9_KI270823v1_alt	439082	1724	0
chr10_GL383545v1_alt	179254	1682	0
chr10_KI270824v1_alt	181496	782	0
chr10_GL383546v1_alt	309802	2577	0
chr10_KI270825v1_alt	188315	2384	0
chr11_KI270832v1_alt	210133	6899	0
chr11_KI270830v1_alt	177092	1117	0
chr11_KI270831v1_alt	296895	4913	0
chr11_KI270829v1_alt	204059	1864	0
chr11_GL383547v1_alt	154407	12	0
chr11_JH159136v1_alt	200998	4512	0
chr11_JH159137v1_alt	191409	1546	0
chr11_KI270827v1_alt	67707	10	0
chr11_KI270826v1_alt	186169	64	0
chr12_GL877875v1_alt	167313	1690	0
chr12_GL877876v1_alt	408271	6947	0
chr12_KI270837v1_alt	40090	3363	0
chr12_GL383549v1_alt	120804	28	0
chr12_KI270835v1_alt	238139	5207	0
chr12_GL383550v2_alt	169178	1199	0
chr12_GL383552v1_alt	138655	484	0
chr12_GL383553v2_alt	152874	1799	0
chr12_KI270834v1_alt	119498	5945	0
chr12_GL383551v1_alt	184319	52	0
chr12_KI270833v1_alt	76061	2381	0
chr12_KI270836v1_alt	56134	113	0
chr13_KI270840v1_alt	191684	2067	0
chr13_KI270839v1_alt	180306	479	0
chr13_KI270843v1_alt	103832	10	0
chr13_KI270841v1_alt	169134	18	0
chr13_KI270838v1_alt	306913	1338	0
chr13_KI270842v1_alt	37287	164	0
chr14_KI270844v1_alt	322166	5299	0
chr14_KI270847v1_alt	1511111	19838	0
chr14_KI270845v1_alt	180703	506	0
chr14_KI270846v1_alt	1351393	25950	0
chr15_KI270852v1_alt	478999	9327	0
chr15_KI270851v1_alt	263054	10921	0
chr15_KI270848v1_alt	327382	7036	0
chr15_GL383554v1_alt	296527	7466	0
chr15_KI270849v1_alt	244917	1901	0
chr15_GL383555v2_alt	388773	1096	0
chr15_KI270850v1_alt	430880	15614	0
chr16_KI270854v1_alt	134193	1315	0
chr16_KI270856v1_alt	63982	165	0
chr16_KI270855v1_alt	232857	3523	0
chr16_KI270853v1_alt	2659700	64638	2
chr16_GL383556v1_alt	192462	3012	0
chr16_GL383557v1_alt	89672	1426	0
chr17_GL383563v3_alt	375691	1241	0
chr17_KI270862v1_alt	391357	3259	0
chr17_KI270861v1_alt	196688	7074	0
chr17_KI270857v1_alt	2877074	63334	1
chr17_JH159146v1_alt	278131	7566	0
chr17_JH159147v1_alt	70345	2911	0
chr17_GL383564v2_alt	133151	5108	0
chr17_GL000258v2_alt	1821992	14896	0
chr17_GL383565v1_alt	223995	28	0
chr17_KI270858v1_alt	235827	106	0
chr17_KI270859v1_alt	108763	87	0
chr17_GL383566v1_alt	90219	47	0
chr17_KI270860v1_alt	178921	1937	0
chr18_KI270864v1_alt	111737	27	0
chr18_GL383567v1_alt	289831	988	0
chr18_GL383570v1_alt	164789	41	0
chr18_GL383571v1_alt	198278	945	0
chr18_GL383568v1_alt	104552	12	0
chr18_GL383569v1_alt	167950	45	0
chr18_GL383572v1_alt	159547	212	0
chr18_KI270863v1_alt	167999	716	0
chr19_KI270868v1_alt	61734	857	0
chr19_KI270865v1_alt	52969	976	0
chr19_GL383573v1_alt	385657	3628	0
chr19_GL383575v2_alt	170222	2523	0
chr19_GL383576v1_alt	188024	2105	0
chr19_GL383574v1_alt	155864	1225	0
chr19_KI270866v1_alt	43156	824	0
chr19_KI270867v1_alt	233762	2854	0
chr19_GL949746v1_alt	987716	15799	0
chr20_GL383577v2_alt	128386	47	0
chr20_KI270869v1_alt	118774	1477	0
chr20_KI270871v1_alt	58661	680	0
chr20_KI270870v1_alt	183433	2625	0
chr21_GL383578v2_alt	63917	19	0
chr21_KI270874v1_alt	166743	37	0
chr21_KI270873v1_alt	143900	287	0
chr21_GL383579v2_alt	201197	59	0
chr21_GL383580v2_alt	74653	447	0
chr21_GL383581v2_alt	116689	2813	0
chr21_KI270872v1_alt	82692	1337	0
chr22_KI270875v1_alt	259914	3284	0
chr22_KI270878v1_alt	186262	782	0
chr22_KI270879v1_alt	304135	6340	0
chr22_KI270876v1_alt	263666	2306	1
chr22_KI270877v1_alt	101331	668	0
chr22_GL383583v2_alt	96924	886	0
chr22_GL383582v2_alt	162811	2354	0
chrX_KI270880v1_alt	284869	441	0
chrX_KI270881v1_alt	144206	1035	0
chr19_KI270882v1_alt	248807	1042	0
chr19_KI270883v1_alt	170399	2290	0
chr19_KI270884v1_alt	157053	1038	0
chr19_KI270885v1_alt	171027	2628	0
chr19_KI270886v1_alt	204239	1059	0
chr19_KI270887v1_alt	209512	1794	0
chr19_KI270888v1_alt	155532	1529	0
chr19_KI270889v1_alt	170698	2590	0
chr19_KI270890v1_alt	184499	888	0
chr19_KI270891v1_alt	170680	2372	0
chr1_KI270892v1_alt	162212	2788	0
chr2_KI270894v1_alt	214158	3669	0
chr2_KI270893v1_alt	161218	203	0
chr3_KI270895v1_alt	162896	2475	0
chr4_KI270896v1_alt	378547	4488	0
chr5_KI270897v1_alt	1144418	15276	0
chr5_KI270898v1_alt	130957	968	0
chr6_GL000251v2_alt	4795265	21198	0
chr7_KI270899v1_alt	190869	1336	0
chr8_KI270901v1_alt	136959	62	0
chr8_KI270900v1_alt	318687	574	0
chr11_KI270902v1_alt	106711	18216	1
chr11_KI270903v1_alt	214625	1711	0
chr12_KI270904v1_alt	572349	8598	1
chr15_KI270906v1_alt	196384	3969	0
chr15_KI270905v1_alt	5161414	63052	0
chr17_KI270907v1_alt	137721	157	0
chr17_KI270910v1_alt	157099	1731	0
chr17_KI270909v1_alt	325800	12464	0
chr17_JH159148v1_alt	88070	818	0
chr17_KI270908v1_alt	1423190	23664	0
chr18_KI270912v1_alt	174061	45	0
chr18_KI270911v1_alt	157710	203	0
chr19_GL949747v2_alt	729520	5827	0
chr22_KB663609v1_alt	74013	1136	0
chrX_KI270913v1_alt	274009	1186	0
chr19_KI270914v1_alt	205194	1515	0
chr19_KI270915v1_alt	170665	2472	0
chr19_KI270916v1_alt	184516	956	0
chr19_KI270917v1_alt	190932	2522	0
chr19_KI270918v1_alt	123111	1458	0
chr19_KI270919v1_alt	170701	2854	0
chr19_KI270920v1_alt	198005	3113	0
chr19_KI270921v1_alt	282224	1225	0
chr19_KI270922v1_alt	187935	2561	0
chr19_KI270923v1_alt	189352	1981	0
chr3_KI270924v1_alt	166540	4751	0
chr4_KI270925v1_alt	555799	649	0
chr6_GL000252v2_alt	4604811	22592	0
chr8_KI270926v1_alt	229282	739	0
chr11_KI270927v1_alt	218612	11341	0
chr19_GL949748v2_alt	1064304	2971	1
chr22_KI270928v1_alt	176103	2827	0
chr19_KI270929v1_alt	186203	2670	0
chr19_KI270930v1_alt	200773	1447	0
chr19_KI270931v1_alt	170148	2410	0
chr19_KI270932v1_alt	215732	1463	0
chr19_KI270933v1_alt	170537	2984	0
chr19_GL000209v2_alt	177381	751	0
chr3_KI270934v1_alt	163458	2386	0
chr6_GL000253v2_alt	4677643	12411	0
chr19_GL949749v2_alt	1091841	2751	0
chr3_KI270935v1_alt	197351	2720	0
chr6_GL000254v2_alt	4827813	16815	1
chr19_GL949750v2_alt	1066390	2501	0
chr3_KI270936v1_alt	164170	2857	0
chr6_GL000255v2_alt	4606388	17047	0
chr19_GL949751v2_alt	1002683	3270	0
chr3_KI270937v1_alt	165607	2639	0
chr6_GL000256v2_alt	4929269	19655	0
chr19_GL949752v1_alt	987100	13166	0
chr6_KI270758v1_alt	76752	179	0
chr19_GL949753v2_alt	796479	8263	0
chr19_KI270938v1_alt	1066800	15427	0
chrM	16569	11499	0
chrUn_KI270302v1	2274	0	0
chrUn_KI270304v1	2165	0	0
chrUn_KI270303v1	1942	0	0
chrUn_KI270305v1	1472	0	0
chrUn_KI270322v1	21476	0	0
chrUn_KI270320v1	4416	0	0
chrUn_KI270310v1	1201	2	0
chrUn_KI270316v1	1444	0	0
chrUn_KI270315v1	2276	1	0
chrUn_KI270312v1	998	0	0
chrUn_KI270311v1	12399	0	0
chrUn_KI270317v1	37690	0	0
chrUn_KI270412v1	1179	2	0
chrUn_KI270411v1	2646	2	0
chrUn_KI270414v1	2489	2	0
chrUn_KI270419v1	1029	0	0
chrUn_KI270418v1	2145	0	0
chrUn_KI270420v1	2321	0	0
chrUn_KI270424v1	2140	0	0
chrUn_KI270417v1	2043	0	0
chrUn_KI270422v1	1445	0	0
chrUn_KI270423v1	981	0	0
chrUn_KI270425v1	1884	0	0
chrUn_KI270429v1	1361	4	0
chrUn_KI270442v1	392061	3626	1
chrUn_KI270466v1	1233	45	0
chrUn_KI270465v1	1774	5	0
chrUn_KI270467v1	3920	181	0
chrUn_KI270435v1	92983	90	0
chrUn_KI270438v1	112505	727	2
chrUn_KI270468v1	4055	0	0
chrUn_KI270510v1	2415	4	0
chrUn_KI270509v1	2318	2	0
chrUn_KI270518v1	2186	4	0
chrUn_KI270508v1	1951	2	0
chrUn_KI270516v1	1300	0	0
chrUn_KI270512v1	22689	13	0
chrUn_KI270519v1	138126	58	0
chrUn_KI270522v1	5674	1	0
chrUn_KI270511v1	8127	2	0
chrUn_KI270515v1	6361	2	0
chrUn_KI270507v1	5353	4	0
chrUn_KI270517v1	3253	2	0
chrUn_KI270529v1	1899	0	0
chrUn_KI270528v1	2983	2	0
chrUn_KI270530v1	2168	1	0
chrUn_KI270539v1	993	0	0
chrUn_KI270538v1	91309	62	0
chrUn_KI270544v1	1202	0	0
chrUn_KI270548v1	1599	0	0
chrUn_KI270583v1	1400	0	0
chrUn_KI270587v1	2969	2	0
chrUn_KI270580v1	1553	0	0
chrUn_KI270581v1	7046	2	0
chrUn_KI270579v1	31033	11	0
chrUn_KI270589v1	44474	25	0
chrUn_KI270590v1	4685	11	0
chrUn_KI270584v1	4513	1	0
chrUn_KI270582v1	6504	0	0
chrUn_KI270588v1	6158	1	0
chrUn_KI270593v1	3041	0	0
chrUn_KI270591v1	5796	11	0
chrUn_KI270330v1	1652	7	0
chrUn_KI270329v1	1040	0	0
chrUn_KI270334v1	1368	0	0
chrUn_KI270333v1	2699	21	0
chrUn_KI270335v1	1048	2	0
chrUn_KI270338v1	1428	1	0
chrUn_KI270340v1	1428	0	0
chrUn_KI270336v1	1026	9	0
chrUn_KI270337v1	1121	24	0
chrUn_KI270363v1	1803	2	0
chrUn_KI270364v1	2855	0	0
chrUn_KI270362v1	3530	0	0
chrUn_KI270366v1	8320	4	0
chrUn_KI270378v1	1048	0	0
chrUn_KI270379v1	1045	0	0
chrUn_KI270389v1	1298	0	0
chrUn_KI270390v1	2387	0	0
chrUn_KI270387v1	1537	0	0
chrUn_KI270395v1	1143	0	0
chrUn_KI270396v1	1880	0	0
chrUn_KI270388v1	1216	0	0
chrUn_KI270394v1	970	2	0
chrUn_KI270386v1	1788	0	0
chrUn_KI270391v1	1484	0	0
chrUn_KI270383v1	1750	0	0
chrUn_KI270393v1	1308	0	0
chrUn_KI270384v1	1658	0	0
chrUn_KI270392v1	971	0	0
chrUn_KI270381v1	1930	0	0
chrUn_KI270385v1	990	0	0
chrUn_KI270382v1	4215	4	0
chrUn_KI270376v1	1136	0	0
chrUn_KI270374v1	2656	0	0
chrUn_KI270372v1	1650	0	0
chrUn_KI270373v1	1451	0	0
chrUn_KI270375v1	2378	0	0
chrUn_KI270371v1	2805	0	0
chrUn_KI270448v1	7992	2	0
chrUn_KI270521v1	7642	2	0
chrUn_GL000195v1	182896	589	0
chrUn_GL000219v1	179198	1784	0
chrUn_GL000220v1	161802	2929	0
chrUn_GL000224v1	179693	2604	0
chrUn_KI270741v1	157432	32	0
chrUn_GL000226v1	15008	22	0
chrUn_GL000213v1	164239	4329	0
chrUn_KI270743v1	210658	833	0
chrUn_KI270744v1	168472	7282	1
chrUn_KI270745v1	41891	82	0
chrUn_KI270746v1	66486	8738	0
chrUn_KI270747v1	198735	618	0
chrUn_KI270748v1	93321	33	0
chrUn_KI270749v1	158759	943	0
chrUn_KI270750v1	148850	2122	0
chrUn_KI270751v1	150742	1341	0
chrUn_KI270752v1	27745	0	0
chrUn_KI270753v1	62944	48	0
chrUn_KI270754v1	40191	97	0
chrUn_KI270755v1	36723	5	0
chrUn_KI270756v1	79590	56	2
chrUn_KI270757v1	71251	56	0
chrUn_GL000214v1	137718	1334	0
chrUn_KI270742v1	186739	3962	0
chrUn_GL000216v2	176608	558	1
chrUn_GL000218v1	161147	4972	0
chrX	156040895	2179849	37
chrY	57227415	34098	5
chrY_KI270740v1_random	37240	0	0
*	0	0	4600
