# This file was produced by samtools stats (1.23+htslib-1.23) and can be plotted using plot-bamstats
# This file contains statistics for all reads.
# The command line was:  stats data/AFR/MSL/HG03078/aligned/HG03078.bam
# CHK, Checksum	[2]Read Names	[3]Sequences	[4]Qualities
# CHK, CRC32 of reads which passed filtering followed by addition (32bit overflow)
CHK	087c9169	deedf963	fd32f0be
# Summary Numbers. Use `grep ^SN | cut -f 2-` to extract this part.
SN	raw total sequences:	7053342	# excluding supplementary and secondary reads
SN	filtered sequences:	0
SN	sequences:	7053342
SN	is sorted:	1	# sorted by coordinate
SN	1st fragments:	3526671
SN	last fragments:	3526671
SN	reads mapped:	7021787
SN	reads mapped and paired:	6995052	# paired-end technology bit set + both mates mapped
SN	reads unmapped:	31555
SN	reads properly paired:	6942120	# proper-pair bit set
SN	reads paired:	7053342	# paired-end technology bit set
SN	reads duplicated:	0	# PCR or optical duplicate bit set
SN	reads MQ0:	759320	# mapped and MQ=0
SN	reads QC failed:	0
SN	non-primary alignments:	0
SN	supplementary alignments:	2488
SN	total length:	534662106	# ignores clipping
SN	total first fragment length:	267331053	# ignores clipping
SN	total last fragment length:	267331053	# ignores clipping
SN	bases mapped:	532265128	# ignores clipping
SN	bases mapped (cigar):	531391314	# more accurate
SN	bases trimmed:	0
SN	bases duplicated:	0
SN	mismatches:	1261666	# from NM fields
SN	error rate:	2.374269e-03	# mismatches / bases mapped (cigar)
SN	average length:	76
SN	average first fragment length:	76
SN	average last fragment length:	76
SN	maximum length:	76
SN	maximum first fragment length:	76
SN	maximum last fragment length:	76
SN	average quality:	30.0
SN	insert size average:	126.4
SN	insert size standard deviation:	38.0
SN	inward oriented pairs:	3483655
SN	outward oriented pairs:	1345
SN	pairs with other orientation:	780
SN	pairs on different chromosomes:	11746
SN	percentage of properly paired reads (%):	98.4
# First Fragment Qualities. Use `grep ^FFQ | cut -f 2-` to extract this part.
# Columns correspond to qualities and rows to cycles. First column is the cycle number.
FFQ	1	0	0	0	0	0	0	0	0	0	0	0	0	0	0	0	0	0	0	0	0	0	0	0	0	0	0	0	0	0	0	3526671	0
FFQ	2	0	0	0	0	0	0	0	0	0	0	0	0	0	0	0	0	0	0	0	0	0	0	0	0	0	0	0	0	0	0	3526671	0
FFQ	3	0	0	0	0	0	0	0	0	0	0	0	0	0	0	0	0	0	0	0	0	0	0	0	0	0	0	0	0	0	0	3526671	0
FFQ	4	0	0	0	0	0	0	0	0	0	0	0	0	0	0	0	0	0	0	0	0	0	0	0	0	0	0	0	0	0	0	3526671	0
FFQ	5	0	0	0	0	0	0	0	0	0	0	0	0	0	0	0	0	0	0	0	0	0	0	0	0	0	0	0	0	0	0	3526671	0
FFQ	6	0	0	0	0	0	0	0	0	0	0	0	0	0	0	0	0	0	0	0	0	0	0	0	0	0	0	0	0	0	0	3526671	0
FFQ	7	0	0	0	0	0	0	0	0	0	0	0	0	0	0	0	0	0	0	0	0	0	0	0	0	0	0	0	0	0	0	3526671	0
FFQ	8	0	0	0	0	0	0	0	0	0	0	0	0	0	0	0	0	0	0	0	0	0	0	0	0	0	0	0	0	0	0	3526671	0
FFQ	9	0	0	0	0	0	0	0	0	0	0	0	0	0	0	0	0	0	0	0	0	0	0	0	0	0	0	0	0	0	0	3526671	0
FFQ	10	0	0	0	0	0	0	0	0	0	0	0	0	0	0	0	0	0	0	0	0	0	0	0	0	0	0	0	0	0	0	3526671	0
FFQ	11	0	0	0	0	0	0	0	0	0	0	0	0	0	0	0	0	0	0	0	0	0	0	0	0	0	0	0	0	0	0	3526671	0
FFQ	12	0	0	0	0	0	0	0	0	0	0	0	0	0	0	0	0	0	0	0	0	0	0	0	0	0	0	0	0	0	0	3526671	0
FFQ	13	0	0	0	0	0	0	0	0	0	0	0	0	0	0	0	0	0	0	0	0	0	0	0	0	0	0	0	0	0	0	3526671	0
FFQ	14	0	0	0	0	0	0	0	0	0	0	0	0	0	0	0	0	0	0	0	0	0	0	0	0	0	0	0	0	0	0	3526671	0
FFQ	15	0	0	0	0	0	0	0	0	0	0	0	0	0	0	0	0	0	0	0	0	0	0	0	0	0	0	0	0	0	0	3526671	0
FFQ	16	0	0	0	0	0	0	0	0	0	0	0	0	0	0	0	0	0	0	0	0	0	0	0	0	0	0	0	0	0	0	3526671	0
FFQ	17	0	0	0	0	0	0	0	0	0	0	0	0	0	0	0	0	0	0	0	0	0	0	0	0	0	0	0	0	0	0	3526671	0
FFQ	18	0	0	0	0	0	0	0	0	0	0	0	0	0	0	0	0	0	0	0	0	0	0	0	0	0	0	0	0	0	0	3526671	0
FFQ	19	0	0	0	0	0	0	0	0	0	0	0	0	0	0	0	0	0	0	0	0	0	0	0	0	0	0	0	0	0	0	3526671	0
FFQ	20	0	0	0	0	0	0	0	0	0	0	0	0	0	0	0	0	0	0	0	0	0	0	0	0	0	0	0	0	0	0	3526671	0
FFQ	21	0	0	0	0	0	0	0	0	0	0	0	0	0	0	0	0	0	0	0	0	0	0	0	0	0	0	0	0	0	0	3526671	0
FFQ	22	0	0	0	0	0	0	0	0	0	0	0	0	0	0	0	0	0	0	0	0	0	0	0	0	0	0	0	0	0	0	3526671	0
FFQ	23	0	0	0	0	0	0	0	0	0	0	0	0	0	0	0	0	0	0	0	0	0	0	0	0	0	0	0	0	0	0	3526671	0
FFQ	24	0	0	0	0	0	0	0	0	0	0	0	0	0	0	0	0	0	0	0	0	0	0	0	0	0	0	0	0	0	0	3526671	0
FFQ	25	0	0	0	0	0	0	0	0	0	0	0	0	0	0	0	0	0	0	0	0	0	0	0	0	0	0	0	0	0	0	3526671	0
FFQ	26	0	0	0	0	0	0	0	0	0	0	0	0	0	0	0	0	0	0	0	0	0	0	0	0	0	0	0	0	0	0	3526671	0
FFQ	27	0	0	0	0	0	0	0	0	0	0	0	0	0	0	0	0	0	0	0	0	0	0	0	0	0	0	0	0	0	0	3526671	0
FFQ	28	0	0	0	0	0	0	0	0	0	0	0	0	0	0	0	0	0	0	0	0	0	0	0	0	0	0	0	0	0	0	3526671	0
FFQ	29	0	0	0	0	0	0	0	0	0	0	0	0	0	0	0	0	0	0	0	0	0	0	0	0	0	0	0	0	0	0	3526671	0
FFQ	30	0	0	0	0	0	0	0	0	0	0	0	0	0	0	0	0	0	0	0	0	0	0	0	0	0	0	0	0	0	0	3526671	0
FFQ	31	0	0	0	0	0	0	0	0	0	0	0	0	0	0	0	0	0	0	0	0	0	0	0	0	0	0	0	0	0	0	3526671	0
FFQ	32	0	0	0	0	0	0	0	0	0	0	0	0	0	0	0	0	0	0	0	0	0	0	0	0	0	0	0	0	0	0	3526586	0
FFQ	33	0	0	0	0	0	0	0	0	0	0	0	0	0	0	0	0	0	0	0	0	0	0	0	0	0	0	0	0	0	0	3526516	0
FFQ	34	0	0	0	0	0	0	0	0	0	0	0	0	0	0	0	0	0	0	0	0	0	0	0	0	0	0	0	0	0	0	3526444	0
FFQ	35	0	0	0	0	0	0	0	0	0	0	0	0	0	0	0	0	0	0	0	0	0	0	0	0	0	0	0	0	0	0	3526372	0
FFQ	36	0	0	0	0	0	0	0	0	0	0	0	0	0	0	0	0	0	0	0	0	0	0	0	0	0	0	0	0	0	0	3526305	0
FFQ	37	0	0	0	0	0	0	0	0	0	0	0	0	0	0	0	0	0	0	0	0	0	0	0	0	0	0	0	0	0	0	3526241	0
FFQ	38	0	0	0	0	0	0	0	0	0	0	0	0	0	0	0	0	0	0	0	0	0	0	0	0	0	0	0	0	0	0	3526178	0
FFQ	39	0	0	0	0	0	0	0	0	0	0	0	0	0	0	0	0	0	0	0	0	0	0	0	0	0	0	0	0	0	0	3526089	0
FFQ	40	0	0	0	0	0	0	0	0	0	0	0	0	0	0	0	0	0	0	0	0	0	0	0	0	0	0	0	0	0	0	3526012	0
FFQ	41	0	0	0	0	0	0	0	0	0	0	0	0	0	0	0	0	0	0	0	0	0	0	0	0	0	0	0	0	0	0	3525927	0
FFQ	42	0	0	0	0	0	0	0	0	0	0	0	0	0	0	0	0	0	0	0	0	0	0	0	0	0	0	0	0	0	0	3525861	0
FFQ	43	0	0	0	0	0	0	0	0	0	0	0	0	0	0	0	0	0	0	0	0	0	0	0	0	0	0	0	0	0	0	3525787	0
FFQ	44	0	0	0	0	0	0	0	0	0	0	0	0	0	0	0	0	0	0	0	0	0	0	0	0	0	0	0	0	0	0	3525719	0
FFQ	45	0	0	0	0	0	0	0	0	0	0	0	0	0	0	0	0	0	0	0	0	0	0	0	0	0	0	0	0	0	0	3525657	0
FFQ	46	0	0	0	0	0	0	0	0	0	0	0	0	0	0	0	0	0	0	0	0	0	0	0	0	0	0	0	0	0	0	3525602	0
FFQ	47	0	0	0	0	0	0	0	0	0	0	0	0	0	0	0	0	0	0	0	0	0	0	0	0	0	0	0	0	0	0	3525527	0
FFQ	48	0	0	0	0	0	0	0	0	0	0	0	0	0	0	0	0	0	0	0	0	0	0	0	0	0	0	0	0	0	0	3525461	0
FFQ	49	0	0	0	0	0	0	0	0	0	0	0	0	0	0	0	0	0	0	0	0	0	0	0	0	0	0	0	0	0	0	3525403	0
FFQ	50	0	0	0	0	0	0	0	0	0	0	0	0	0	0	0	0	0	0	0	0	0	0	0	0	0	0	0	0	0	0	3525328	0
FFQ	51	0	0	0	0	0	0	0	0	0	0	0	0	0	0	0	0	0	0	0	0	0	0	0	0	0	0	0	0	0	0	3525256	0
FFQ	52	0	0	0	0	0	0	0	0	0	0	0	0	0	0	0	0	0	0	0	0	0	0	0	0	0	0	0	0	0	0	3525163	0
FFQ	53	0	0	0	0	0	0	0	0	0	0	0	0	0	0	0	0	0	0	0	0	0	0	0	0	0	0	0	0	0	0	3525058	0
FFQ	54	0	0	0	0	0	0	0	0	0	0	0	0	0	0	0	0	0	0	0	0	0	0	0	0	0	0	0	0	0	0	3524916	0
FFQ	55	0	0	0	0	0	0	0	0	0	0	0	0	0	0	0	0	0	0	0	0	0	0	0	0	0	0	0	0	0	0	3524727	0
FFQ	56	0	0	0	0	0	0	0	0	0	0	0	0	0	0	0	0	0	0	0	0	0	0	0	0	0	0	0	0	0	0	3524469	0
FFQ	57	0	0	0	0	0	0	0	0	0	0	0	0	0	0	0	0	0	0	0	0	0	0	0	0	0	0	0	0	0	0	3524099	0
FFQ	58	0	0	0	0	0	0	0	0	0	0	0	0	0	0	0	0	0	0	0	0	0	0	0	0	0	0	0	0	0	0	3523666	0
FFQ	59	0	0	0	0	0	0	0	0	0	0	0	0	0	0	0	0	0	0	0	0	0	0	0	0	0	0	0	0	0	0	3523094	0
FFQ	60	0	0	0	0	0	0	0	0	0	0	0	0	0	0	0	0	0	0	0	0	0	0	0	0	0	0	0	0	0	0	3522280	0
FFQ	61	0	0	0	0	0	0	0	0	0	0	0	0	0	0	0	0	0	0	0	0	0	0	0	0	0	0	0	0	0	0	3521154	0
FFQ	62	0	0	0	0	0	0	0	0	0	0	0	0	0	0	0	0	0	0	0	0	0	0	0	0	0	0	0	0	0	0	3519671	0
FFQ	63	0	0	0	0	0	0	0	0	0	0	0	0	0	0	0	0	0	0	0	0	0	0	0	0	0	0	0	0	0	0	3517888	0
FFQ	64	0	0	0	0	0	0	0	0	0	0	0	0	0	0	0	0	0	0	0	0	0	0	0	0	0	0	0	0	0	0	3515574	0
FFQ	65	0	0	0	0	0	0	0	0	0	0	0	0	0	0	0	0	0	0	0	0	0	0	0	0	0	0	0	0	0	0	3512624	0
FFQ	66	0	0	0	0	0	0	0	0	0	0	0	0	0	0	0	0	0	0	0	0	0	0	0	0	0	0	0	0	0	0	3509064	0
FFQ	67	0	0	0	0	0	0	0	0	0	0	0	0	0	0	0	0	0	0	0	0	0	0	0	0	0	0	0	0	0	0	3504701	0
FFQ	68	0	0	0	0	0	0	0	0	0	0	0	0	0	0	0	0	0	0	0	0	0	0	0	0	0	0	0	0	0	0	3499445	0
FFQ	69	0	0	0	0	0	0	0	0	0	0	0	0	0	0	0	0	0	0	0	0	0	0	0	0	0	0	0	0	0	0	3493244	0
FFQ	70	0	0	0	0	0	0	0	0	0	0	0	0	0	0	0	0	0	0	0	0	0	0	0	0	0	0	0	0	0	0	3486031	0
FFQ	71	0	0	0	0	0	0	0	0	0	0	0	0	0	0	0	0	0	0	0	0	0	0	0	0	0	0	0	0	0	0	3477636	0
FFQ	72	0	0	0	0	0	0	0	0	0	0	0	0	0	0	0	0	0	0	0	0	0	0	0	0	0	0	0	0	0	0	3467741	0
FFQ	73	0	0	0	0	0	0	0	0	0	0	0	0	0	0	0	0	0	0	0	0	0	0	0	0	0	0	0	0	0	0	3456542	0
FFQ	74	0	0	0	0	0	0	0	0	0	0	0	0	0	0	0	0	0	0	0	0	0	0	0	0	0	0	0	0	0	0	3443776	0
FFQ	75	0	0	0	0	0	0	0	0	0	0	0	0	0	0	0	0	0	0	0	0	0	0	0	0	0	0	0	0	0	0	3429587	0
FFQ	76	0	0	0	0	0	0	0	0	0	0	0	0	0	0	0	0	0	0	0	0	0	0	0	0	0	0	0	0	0	0	3413831	0
# Last Fragment Qualities. Use `grep ^LFQ | cut -f 2-` to extract this part.
# Columns correspond to qualities and rows to cycles. First column is the cycle number.
LFQ	1	0	0	0	0	0	0	0	0	0	0	0	0	0	0	0	0	0	0	0	0	0	0	0	0	0	0	0	0	0	0	3526671	0
LFQ	2	0	0	0	0	0	0	0	0	0	0	0	0	0	0	0	0	0	0	0	0	0	0	0	0	0	0	0	0	0	0	3526671	0
LFQ	3	0	0	0	0	0	0	0	0	0	0	0	0	0	0	0	0	0	0	0	0	0	0	0	0	0	0	0	0	0	0	3526671	0
LFQ	4	0	0	0	0	0	0	0	0	0	0	0	0	0	0	0	0	0	0	0	0	0	0	0	0	0	0	0	0	0	0	3526671	0
LFQ	5	0	0	0	0	0	0	0	0	0	0	0	0	0	0	0	0	0	0	0	0	0	0	0	0	0	0	0	0	0	0	3526671	0
LFQ	6	0	0	0	0	0	0	0	0	0	0	0	0	0	0	0	0	0	0	0	0	0	0	0	0	0	0	0	0	0	0	3526671	0
LFQ	7	0	0	0	0	0	0	0	0	0	0	0	0	0	0	0	0	0	0	0	0	0	0	0	0	0	0	0	0	0	0	3526671	0
LFQ	8	0	0	0	0	0	0	0	0	0	0	0	0	0	0	0	0	0	0	0	0	0	0	0	0	0	0	0	0	0	0	3526671	0
LFQ	9	0	0	0	0	0	0	0	0	0	0	0	0	0	0	0	0	0	0	0	0	0	0	0	0	0	0	0	0	0	0	3526671	0
LFQ	10	0	0	0	0	0	0	0	0	0	0	0	0	0	0	0	0	0	0	0	0	0	0	0	0	0	0	0	0	0	0	3526671	0
LFQ	11	0	0	0	0	0	0	0	0	0	0	0	0	0	0	0	0	0	0	0	0	0	0	0	0	0	0	0	0	0	0	3526671	0
LFQ	12	0	0	0	0	0	0	0	0	0	0	0	0	0	0	0	0	0	0	0	0	0	0	0	0	0	0	0	0	0	0	3526671	0
LFQ	13	0	0	0	0	0	0	0	0	0	0	0	0	0	0	0	0	0	0	0	0	0	0	0	0	0	0	0	0	0	0	3526671	0
LFQ	14	0	0	0	0	0	0	0	0	0	0	0	0	0	0	0	0	0	0	0	0	0	0	0	0	0	0	0	0	0	0	3526671	0
LFQ	15	0	0	0	0	0	0	0	0	0	0	0	0	0	0	0	0	0	0	0	0	0	0	0	0	0	0	0	0	0	0	3526671	0
LFQ	16	0	0	0	0	0	0	0	0	0	0	0	0	0	0	0	0	0	0	0	0	0	0	0	0	0	0	0	0	0	0	3526671	0
LFQ	17	0	0	0	0	0	0	0	0	0	0	0	0	0	0	0	0	0	0	0	0	0	0	0	0	0	0	0	0	0	0	3526671	0
LFQ	18	0	0	0	0	0	0	0	0	0	0	0	0	0	0	0	0	0	0	0	0	0	0	0	0	0	0	0	0	0	0	3526671	0
LFQ	19	0	0	0	0	0	0	0	0	0	0	0	0	0	0	0	0	0	0	0	0	0	0	0	0	0	0	0	0	0	0	3526671	0
LFQ	20	0	0	0	0	0	0	0	0	0	0	0	0	0	0	0	0	0	0	0	0	0	0	0	0	0	0	0	0	0	0	3526671	0
LFQ	21	0	0	0	0	0	0	0	0	0	0	0	0	0	0	0	0	0	0	0	0	0	0	0	0	0	0	0	0	0	0	3526671	0
LFQ	22	0	0	0	0	0	0	0	0	0	0	0	0	0	0	0	0	0	0	0	0	0	0	0	0	0	0	0	0	0	0	3526671	0
LFQ	23	0	0	0	0	0	0	0	0	0	0	0	0	0	0	0	0	0	0	0	0	0	0	0	0	0	0	0	0	0	0	3526671	0
LFQ	24	0	0	0	0	0	0	0	0	0	0	0	0	0	0	0	0	0	0	0	0	0	0	0	0	0	0	0	0	0	0	3526671	0
LFQ	25	0	0	0	0	0	0	0	0	0	0	0	0	0	0	0	0	0	0	0	0	0	0	0	0	0	0	0	0	0	0	3526671	0
LFQ	26	0	0	0	0	0	0	0	0	0	0	0	0	0	0	0	0	0	0	0	0	0	0	0	0	0	0	0	0	0	0	3526671	0
LFQ	27	0	0	0	0	0	0	0	0	0	0	0	0	0	0	0	0	0	0	0	0	0	0	0	0	0	0	0	0	0	0	3526671	0
LFQ	28	0	0	0	0	0	0	0	0	0	0	0	0	0	0	0	0	0	0	0	0	0	0	0	0	0	0	0	0	0	0	3526671	0
LFQ	29	0	0	0	0	0	0	0	0	0	0	0	0	0	0	0	0	0	0	0	0	0	0	0	0	0	0	0	0	0	0	3526671	0
LFQ	30	0	0	0	0	0	0	0	0	0	0	0	0	0	0	0	0	0	0	0	0	0	0	0	0	0	0	0	0	0	0	3526671	0
LFQ	31	0	0	0	0	0	0	0	0	0	0	0	0	0	0	0	0	0	0	0	0	0	0	0	0	0	0	0	0	0	0	3526671	0
LFQ	32	0	0	0	0	0	0	0	0	0	0	0	0	0	0	0	0	0	0	0	0	0	0	0	0	0	0	0	0	0	0	3526586	0
LFQ	33	0	0	0	0	0	0	0	0	0	0	0	0	0	0	0	0	0	0	0	0	0	0	0	0	0	0	0	0	0	0	3526516	0
LFQ	34	0	0	0	0	0	0	0	0	0	0	0	0	0	0	0	0	0	0	0	0	0	0	0	0	0	0	0	0	0	0	3526444	0
LFQ	35	0	0	0	0	0	0	0	0	0	0	0	0	0	0	0	0	0	0	0	0	0	0	0	0	0	0	0	0	0	0	3526372	0
LFQ	36	0	0	0	0	0	0	0	0	0	0	0	0	0	0	0	0	0	0	0	0	0	0	0	0	0	0	0	0	0	0	3526305	0
LFQ	37	0	0	0	0	0	0	0	0	0	0	0	0	0	0	0	0	0	0	0	0	0	0	0	0	0	0	0	0	0	0	3526241	0
LFQ	38	0	0	0	0	0	0	0	0	0	0	0	0	0	0	0	0	0	0	0	0	0	0	0	0	0	0	0	0	0	0	3526178	0
LFQ	39	0	0	0	0	0	0	0	0	0	0	0	0	0	0	0	0	0	0	0	0	0	0	0	0	0	0	0	0	0	0	3526089	0
LFQ	40	0	0	0	0	0	0	0	0	0	0	0	0	0	0	0	0	0	0	0	0	0	0	0	0	0	0	0	0	0	0	3526012	0
LFQ	41	0	0	0	0	0	0	0	0	0	0	0	0	0	0	0	0	0	0	0	0	0	0	0	0	0	0	0	0	0	0	3525927	0
LFQ	42	0	0	0	0	0	0	0	0	0	0	0	0	0	0	0	0	0	0	0	0	0	0	0	0	0	0	0	0	0	0	3525861	0
LFQ	43	0	0	0	0	0	0	0	0	0	0	0	0	0	0	0	0	0	0	0	0	0	0	0	0	0	0	0	0	0	0	3525787	0
LFQ	44	0	0	0	0	0	0	0	0	0	0	0	0	0	0	0	0	0	0	0	0	0	0	0	0	0	0	0	0	0	0	3525719	0
LFQ	45	0	0	0	0	0	0	0	0	0	0	0	0	0	0	0	0	0	0	0	0	0	0	0	0	0	0	0	0	0	0	3525657	0
LFQ	46	0	0	0	0	0	0	0	0	0	0	0	0	0	0	0	0	0	0	0	0	0	0	0	0	0	0	0	0	0	0	3525602	0
LFQ	47	0	0	0	0	0	0	0	0	0	0	0	0	0	0	0	0	0	0	0	0	0	0	0	0	0	0	0	0	0	0	3525527	0
LFQ	48	0	0	0	0	0	0	0	0	0	0	0	0	0	0	0	0	0	0	0	0	0	0	0	0	0	0	0	0	0	0	3525461	0
LFQ	49	0	0	0	0	0	0	0	0	0	0	0	0	0	0	0	0	0	0	0	0	0	0	0	0	0	0	0	0	0	0	3525403	0
LFQ	50	0	0	0	0	0	0	0	0	0	0	0	0	0	0	0	0	0	0	0	0	0	0	0	0	0	0	0	0	0	0	3525328	0
LFQ	51	0	0	0	0	0	0	0	0	0	0	0	0	0	0	0	0	0	0	0	0	0	0	0	0	0	0	0	0	0	0	3525256	0
LFQ	52	0	0	0	0	0	0	0	0	0	0	0	0	0	0	0	0	0	0	0	0	0	0	0	0	0	0	0	0	0	0	3525163	0
LFQ	53	0	0	0	0	0	0	0	0	0	0	0	0	0	0	0	0	0	0	0	0	0	0	0	0	0	0	0	0	0	0	3525058	0
LFQ	54	0	0	0	0	0	0	0	0	0	0	0	0	0	0	0	0	0	0	0	0	0	0	0	0	0	0	0	0	0	0	3524916	0
LFQ	55	0	0	0	0	0	0	0	0	0	0	0	0	0	0	0	0	0	0	0	0	0	0	0	0	0	0	0	0	0	0	3524727	0
LFQ	56	0	0	0	0	0	0	0	0	0	0	0	0	0	0	0	0	0	0	0	0	0	0	0	0	0	0	0	0	0	0	3524469	0
LFQ	57	0	0	0	0	0	0	0	0	0	0	0	0	0	0	0	0	0	0	0	0	0	0	0	0	0	0	0	0	0	0	3524099	0
LFQ	58	0	0	0	0	0	0	0	0	0	0	0	0	0	0	0	0	0	0	0	0	0	0	0	0	0	0	0	0	0	0	3523666	0
LFQ	59	0	0	0	0	0	0	0	0	0	0	0	0	0	0	0	0	0	0	0	0	0	0	0	0	0	0	0	0	0	0	3523094	0
LFQ	60	0	0	0	0	0	0	0	0	0	0	0	0	0	0	0	0	0	0	0	0	0	0	0	0	0	0	0	0	0	0	3522280	0
LFQ	61	0	0	0	0	0	0	0	0	0	0	0	0	0	0	0	0	0	0	0	0	0	0	0	0	0	0	0	0	0	0	3521154	0
LFQ	62	0	0	0	0	0	0	0	0	0	0	0	0	0	0	0	0	0	0	0	0	0	0	0	0	0	0	0	0	0	0	3519671	0
LFQ	63	0	0	0	0	0	0	0	0	0	0	0	0	0	0	0	0	0	0	0	0	0	0	0	0	0	0	0	0	0	0	3517888	0
LFQ	64	0	0	0	0	0	0	0	0	0	0	0	0	0	0	0	0	0	0	0	0	0	0	0	0	0	0	0	0	0	0	3515574	0
LFQ	65	0	0	0	0	0	0	0	0	0	0	0	0	0	0	0	0	0	0	0	0	0	0	0	0	0	0	0	0	0	0	3512624	0
LFQ	66	0	0	0	0	0	0	0	0	0	0	0	0	0	0	0	0	0	0	0	0	0	0	0	0	0	0	0	0	0	0	3509064	0
LFQ	67	0	0	0	0	0	0	0	0	0	0	0	0	0	0	0	0	0	0	0	0	0	0	0	0	0	0	0	0	0	0	3504701	0
LFQ	68	0	0	0	0	0	0	0	0	0	0	0	0	0	0	0	0	0	0	0	0	0	0	0	0	0	0	0	0	0	0	3499445	0
LFQ	69	0	0	0	0	0	0	0	0	0	0	0	0	0	0	0	0	0	0	0	0	0	0	0	0	0	0	0	0	0	0	3493244	0
LFQ	70	0	0	0	0	0	0	0	0	0	0	0	0	0	0	0	0	0	0	0	0	0	0	0	0	0	0	0	0	0	0	3486031	0
LFQ	71	0	0	0	0	0	0	0	0	0	0	0	0	0	0	0	0	0	0	0	0	0	0	0	0	0	0	0	0	0	0	3477636	0
LFQ	72	0	0	0	0	0	0	0	0	0	0	0	0	0	0	0	0	0	0	0	0	0	0	0	0	0	0	0	0	0	0	3467741	0
LFQ	73	0	0	0	0	0	0	0	0	0	0	0	0	0	0	0	0	0	0	0	0	0	0	0	0	0	0	0	0	0	0	3456542	0
LFQ	74	0	0	0	0	0	0	0	0	0	0	0	0	0	0	0	0	0	0	0	0	0	0	0	0	0	0	0	0	0	0	3443776	0
LFQ	75	0	0	0	0	0	0	0	0	0	0	0	0	0	0	0	0	0	0	0	0	0	0	0	0	0	0	0	0	0	0	3429587	0
LFQ	76	0	0	0	0	0	0	0	0	0	0	0	0	0	0	0	0	0	0	0	0	0	0	0	0	0	0	0	0	0	0	3413831	0
# GC Content of first fragments. Use `grep ^GCF | cut -f 2-` to extract this part.
GCF	0.50	1
GCF	1.76	0
GCF	3.02	1
GCF	4.27	2
GCF	5.78	3
GCF	7.04	8
GCF	8.29	5
GCF	9.55	13
GCF	10.80	21
GCF	12.31	25
GCF	13.57	56
GCF	14.57	143
GCF	15.33	144
GCF	15.83	258
GCF	16.33	259
GCF	16.83	258
GCF	17.34	622
GCF	17.84	621
GCF	18.84	1105
GCF	19.85	1827
GCF	20.35	1829
GCF	20.85	3145
GCF	21.36	3148
GCF	21.86	3153
GCF	22.36	4801
GCF	22.86	4815
GCF	23.37	4830
GCF	23.87	7360
GCF	24.37	7371
GCF	24.87	10703
GCF	25.38	10727
GCF	25.88	10763
GCF	26.38	15182
GCF	26.88	15230
GCF	27.39	20506
GCF	27.89	20563
GCF	28.39	20632
GCF	28.89	27595
GCF	29.40	27723
GCF	29.90	27834
GCF	30.40	36344
GCF	30.90	36509
GCF	31.41	47127
GCF	31.91	47303
GCF	32.41	47422
GCF	32.91	59036
GCF	33.42	59270
GCF	33.92	59534
GCF	34.42	71907
GCF	34.92	72118
GCF	35.43	87295
GCF	35.93	87621
GCF	36.43	87848
GCF	36.93	102037
GCF	37.44	102364
GCF	37.94	115548
GCF	38.44	115852
GCF	38.94	116199
GCF	39.45	128688
GCF	39.95	128997
GCF	40.45	129160
GCF	40.95	138363
GCF	41.46	138413
GCF	41.96	145775
GCF	42.46	145790
GCF	42.96	145946
GCF	43.47	150992
GCF	43.97	151023
GCF	44.47	150962
GCF	44.97	150899
GCF	45.48	150781
GCF	45.98	151445
GCF	46.48	151398
GCF	46.98	151381
GCF	47.49	149763
GCF	47.99	149673
GCF	48.49	148649
GCF	48.99	148582
GCF	49.50	148494
GCF	50.00	147777
GCF	50.50	147642
GCF	51.01	147644
GCF	51.51	146278
GCF	52.01	146351
GCF	52.51	145491
GCF	53.02	145374
GCF	53.52	145323
GCF	54.02	144237
GCF	54.52	144240
GCF	55.03	141769
GCF	55.53	141633
GCF	56.03	141499
GCF	56.53	139122
GCF	57.04	139075
GCF	57.54	139023
GCF	58.04	134668
GCF	58.54	134527
GCF	59.05	127483
GCF	59.55	127333
GCF	60.05	127248
GCF	60.55	119057
GCF	61.06	118881
GCF	61.56	118703
GCF	62.06	107237
GCF	62.56	107156
GCF	63.07	94380
GCF	63.57	94179
GCF	64.07	93998
GCF	64.57	79434
GCF	65.08	79226
GCF	65.58	64609
GCF	66.08	64489
GCF	66.58	64292
GCF	67.09	50483
GCF	67.59	50293
GCF	68.09	50099
GCF	68.59	37940
GCF	69.10	37795
GCF	69.60	27062
GCF	70.10	26874
GCF	70.60	26720
GCF	71.11	18353
GCF	71.61	18256
GCF	72.11	18185
GCF	72.61	12247
GCF	73.12	12149
GCF	73.62	8044
GCF	74.12	7991
GCF	74.62	7952
GCF	75.13	5116
GCF	75.63	5086
GCF	76.13	3336
GCF	76.63	3308
GCF	77.14	3270
GCF	77.64	2161
GCF	78.14	2142
GCF	78.64	2147
GCF	79.15	1383
GCF	79.65	1376
GCF	80.15	960
GCF	80.65	954
GCF	81.16	940
GCF	81.66	649
GCF	82.16	651
GCF	82.66	438
GCF	83.17	435
GCF	83.67	434
GCF	84.17	296
GCF	84.67	291
GCF	85.18	289
GCF	85.68	196
GCF	86.18	195
GCF	86.68	137
GCF	87.19	135
GCF	87.69	134
GCF	88.69	84
GCF	89.70	46
GCF	90.20	45
GCF	90.70	33
GCF	91.46	32
GCF	92.46	26
GCF	93.47	20
GCF	94.22	21
GCF	94.97	9
GCF	95.73	8
GCF	96.48	7
GCF	97.74	4
GCF	99.25	1
# GC Content of last fragments. Use `grep ^GCL | cut -f 2-` to extract this part.
GCL	0.50	22
GCL	1.76	18
GCL	3.02	24
GCL	4.27	28
GCL	5.78	49
GCL	7.04	56
GCL	8.29	42
GCL	9.55	61
GCL	10.80	69
GCL	12.31	90
GCL	13.57	133
GCL	14.57	213
GCL	15.33	214
GCL	15.83	312
GCL	16.33	313
GCL	16.83	312
GCL	17.34	581
GCL	17.84	580
GCL	18.84	1035
GCL	19.85	1656
GCL	20.35	1658
GCL	20.85	2610
GCL	21.36	2613
GCL	21.86	2619
GCL	22.36	4120
GCL	22.86	4132
GCL	23.37	4145
GCL	23.87	6435
GCL	24.37	6445
GCL	24.87	9441
GCL	25.38	9467
GCL	25.88	9504
GCL	26.38	13796
GCL	26.88	13843
GCL	27.39	18835
GCL	27.89	18895
GCL	28.39	18963
GCL	28.89	25492
GCL	29.40	25619
GCL	29.90	25739
GCL	30.40	34096
GCL	30.90	34264
GCL	31.41	44819
GCL	31.91	44979
GCL	32.41	45100
GCL	32.91	56371
GCL	33.42	56612
GCL	33.92	56893
GCL	34.42	70442
GCL	34.92	70615
GCL	35.43	84651
GCL	35.93	84953
GCL	36.43	85170
GCL	36.93	99938
GCL	37.44	100257
GCL	37.94	114941
GCL	38.44	115254
GCL	38.94	115578
GCL	39.45	127000
GCL	39.95	127318
GCL	40.45	127483
GCL	40.95	138116
GCL	41.46	138157
GCL	41.96	144558
GCL	42.46	144575
GCL	42.96	144726
GCL	43.47	150408
GCL	43.97	150412
GCL	44.47	150379
GCL	44.97	151203
GCL	45.48	151099
GCL	45.98	151173
GCL	46.48	151176
GCL	46.98	151155
GCL	47.49	150679
GCL	47.99	150562
GCL	48.49	149898
GCL	48.99	149840
GCL	49.50	149745
GCL	50.00	147800
GCL	50.50	147668
GCL	51.01	147677
GCL	51.51	147719
GCL	52.01	147805
GCL	52.51	145441
GCL	53.02	145343
GCL	53.52	145265
GCL	54.02	145951
GCL	54.52	145973
GCL	55.03	142957
GCL	55.53	142824
GCL	56.03	142683
GCL	56.53	139661
GCL	57.04	139613
GCL	57.54	139559
GCL	58.04	134929
GCL	58.54	134815
GCL	59.05	128795
GCL	59.55	128636
GCL	60.05	128579
GCL	60.55	119860
GCL	61.06	119694
GCL	61.56	119499
GCL	62.06	109084
GCL	62.56	108962
GCL	63.07	96224
GCL	63.57	96038
GCL	64.07	95868
GCL	64.57	80935
GCL	65.08	80769
GCL	65.58	66322
GCL	66.08	66204
GCL	66.58	65984
GCL	67.09	52288
GCL	67.59	52067
GCL	68.09	51871
GCL	68.59	39148
GCL	69.10	39026
GCL	69.60	28047
GCL	70.10	27861
GCL	70.60	27680
GCL	71.11	19346
GCL	71.61	19258
GCL	72.11	19172
GCL	72.61	12977
GCL	73.12	12900
GCL	73.62	8647
GCL	74.12	8583
GCL	74.62	8532
GCL	75.13	5617
GCL	75.63	5588
GCL	76.13	3571
GCL	76.63	3552
GCL	77.14	3522
GCL	77.64	2456
GCL	78.14	2429
GCL	78.64	2422
GCL	79.15	1635
GCL	79.65	1625
GCL	80.15	1241
GCL	80.65	1234
GCL	81.16	1225
GCL	81.66	886
GCL	82.16	889
GCL	82.66	701
GCL	83.17	697
GCL	83.67	693
GCL	84.17	502
GCL	84.67	498
GCL	85.18	499
GCL	85.93	374
GCL	86.68	301
GCL	87.19	299
GCL	87.69	298
GCL	88.19	259
GCL	88.69	258
GCL	89.20	259
GCL	89.95	197
GCL	90.95	139
GCL	91.71	138
GCL	92.46	126
GCL	93.47	87
GCL	94.22	88
GCL	95.23	71
GCL	96.48	48
GCL	97.74	30
GCL	99.25	13
# ACGT content per cycle. Use `grep ^GCC | cut -f 2-` to extract this part. The columns are: cycle; A,C,G,T base counts as a percentage of all A/C/G/T bases [%]; and N and O counts as a percentage of all A/C/G/T bases [%]
GCC	1	25.76	23.94	23.32	26.98	0.02	0.00
GCC	2	25.46	24.42	23.66	26.46	0.00	0.00
GCC	3	24.81	25.07	24.29	25.84	0.00	0.00
GCC	4	24.88	25.03	24.23	25.86	0.00	0.00
GCC	5	25.14	24.78	24.02	26.06	0.00	0.00
GCC	6	24.70	25.23	24.48	25.59	0.00	0.00
GCC	7	25.08	24.89	24.13	25.90	0.00	0.00
GCC	8	25.20	24.76	24.00	26.04	0.00	0.00
GCC	9	25.15	24.82	24.02	26.01	0.00	0.00
GCC	10	25.05	24.92	24.04	25.99	0.00	0.00
GCC	11	25.09	24.81	24.01	26.09	0.00	0.00
GCC	12	24.99	24.93	24.08	25.99	0.00	0.00
GCC	13	25.10	24.88	23.96	26.06	0.00	0.00
GCC	14	25.08	24.90	23.95	26.07	0.00	0.00
GCC	15	24.97	25.02	24.08	25.93	0.00	0.00
GCC	16	25.01	25.01	24.01	25.97	0.00	0.00
GCC	17	24.96	25.03	24.07	25.94	0.00	0.00
GCC	18	24.86	25.17	24.14	25.83	0.01	0.00
GCC	19	24.88	25.13	24.11	25.88	0.00	0.00
GCC	20	24.92	25.11	24.06	25.92	0.00	0.00
GCC	21	24.78	25.22	24.19	25.82	0.00	0.00
GCC	22	24.83	25.15	24.12	25.89	0.00	0.00
GCC	23	24.87	25.12	24.10	25.91	0.00	0.00
GCC	24	24.74	25.29	24.16	25.81	0.00	0.00
GCC	25	24.77	25.22	24.11	25.90	0.00	0.00
GCC	26	24.78	25.22	24.11	25.89	0.00	0.00
GCC	27	24.66	25.34	24.21	25.79	0.00	0.00
GCC	28	24.73	25.29	24.12	25.85	0.00	0.00
GCC	29	24.70	25.27	24.14	25.90	0.00	0.00
GCC	30	24.56	25.37	24.23	25.83	0.00	0.00
GCC	31	24.59	25.39	24.14	25.88	0.00	0.00
GCC	32	24.64	25.31	24.15	25.90	0.00	0.00
GCC	33	24.56	25.43	24.21	25.80	0.00	0.00
GCC	34	24.56	25.42	24.18	25.84	0.00	0.00
GCC	35	24.57	25.37	24.13	25.93	0.00	0.00
GCC	36	24.49	25.48	24.23	25.80	0.01	0.00
GCC	37	24.51	25.43	24.14	25.92	0.00	0.00
GCC	38	24.54	25.41	24.14	25.91	0.00	0.00
GCC	39	24.47	25.52	24.19	25.82	0.00	0.00
GCC	40	24.46	25.47	24.16	25.91	0.00	0.00
GCC	41	24.48	25.47	24.14	25.92	0.00	0.00
GCC	42	24.43	25.52	24.22	25.83	0.00	0.00
GCC	43	24.44	25.49	24.18	25.88	0.00	0.00
GCC	44	24.44	25.49	24.15	25.92	0.00	0.00
GCC	45	24.35	25.56	24.22	25.87	0.00	0.00
GCC	46	24.41	25.51	24.16	25.92	0.00	0.00
GCC	47	24.42	25.49	24.19	25.90	0.00	0.00
GCC	48	24.34	25.59	24.23	25.84	0.00	0.00
GCC	49	24.41	25.52	24.15	25.93	0.00	0.00
GCC	50	24.41	25.51	24.15	25.94	0.00	0.00
GCC	51	24.37	25.60	24.20	25.83	0.00	0.00
GCC	52	24.41	25.57	24.16	25.86	0.00	0.00
GCC	53	24.43	25.53	24.14	25.91	0.00	0.00
GCC	54	24.33	25.60	24.23	25.84	0.00	0.00
GCC	55	24.39	25.55	24.13	25.93	0.00	0.00
GCC	56	24.42	25.53	24.14	25.91	0.01	0.00
GCC	57	24.35	25.58	24.18	25.90	0.00	0.00
GCC	58	24.40	25.52	24.15	25.93	0.00	0.00
GCC	59	24.45	25.51	24.14	25.90	0.00	0.00
GCC	60	24.36	25.56	24.20	25.87	0.00	0.00
GCC	61	24.39	25.53	24.17	25.90	0.00	0.00
GCC	62	24.43	25.54	24.12	25.92	0.00	0.00
GCC	63	24.34	25.57	24.20	25.88	0.00	0.00
GCC	64	24.41	25.53	24.16	25.90	0.00	0.00
GCC	65	24.42	25.52	24.10	25.96	0.00	0.00
GCC	66	24.43	25.56	24.16	25.86	0.00	0.00
GCC	67	24.47	25.50	24.15	25.87	0.00	0.00
GCC	68	24.46	25.51	24.10	25.93	0.00	0.00
GCC	69	24.43	25.53	24.16	25.87	0.00	0.00
GCC	70	24.45	25.49	24.13	25.93	0.00	0.00
GCC	71	24.52	25.45	24.10	25.93	0.00	0.00
GCC	72	24.43	25.53	24.18	25.85	0.00	0.00
GCC	73	24.47	25.46	24.16	25.91	0.00	0.00
GCC	74	24.47	25.43	24.16	25.94	0.00	0.00
GCC	75	24.44	25.49	24.18	25.89	0.00	0.00
GCC	76	24.44	25.50	24.17	25.89	0.00	0.00
# ACGT content per cycle, read oriented. Use `grep ^GCT | cut -f 2-` to extract this part. The columns are: cycle; A,C,G,T base counts as a percentage of all A/C/G/T bases [%]
GCT	1	27.37	24.90	22.36	25.37
GCT	2	26.80	23.47	24.60	25.12
GCT	3	24.98	25.14	24.22	25.66
GCT	4	24.74	25.36	23.89	26.00
GCT	5	24.88	24.72	24.08	26.32
GCT	6	24.84	25.44	24.27	25.45
GCT	7	25.11	24.63	24.39	25.87
GCT	8	25.21	24.96	23.80	26.04
GCT	9	24.87	25.12	23.72	26.29
GCT	10	25.18	25.02	23.94	25.85
GCT	11	25.15	25.01	23.81	26.03
GCT	12	25.08	25.18	23.84	25.91
GCT	13	25.21	24.94	23.90	25.94
GCT	14	25.19	24.94	23.92	25.96
GCT	15	25.02	25.20	23.90	25.88
GCT	16	25.06	25.09	23.94	25.91
GCT	17	24.97	25.08	24.02	25.93
GCT	18	24.86	25.28	24.03	25.83
GCT	19	24.97	25.17	24.08	25.79
GCT	20	24.97	25.09	24.08	25.86
GCT	21	24.88	25.24	24.16	25.72
GCT	22	25.04	25.13	24.14	25.69
GCT	23	25.07	25.05	24.17	25.72
GCT	24	24.90	25.21	24.25	25.64
GCT	25	25.04	25.06	24.27	25.63
GCT	26	25.02	25.07	24.26	25.65
GCT	27	24.93	25.19	24.35	25.53
GCT	28	25.08	25.07	24.34	25.51
GCT	29	25.04	25.04	24.36	25.56
GCT	30	24.90	25.20	24.41	25.50
GCT	31	25.05	25.10	24.43	25.42
GCT	32	25.06	25.03	24.43	25.48
GCT	33	24.93	25.20	24.45	25.42
GCT	34	25.05	25.06	24.53	25.35
GCT	35	25.06	25.01	24.49	25.44
GCT	36	24.96	25.14	24.56	25.34
GCT	37	25.06	25.01	24.56	25.37
GCT	38	25.06	25.00	24.55	25.39
GCT	39	24.98	25.12	24.59	25.31
GCT	40	25.07	25.03	24.61	25.29
GCT	41	25.06	25.00	24.61	25.33
GCT	42	25.02	25.08	24.66	25.24
GCT	43	25.07	24.98	24.69	25.26
GCT	44	25.09	24.97	24.68	25.26
GCT	45	24.96	25.06	24.73	25.26
GCT	46	25.11	24.94	24.72	25.22
GCT	47	25.10	24.90	24.78	25.22
GCT	48	24.98	25.04	24.78	25.19
GCT	49	25.15	24.94	24.73	25.19
GCT	50	25.10	24.90	24.76	25.24
GCT	51	25.02	24.98	24.81	25.19
GCT	52	25.11	24.92	24.80	25.17
GCT	53	25.11	24.87	24.79	25.23
GCT	54	25.03	24.95	24.88	25.15
GCT	55	25.16	24.83	24.85	25.16
GCT	56	25.18	24.80	24.87	25.16
GCT	57	25.10	24.91	24.84	25.15
GCT	58	25.20	24.77	24.90	25.12
GCT	59	25.21	24.79	24.87	25.14
GCT	60	25.14	24.85	24.91	25.10
GCT	61	25.20	24.73	24.97	25.10
GCT	62	25.23	24.71	24.94	25.12
GCT	63	25.15	24.80	24.98	25.07
GCT	64	25.27	24.70	24.99	25.05
GCT	65	25.30	24.62	25.00	25.08
GCT	66	25.26	24.71	25.01	25.03
GCT	67	25.32	24.63	25.03	25.02
GCT	68	25.32	24.61	25.00	25.07
GCT	69	25.31	24.69	25.01	25.00
GCT	70	25.39	24.60	25.02	24.99
GCT	71	25.39	24.54	25.01	25.06
GCT	72	25.29	24.66	25.05	25.00
GCT	73	25.39	24.57	25.05	24.99
GCT	74	25.42	24.53	25.06	24.99
GCT	75	25.34	24.60	25.07	24.99
GCT	76	25.43	24.50	25.17	24.90
# ACGT content per cycle for first fragments. Use `grep ^FBC | cut -f 2-` to extract this part. The columns are: cycle; A,C,G,T base counts as a percentage of all A/C/G/T bases [%]; and N and O counts as a percentage of all A/C/G/T bases [%]
FBC	1	25.82	23.85	23.29	27.04	0.04	0.00
FBC	2	25.66	24.22	23.41	26.71	0.00	0.00
FBC	3	25.13	24.71	24.01	26.14	0.00	0.00
FBC	4	25.34	24.56	23.84	26.26	0.00	0.00
FBC	5	25.27	24.66	23.96	26.11	0.00	0.00
FBC	6	24.94	24.95	24.31	25.81	0.00	0.00
FBC	7	25.25	24.73	23.97	26.05	0.00	0.00
FBC	8	25.34	24.64	23.91	26.11	0.00	0.00
FBC	9	25.25	24.68	23.94	26.13	0.00	0.00
FBC	10	25.18	24.76	23.94	26.12	0.00	0.00
FBC	11	25.19	24.67	23.93	26.21	0.00	0.00
FBC	12	25.09	24.83	23.98	26.10	0.00	0.00
FBC	13	25.19	24.74	23.88	26.19	0.00	0.00
FBC	14	25.18	24.80	23.86	26.16	0.00	0.00
FBC	15	25.06	24.91	24.01	26.02	0.00	0.00
FBC	16	25.12	24.91	23.95	26.03	0.00	0.00
FBC	17	25.05	24.91	24.02	26.02	0.00	0.00
FBC	18	24.95	25.09	24.05	25.92	0.00	0.00
FBC	19	24.97	25.07	24.04	25.92	0.00	0.00
FBC	20	24.96	24.99	24.01	26.04	0.00	0.00
FBC	21	24.86	25.13	24.13	25.87	0.00	0.00
FBC	22	24.93	25.06	24.05	25.96	0.00	0.00
FBC	23	24.97	25.06	24.04	25.94	0.00	0.00
FBC	24	24.82	25.21	24.09	25.88	0.00	0.00
FBC	25	24.83	25.13	24.04	26.00	0.00	0.00
FBC	26	24.86	25.18	24.04	25.92	0.00	0.00
FBC	27	24.68	25.30	24.15	25.86	0.01	0.00
FBC	28	24.83	25.20	24.06	25.91	0.00	0.00
FBC	29	24.78	25.22	24.08	25.92	0.01	0.00
FBC	30	24.66	25.30	24.14	25.90	0.00	0.00
FBC	31	24.68	25.35	24.05	25.92	0.00	0.00
FBC	32	24.73	25.24	24.07	25.95	0.00	0.00
FBC	33	24.59	25.39	24.15	25.87	0.00	0.00
FBC	34	24.62	25.38	24.09	25.90	0.00	0.00
FBC	35	24.61	25.32	24.05	26.01	0.00	0.00
FBC	36	24.54	25.42	24.19	25.85	0.02	0.00
FBC	37	24.57	25.36	24.10	25.97	0.00	0.00
FBC	38	24.59	25.38	24.10	25.93	0.00	0.00
FBC	39	24.55	25.43	24.14	25.87	0.00	0.00
FBC	40	24.50	25.43	24.12	25.96	0.00	0.00
FBC	41	24.52	25.46	24.07	25.96	0.00	0.00
FBC	42	24.52	25.45	24.15	25.88	0.00	0.00
FBC	43	24.51	25.43	24.12	25.95	0.00	0.00
FBC	44	24.46	25.47	24.09	25.98	0.00	0.00
FBC	45	24.38	25.50	24.18	25.94	0.00	0.00
FBC	46	24.46	25.49	24.09	25.95	0.00	0.00
FBC	47	24.45	25.46	24.17	25.92	0.00	0.00
FBC	48	24.38	25.56	24.18	25.87	0.00	0.00
FBC	49	24.48	25.50	24.10	25.93	0.00	0.00
FBC	50	24.42	25.48	24.12	25.97	0.00	0.00
FBC	51	24.37	25.58	24.20	25.85	0.00	0.00
FBC	52	24.45	25.57	24.11	25.87	0.00	0.00
FBC	53	24.45	25.53	24.09	25.93	0.00	0.00
FBC	54	24.32	25.57	24.25	25.86	0.00	0.00
FBC	55	24.40	25.52	24.14	25.93	0.00	0.00
FBC	56	24.42	25.56	24.09	25.94	0.01	0.00
FBC	57	24.38	25.57	24.16	25.89	0.00	0.00
FBC	58	24.40	25.52	24.11	25.97	0.00	0.00
FBC	59	24.42	25.56	24.14	25.88	0.00	0.00
FBC	60	24.35	25.56	24.18	25.90	0.00	0.00
FBC	61	24.38	25.52	24.19	25.91	0.00	0.00
FBC	62	24.43	25.53	24.09	25.95	0.00	0.00
FBC	63	24.31	25.58	24.19	25.93	0.00	0.00
FBC	64	24.39	25.57	24.15	25.90	0.00	0.00
FBC	65	24.42	25.56	24.08	25.95	0.00	0.00
FBC	66	24.40	25.56	24.18	25.86	0.00	0.00
FBC	67	24.46	25.49	24.14	25.91	0.00	0.00
FBC	68	24.48	25.52	24.09	25.91	0.00	0.00
FBC	69	24.44	25.53	24.15	25.88	0.00	0.00
FBC	70	24.42	25.52	24.15	25.91	0.00	0.00
FBC	71	24.46	25.50	24.11	25.94	0.00	0.00
FBC	72	24.40	25.56	24.18	25.86	0.00	0.00
FBC	73	24.42	25.50	24.15	25.92	0.00	0.00
FBC	74	24.41	25.49	24.16	25.94	0.00	0.00
FBC	75	24.40	25.54	24.17	25.89	0.01	0.00
FBC	76	24.41	25.59	24.15	25.86	0.00	0.00
# ACGT raw counters for first fragments. Use `grep ^FTC | cut -f 2-` to extract this part. The columns are: A,C,G,T,N base counters
FTC	66035710	67500473	64341360	69448975	4535
# ACGT content per cycle for last fragments. Use `grep ^LBC | cut -f 2-` to extract this part. The columns are: cycle; A,C,G,T base counts as a percentage of all A/C/G/T bases [%]; and N and O counts as a percentage of all A/C/G/T bases [%]
LBC	1	25.71	24.03	23.34	26.92	0.00	0.00
LBC	2	25.26	24.63	23.90	26.20	0.00	0.00
LBC	3	24.48	25.42	24.57	25.53	0.00	0.00
LBC	4	24.42	25.49	24.62	25.47	0.00	0.00
LBC	5	25.01	24.90	24.08	26.02	0.01	0.00
LBC	6	24.46	25.50	24.66	25.38	0.01	0.00
LBC	7	24.90	25.06	24.28	25.75	0.00	0.00
LBC	8	25.06	24.88	24.09	25.97	0.00	0.00
LBC	9	25.04	24.97	24.09	25.90	0.00	0.00
LBC	10	24.92	25.08	24.15	25.86	0.00	0.00
LBC	11	25.00	24.94	24.09	25.97	0.00	0.00
LBC	12	24.90	25.03	24.19	25.89	0.00	0.00
LBC	13	25.00	25.02	24.05	25.93	0.00	0.00
LBC	14	24.97	25.00	24.05	25.98	0.00	0.00
LBC	15	24.87	25.13	24.16	25.84	0.00	0.00
LBC	16	24.90	25.12	24.08	25.90	0.00	0.00
LBC	17	24.87	25.15	24.12	25.85	0.00	0.00
LBC	18	24.78	25.24	24.24	25.74	0.01	0.00
LBC	19	24.79	25.20	24.18	25.84	0.00	0.00
LBC	20	24.87	25.22	24.11	25.79	0.01	0.00
LBC	21	24.70	25.30	24.25	25.76	0.01	0.00
LBC	22	24.73	25.24	24.20	25.83	0.00	0.00
LBC	23	24.77	25.18	24.17	25.88	0.00	0.00
LBC	24	24.66	25.38	24.24	25.73	0.00	0.00
LBC	25	24.70	25.31	24.19	25.80	0.00	0.00
LBC	26	24.70	25.26	24.18	25.86	0.00	0.00
LBC	27	24.64	25.37	24.26	25.73	0.00	0.00
LBC	28	24.64	25.38	24.18	25.80	0.00	0.00
LBC	29	24.62	25.32	24.19	25.87	0.00	0.00
LBC	30	24.46	25.45	24.32	25.76	0.00	0.00
LBC	31	24.49	25.43	24.24	25.84	0.00	0.00
LBC	32	24.54	25.39	24.23	25.84	0.00	0.00
LBC	33	24.52	25.48	24.28	25.72	0.00	0.00
LBC	34	24.50	25.45	24.26	25.78	0.00	0.00
LBC	35	24.52	25.42	24.20	25.85	0.00	0.00
LBC	36	24.43	25.55	24.26	25.76	0.00	0.00
LBC	37	24.44	25.51	24.18	25.87	0.00	0.00
LBC	38	24.49	25.45	24.18	25.88	0.00	0.00
LBC	39	24.38	25.60	24.25	25.77	0.00	0.00
LBC	40	24.42	25.51	24.21	25.85	0.00	0.00
LBC	41	24.44	25.49	24.20	25.88	0.00	0.00
LBC	42	24.34	25.59	24.29	25.78	0.00	0.00
LBC	43	24.38	25.55	24.25	25.82	0.00	0.00
LBC	44	24.42	25.51	24.22	25.85	0.00	0.00
LBC	45	24.31	25.62	24.27	25.80	0.00	0.00
LBC	46	24.36	25.52	24.23	25.89	0.00	0.00
LBC	47	24.38	25.53	24.20	25.89	0.00	0.00
LBC	48	24.29	25.62	24.28	25.81	0.00	0.00
LBC	49	24.33	25.55	24.20	25.92	0.00	0.00
LBC	50	24.39	25.53	24.18	25.90	0.00	0.00
LBC	51	24.37	25.61	24.20	25.82	0.00	0.00
LBC	52	24.38	25.56	24.21	25.86	0.00	0.00
LBC	53	24.40	25.52	24.19	25.89	0.00	0.00
LBC	54	24.35	25.62	24.21	25.82	0.00	0.00
LBC	55	24.39	25.58	24.12	25.92	0.00	0.00
LBC	56	24.42	25.50	24.19	25.89	0.00	0.00
LBC	57	24.32	25.58	24.19	25.91	0.00	0.00
LBC	58	24.39	25.51	24.20	25.89	0.00	0.00
LBC	59	24.47	25.46	24.15	25.92	0.00	0.00
LBC	60	24.37	25.56	24.22	25.85	0.01	0.00
LBC	61	24.41	25.55	24.15	25.89	0.00	0.00
LBC	62	24.43	25.54	24.15	25.89	0.00	0.00
LBC	63	24.38	25.57	24.22	25.83	0.00	0.00
LBC	64	24.44	25.49	24.17	25.90	0.00	0.00
LBC	65	24.42	25.49	24.12	25.97	0.00	0.00
LBC	66	24.45	25.56	24.13	25.85	0.00	0.00
LBC	67	24.49	25.51	24.16	25.84	0.00	0.00
LBC	68	24.45	25.49	24.10	25.95	0.00	0.00
LBC	69	24.43	25.54	24.17	25.86	0.00	0.00
LBC	70	24.49	25.45	24.11	25.94	0.00	0.00
LBC	71	24.57	25.40	24.10	25.93	0.00	0.00
LBC	72	24.46	25.51	24.18	25.85	0.00	0.00
LBC	73	24.52	25.41	24.17	25.90	0.00	0.00
LBC	74	24.54	25.37	24.16	25.94	0.00	0.00
LBC	75	24.49	25.44	24.19	25.89	0.00	0.00
LBC	76	24.48	25.41	24.20	25.92	0.00	0.00
# ACGT raw counters for last fragments. Use `grep ^LTC | cut -f 2-` to extract this part. The columns are: A,C,G,T,N base counters
LTC	65726102	67805974	64657362	69138314	3301
# Insert sizes. Use `grep ^IS | cut -f 2-` to extract this part. The columns are: insert size, pairs total, inward oriented pairs, outward oriented pairs, other pairs
IS	0	3	0	0	3
IS	1	0	0	0	0
IS	2	3	0	3	0
IS	3	2	0	2	0
IS	4	2	0	2	0
IS	5	4	0	4	0
IS	6	3	0	3	0
IS	7	6	0	6	0
IS	8	2	0	2	0
IS	9	8	0	8	0
IS	10	6	0	6	0
IS	11	2	0	2	0
IS	12	4	0	4	0
IS	13	7	0	7	0
IS	14	2	0	2	0
IS	15	3	0	3	0
IS	16	5	0	5	0
IS	17	2	0	2	0
IS	18	10	0	10	0
IS	19	138	128	10	0
IS	20	115	99	16	0
IS	21	68	63	5	0
IS	22	46	40	6	0
IS	23	56	48	8	0
IS	24	13	6	7	0
IS	25	12	5	7	0
IS	26	16	8	8	0
IS	27	13	5	8	0
IS	28	9	5	4	0
IS	29	17	8	9	0
IS	30	15	10	5	0
IS	31	18	10	8	0
IS	32	24	20	4	0
IS	33	10	5	5	0
IS	34	18	12	6	0
IS	35	16	9	7	0
IS	36	20	13	7	0
IS	37	16	11	5	0
IS	38	20	15	5	0
IS	39	22	14	8	0
IS	40	27	20	7	0
IS	41	27	20	7	0
IS	42	30	13	17	0
IS	43	46	32	13	1
IS	44	37	27	10	0
IS	45	37	25	12	0
IS	46	45	38	7	0
IS	47	45	38	7	0
IS	48	56	44	11	1
IS	49	68	57	11	0
IS	50	78	67	11	0
IS	51	85	69	14	2
IS	52	101	91	10	0
IS	53	154	140	13	1
IS	54	197	187	9	1
IS	55	280	257	23	0
IS	56	357	345	12	0
IS	57	445	433	12	0
IS	58	601	589	12	0
IS	59	867	850	16	1
IS	60	1131	1118	13	0
IS	61	1511	1489	21	1
IS	62	1793	1780	13	0
IS	63	2359	2344	15	0
IS	64	2964	2947	15	2
IS	65	3605	3580	24	1
IS	66	4403	4387	15	1
IS	67	5294	5277	17	0
IS	68	6234	6209	25	0
IS	69	7277	7260	16	1
IS	70	8435	8413	22	0
IS	71	9935	9908	26	1
IS	72	11228	11205	22	1
IS	73	12790	12760	30	0
IS	74	14263	14202	60	1
IS	75	15820	15715	105	0
IS	76	17325	17322	1	2
IS	77	19309	19309	0	0
IS	78	20712	20711	0	1
IS	79	22385	22384	0	1
IS	80	24229	24227	0	2
IS	81	25733	25732	1	0
IS	82	27239	27239	0	0
IS	83	28737	28736	0	1
IS	84	30530	30529	1	0
IS	85	31940	31938	0	2
IS	86	33236	33236	0	0
IS	87	34455	34453	1	1
IS	88	35508	35507	0	1
IS	89	36639	36639	0	0
IS	90	37975	37974	1	0
IS	91	39075	39074	0	1
IS	92	39796	39794	0	2
IS	93	40357	40356	0	1
IS	94	41058	41058	0	0
IS	95	42049	42049	0	0
IS	96	42845	42844	0	1
IS	97	42943	42942	0	1
IS	98	43551	43550	0	1
IS	99	43279	43278	0	1
IS	100	43950	43948	1	1
IS	101	43749	43747	0	2
IS	102	43880	43879	0	1
IS	103	44363	44360	1	2
IS	104	43949	43948	0	1
IS	105	44076	44076	0	0
IS	106	43749	43748	0	1
IS	107	43694	43691	0	3
IS	108	43800	43800	0	0
IS	109	42965	42965	0	0
IS	110	42890	42890	0	0
IS	111	42012	42010	1	1
IS	112	42303	42303	0	0
IS	113	41117	41116	0	1
IS	114	41011	41011	0	0
IS	115	40717	40716	1	0
IS	116	40115	40115	0	0
IS	117	39640	39639	0	1
IS	118	38836	38836	0	0
IS	119	38343	38342	1	0
IS	120	38000	38000	0	0
IS	121	37546	37546	0	0
IS	122	36870	36868	1	1
IS	123	36274	36274	0	0
IS	124	35609	35608	1	0
IS	125	35046	35046	0	0
IS	126	34293	34293	0	0
IS	127	34144	34144	0	0
IS	128	33418	33418	0	0
IS	129	32534	32533	1	0
IS	130	31997	31997	0	0
IS	131	31430	31429	0	1
IS	132	30803	30803	0	0
IS	133	30580	30580	0	0
IS	134	29720	29719	0	1
IS	135	29025	29025	0	0
IS	136	28704	28702	0	2
IS	137	28216	28216	0	0
IS	138	27688	27688	0	0
IS	139	26885	26885	0	0
IS	140	26308	26308	0	0
IS	141	25612	25611	0	1
IS	142	25143	25143	0	0
IS	143	24893	24893	0	0
IS	144	23947	23947	0	0
IS	145	23984	23984	0	0
IS	146	23143	23143	0	0
IS	147	22591	22591	0	0
IS	148	22030	22030	0	0
IS	149	21519	21519	0	0
IS	150	21067	21067	0	0
IS	151	20804	20804	0	0
IS	152	19822	19821	1	0
IS	153	19460	19459	1	0
IS	154	19080	19080	0	0
IS	155	18586	18586	0	0
IS	156	18143	18143	0	0
IS	157	17740	17740	0	0
IS	158	17489	17488	0	1
IS	159	16971	16970	0	1
IS	160	16915	16915	0	0
IS	161	16399	16399	0	0
IS	162	15936	15936	0	0
IS	163	15272	15272	0	0
IS	164	15047	15047	0	0
IS	165	14729	14729	0	0
IS	166	14710	14709	0	1
IS	167	13950	13950	0	0
IS	168	13671	13671	0	0
IS	169	13380	13380	0	0
IS	170	12968	12968	0	0
IS	171	12641	12641	0	0
IS	172	12383	12383	0	0
IS	173	12064	12064	0	0
IS	174	11859	11859	0	0
IS	175	11459	11459	0	0
IS	176	11237	11237	0	0
IS	177	10907	10907	0	0
IS	178	10618	10618	0	0
IS	179	10284	10284	0	0
IS	180	10042	10042	0	0
IS	181	9855	9855	0	0
IS	182	9501	9501	0	0
IS	183	9351	9351	0	0
IS	184	9104	9104	0	0
IS	185	8911	8910	0	1
IS	186	8733	8733	0	0
IS	187	8336	8336	0	0
IS	188	8340	8340	0	0
IS	189	8062	8062	0	0
IS	190	8054	8054	0	0
IS	191	7746	7746	0	0
IS	192	7498	7498	0	0
IS	193	7183	7183	0	0
IS	194	7074	7073	1	0
IS	195	6863	6863	0	0
IS	196	6740	6740	0	0
IS	197	6478	6478	0	0
IS	198	6417	6416	1	0
IS	199	6286	6286	0	0
IS	200	6031	6031	0	0
IS	201	5820	5820	0	0
IS	202	5743	5743	0	0
IS	203	5455	5455	0	0
IS	204	5481	5481	0	0
IS	205	5359	5359	0	0
IS	206	5132	5132	0	0
IS	207	5018	5018	0	0
IS	208	4770	4770	0	0
IS	209	4827	4827	0	0
IS	210	4692	4692	0	0
IS	211	4454	4454	0	0
IS	212	4377	4377	0	0
IS	213	4274	4274	0	0
IS	214	4130	4130	0	0
IS	215	4098	4098	0	0
IS	216	3901	3901	0	0
IS	217	3809	3809	0	0
IS	218	3692	3692	0	0
IS	219	3644	3644	0	0
IS	220	3475	3475	0	0
IS	221	3486	3486	0	0
IS	222	3339	3339	0	0
IS	223	3252	3252	0	0
IS	224	3096	3096	0	0
IS	225	3036	3036	0	0
IS	226	3125	3125	0	0
IS	227	2889	2889	0	0
IS	228	2818	2817	1	0
IS	229	2716	2715	1	0
IS	230	2782	2782	0	0
IS	231	2652	2652	0	0
IS	232	2556	2555	0	1
IS	233	2515	2515	0	0
IS	234	2373	2373	0	0
IS	235	2272	2272	0	0
IS	236	2133	2133	0	0
IS	237	2256	2256	0	0
IS	238	2106	2106	0	0
IS	239	2081	2081	0	0
IS	240	2004	2004	0	0
IS	241	1983	1983	0	0
IS	242	1946	1946	0	0
IS	243	1804	1804	0	0
IS	244	1763	1763	0	0
IS	245	1690	1688	2	0
IS	246	1725	1724	1	0
IS	247	1637	1637	0	0
IS	248	1507	1507	0	0
IS	249	1482	1482	0	0
IS	250	1549	1549	0	0
IS	251	1513	1513	0	0
IS	252	1504	1503	1	0
IS	253	1369	1369	0	0
IS	254	1347	1347	0	0
IS	255	1407	1407	0	0
IS	256	1343	1342	1	0
IS	257	1240	1240	0	0
IS	258	1232	1232	0	0
IS	259	1171	1171	0	0
IS	260	1212	1212	0	0
IS	261	1099	1099	0	0
IS	262	1064	1064	0	0
IS	263	1025	1024	1	0
IS	264	1076	1076	0	0
IS	265	958	958	0	0
IS	266	943	943	0	0
# Read lengths. Use `grep ^RL | cut -f 2-` to extract this part. The columns are: read length, count
RL	31	170
RL	32	140
RL	33	144
RL	34	144
RL	35	134
RL	36	128
RL	37	126
RL	38	178
RL	39	154
RL	40	170
RL	41	132
RL	42	148
RL	43	136
RL	44	124
RL	45	110
RL	46	150
RL	47	132
RL	48	116
RL	49	150
RL	50	144
RL	51	186
RL	52	210
RL	53	284
RL	54	378
RL	55	516
RL	56	740
RL	57	866
RL	58	1144
RL	59	1628
RL	60	2252
RL	61	2966
RL	62	3566
RL	63	4628
RL	64	5900
RL	65	7120
RL	66	8726
RL	67	10512
RL	68	12402
RL	69	14426
RL	70	16790
RL	71	19790
RL	72	22398
RL	73	25532
RL	74	28378
RL	75	31512
RL	76	6827662
# Read lengths - first fragments. Use `grep ^FRL | cut -f 2-` to extract this part. The columns are: read length, count
FRL	31	85
FRL	32	70
FRL	33	72
FRL	34	72
FRL	35	67
FRL	36	64
FRL	37	63
FRL	38	89
FRL	39	77
FRL	40	85
FRL	41	66
FRL	42	74
FRL	43	68
FRL	44	62
FRL	45	55
FRL	46	75
FRL	47	66
FRL	48	58
FRL	49	75
FRL	50	72
FRL	51	93
FRL	52	105
FRL	53	142
FRL	54	189
FRL	55	258
FRL	56	370
FRL	57	433
FRL	58	572
FRL	59	814
FRL	60	1126
FRL	61	1483
FRL	62	1783
FRL	63	2314
FRL	64	2950
FRL	65	3560
FRL	66	4363
FRL	67	5256
FRL	68	6201
FRL	69	7213
FRL	70	8395
FRL	71	9895
FRL	72	11199
FRL	73	12766
FRL	74	14189
FRL	75	15756
FRL	76	3413831
# Read lengths - last fragments. Use `grep ^LRL | cut -f 2-` to extract this part. The columns are: read length, count
LRL	31	85
LRL	32	70
LRL	33	72
LRL	34	72
LRL	35	67
LRL	36	64
LRL	37	63
LRL	38	89
LRL	39	77
LRL	40	85
LRL	41	66
LRL	42	74
LRL	43	68
LRL	44	62
LRL	45	55
LRL	46	75
LRL	47	66
LRL	48	58
LRL	49	75
LRL	50	72
LRL	51	93
LRL	52	105
LRL	53	142
LRL	54	189
LRL	55	258
LRL	56	370
LRL	57	433
LRL	58	572
LRL	59	814
LRL	60	1126
LRL	61	1483
LRL	62	1783
LRL	63	2314
LRL	64	2950
LRL	65	3560
LRL	66	4363
LRL	67	5256
LRL	68	6201
LRL	69	7213
LRL	70	8395
LRL	71	9895
LRL	72	11199
LRL	73	12766
LRL	74	14189
LRL	75	15756
LRL	76	3413831
# Mapping qualities for reads !(UNMAP|SECOND|SUPPL|QCFAIL|DUP). Use `grep ^MAPQ | cut -f 2-` to extract this part. The columns are: mapq, count
MAPQ	0	759320
MAPQ	1	1590
MAPQ	2	555
MAPQ	3	3408
MAPQ	4	1090
MAPQ	5	787
MAPQ	6	1277
MAPQ	7	1818
MAPQ	8	759
MAPQ	9	3937
MAPQ	10	1200
MAPQ	11	2314
MAPQ	12	1362
MAPQ	13	1818
MAPQ	14	657
MAPQ	15	3136
MAPQ	16	1850
MAPQ	17	1492
MAPQ	18	1425
MAPQ	19	2611
MAPQ	20	3871
MAPQ	21	5704
MAPQ	22	6747
MAPQ	23	5898
MAPQ	24	9484
MAPQ	25	15186
MAPQ	26	491
MAPQ	27	38384
MAPQ	28	756
MAPQ	29	1677
MAPQ	30	1037
MAPQ	31	1675
MAPQ	32	480
MAPQ	33	3971
MAPQ	34	872
MAPQ	35	761
MAPQ	36	1146
MAPQ	37	1737
MAPQ	38	543
MAPQ	39	4166
MAPQ	40	46496
MAPQ	41	1591
MAPQ	42	1750
MAPQ	43	4241
MAPQ	44	2971
MAPQ	45	5391
MAPQ	46	7105
MAPQ	47	5606
MAPQ	48	9060
MAPQ	49	20408
MAPQ	50	2792
MAPQ	51	62743
MAPQ	52	4500
MAPQ	53	2230
MAPQ	54	7341
MAPQ	55	3255
MAPQ	56	1268
MAPQ	57	11500
MAPQ	58	1004
MAPQ	59	499
MAPQ	60	5923044
# Indel distribution. Use `grep ^ID | cut -f 2-` to extract this part. The columns are: length, number of insertions, number of deletions
ID	1	6533	11277
ID	2	1417	2581
ID	3	944	1537
ID	4	545	993
ID	5	200	301
ID	6	182	320
ID	7	78	61
ID	8	73	114
ID	9	28	37
ID	10	23	76
ID	11	8	36
ID	12	19	71
ID	13	5	21
ID	14	7	10
ID	15	4	39
ID	16	5	24
ID	17	1	12
ID	18	1	25
ID	19	4	12
ID	20	1	9
ID	21	0	6
ID	22	0	6
ID	23	0	3
ID	24	0	2
ID	27	0	1
ID	30	0	1
# Indels per cycle. Use `grep ^IC | cut -f 2-` to extract this part. The columns are: cycle, number of insertions (fwd), .. (rev) , number of deletions (fwd), .. (rev)
IC	2	0	0	1	0
IC	3	0	0	54	64
IC	4	38	55	47	85
IC	5	54	68	57	88
IC	6	44	58	71	110
IC	7	64	69	77	144
IC	8	62	54	108	146
IC	9	82	77	100	146
IC	10	64	71	107	146
IC	11	77	83	116	160
IC	12	69	63	106	158
IC	13	99	81	148	147
IC	14	83	87	122	144
IC	15	90	95	113	178
IC	16	84	84	128	153
IC	17	97	72	143	184
IC	18	94	86	133	173
IC	19	95	88	129	156
IC	20	90	77	125	155
IC	21	80	93	117	156
IC	22	82	87	155	157
IC	23	101	99	157	155
IC	24	90	57	134	151
IC	25	96	72	157	170
IC	26	88	86	169	151
IC	27	91	97	154	133
IC	28	90	74	149	158
IC	29	98	80	137	155
IC	30	113	76	149	158
IC	31	79	83	138	139
IC	32	93	65	157	149
IC	33	98	87	141	127
IC	34	90	89	144	125
IC	35	82	84	123	138
IC	36	78	87	134	174
IC	37	59	87	142	132
IC	38	80	72	138	125
IC	39	72	76	130	146
IC	40	71	76	121	155
IC	41	75	89	131	92
IC	42	82	84	127	125
IC	43	78	77	126	129
IC	44	69	61	138	137
IC	45	77	76	120	124
IC	46	79	81	131	121
IC	47	64	72	145	135
IC	48	71	67	120	112
IC	49	64	57	111	131
IC	50	68	77	137	106
IC	51	74	59	147	127
IC	52	68	74	131	134
IC	53	61	53	133	133
IC	54	53	85	117	113
IC	55	54	77	134	108
IC	56	60	72	117	99
IC	57	69	64	119	116
IC	58	80	61	112	118
IC	59	68	68	100	129
IC	60	67	66	113	104
IC	61	51	57	117	130
IC	62	53	61	116	97
IC	63	77	53	90	121
IC	64	68	55	91	96
IC	65	51	53	113	89
IC	66	51	52	116	91
IC	67	57	60	124	91
IC	68	47	60	93	83
IC	69	45	35	98	78
IC	70	41	46	107	64
IC	71	45	49	81	74
IC	72	50	51	88	70
IC	73	46	51	76	57
# Coverage distribution. Use `grep ^COV | cut -f 2-` to extract this part.
COV	[1-1]	1	22597171
COV	[2-2]	2	12395359
COV	[3-3]	3	6818228
COV	[4-4]	4	5499923
COV	[5-5]	5	4583947
COV	[6-6]	6	3960976
COV	[7-7]	7	3417150
COV	[8-8]	8	2956409
COV	[9-9]	9	2567138
COV	[10-10]	10	2236994
COV	[11-11]	11	1935511
COV	[12-12]	12	1680124
COV	[13-13]	13	1453978
COV	[14-14]	14	1261660
COV	[15-15]	15	1092881
COV	[16-16]	16	949860
COV	[17-17]	17	821376
COV	[18-18]	18	712032
COV	[19-19]	19	621134
COV	[20-20]	20	543862
COV	[21-21]	21	476660
COV	[22-22]	22	415536
COV	[23-23]	23	366128
COV	[24-24]	24	323243
COV	[25-25]	25	284586
COV	[26-26]	26	249787
COV	[27-27]	27	221101
COV	[28-28]	28	195963
COV	[29-29]	29	175555
COV	[30-30]	30	157992
COV	[31-31]	31	141237
COV	[32-32]	32	127768
COV	[33-33]	33	114953
COV	[34-34]	34	102877
COV	[35-35]	35	92812
COV	[36-36]	36	84638
COV	[37-37]	37	76281
COV	[38-38]	38	68787
COV	[39-39]	39	63344
COV	[40-40]	40	57524
COV	[41-41]	41	52263
COV	[42-42]	42	48121
COV	[43-43]	43	44203
COV	[44-44]	44	41021
COV	[45-45]	45	36491
COV	[46-46]	46	33754
COV	[47-47]	47	30947
COV	[48-48]	48	28688
COV	[49-49]	49	26486
COV	[50-50]	50	24041
COV	[51-51]	51	22462
COV	[52-52]	52	20435
COV	[53-53]	53	18547
COV	[54-54]	54	17310
COV	[55-55]	55	15936
COV	[56-56]	56	14997
COV	[57-57]	57	13965
COV	[58-58]	58	13142
COV	[59-59]	59	12435
COV	[60-60]	60	11191
COV	[61-61]	61	10744
COV	[62-62]	62	9663
COV	[63-63]	63	9046
COV	[64-64]	64	8371
COV	[65-65]	65	7704
COV	[66-66]	66	7391
COV	[67-67]	67	6871
COV	[68-68]	68	6465
COV	[69-69]	69	6365
COV	[70-70]	70	5875
COV	[71-71]	71	5507
COV	[72-72]	72	4962
COV	[73-73]	73	4531
COV	[74-74]	74	4362
COV	[75-75]	75	4162
COV	[76-76]	76	3878
COV	[77-77]	77	3775
COV	[78-78]	78	3336
COV	[79-79]	79	3286
COV	[80-80]	80	3122
COV	[81-81]	81	2924
COV	[82-82]	82	2831
COV	[83-83]	83	2584
COV	[84-84]	84	2359
COV	[85-85]	85	2307
COV	[86-86]	86	2207
COV	[87-87]	87	2108
COV	[88-88]	88	1999
COV	[89-89]	89	1795
COV	[90-90]	90	1709
COV	[91-91]	91	1543
COV	[92-92]	92	1411
COV	[93-93]	93	1419
COV	[94-94]	94	1272
COV	[95-95]	95	1290
COV	[96-96]	96	1238
COV	[97-97]	97	1168
COV	[98-98]	98	1055
COV	[99-99]	99	952
COV	[100-100]	100	981
COV	[101-101]	101	949
COV	[102-102]	102	851
COV	[103-103]	103	862
COV	[104-104]	104	830
COV	[105-105]	105	800
COV	[106-106]	106	775
COV	[107-107]	107	791
COV	[108-108]	108	662
COV	[109-109]	109	692
COV	[110-110]	110	635
COV	[111-111]	111	596
COV	[112-112]	112	557
COV	[113-113]	113	547
COV	[114-114]	114	537
COV	[115-115]	115	500
COV	[116-116]	116	487
COV	[117-117]	117	413
COV	[118-118]	118	421
COV	[119-119]	119	386
COV	[120-120]	120	361
COV	[121-121]	121	350
COV	[122-122]	122	382
COV	[123-123]	123	372
COV	[124-124]	124	318
COV	[125-125]	125	317
COV	[126-126]	126	324
COV	[127-127]	127	317
COV	[128-128]	128	309
COV	[129-129]	129	319
COV	[130-130]	130	348
COV	[131-131]	131	284
COV	[132-132]	132	264
COV	[133-133]	133	235
COV	[134-134]	134	226
COV	[135-135]	135	199
COV	[136-136]	136	192
COV	[137-137]	137	205
COV	[138-138]	138	215
COV	[139-139]	139	196
COV	[140-140]	140	216
COV	[141-141]	141	200
COV	[142-142]	142	171
COV	[143-143]	143	200
COV	[144-144]	144	149
COV	[145-145]	145	166
COV	[146-146]	146	159
COV	[147-147]	147	158
COV	[148-148]	148	129
COV	[149-149]	149	128
COV	[150-150]	150	127
COV	[151-151]	151	110
COV	[152-152]	152	108
COV	[153-153]	153	112
COV	[154-154]	154	108
COV	[155-155]	155	116
COV	[156-156]	156	94
COV	[157-157]	157	110
COV	[158-158]	158	100
COV	[159-159]	159	92
COV	[160-160]	160	91
COV	[161-161]	161	86
COV	[162-162]	162	68
COV	[163-163]	163	53
COV	[164-164]	164	54
COV	[165-165]	165	60
COV	[166-166]	166	77
COV	[167-167]	167	58
COV	[168-168]	168	54
COV	[169-169]	169	52
COV	[170-170]	170	56
COV	[171-171]	171	55
COV	[172-172]	172	48
COV	[173-173]	173	51
COV	[174-174]	174	42
COV	[175-175]	175	36
COV	[176-176]	176	47
COV	[177-177]	177	67
COV	[178-178]	178	51
COV	[179-179]	179	46
COV	[180-180]	180	56
COV	[181-181]	181	43
COV	[182-182]	182	29
COV	[183-183]	183	33
COV	[184-184]	184	38
COV	[185-185]	185	28
COV	[186-186]	186	33
COV	[187-187]	187	47
COV	[188-188]	188	33
COV	[189-189]	189	34
COV	[190-190]	190	31
COV	[191-191]	191	26
COV	[192-192]	192	35
COV	[193-193]	193	31
COV	[194-194]	194	15
COV	[195-195]	195	28
COV	[196-196]	196	30
COV	[197-197]	197	28
COV	[198-198]	198	25
COV	[199-199]	199	12
COV	[200-200]	200	23
COV	[201-201]	201	35
COV	[202-202]	202	33
COV	[203-203]	203	22
COV	[204-204]	204	14
COV	[205-205]	205	17
COV	[206-206]	206	20
COV	[207-207]	207	15
COV	[208-208]	208	29
COV	[209-209]	209	23
COV	[210-210]	210	27
COV	[211-211]	211	24
COV	[212-212]	212	23
COV	[213-213]	213	21
COV	[214-214]	214	22
COV	[215-215]	215	31
COV	[216-216]	216	24
COV	[217-217]	217	24
COV	[218-218]	218	27
COV	[219-219]	219	24
COV	[220-220]	220	19
COV	[221-221]	221	9
COV	[222-222]	222	15
COV	[223-223]	223	14
COV	[224-224]	224	14
COV	[225-225]	225	17
COV	[226-226]	226	13
COV	[227-227]	227	18
COV	[228-228]	228	21
COV	[229-229]	229	22
COV	[230-230]	230	16
COV	[231-231]	231	16
COV	[232-232]	232	16
COV	[233-233]	233	21
COV	[234-234]	234	14
COV	[235-235]	235	7
COV	[236-236]	236	9
COV	[237-237]	237	6
COV	[238-238]	238	11
COV	[239-239]	239	12
COV	[240-240]	240	10
COV	[241-241]	241	9
COV	[242-242]	242	13
COV	[243-243]	243	12
COV	[244-244]	244	16
COV	[245-245]	245	16
COV	[246-246]	246	13
COV	[247-247]	247	10
COV	[248-248]	248	12
COV	[249-249]	249	14
COV	[250-250]	250	9
COV	[251-251]	251	7
COV	[252-252]	252	12
COV	[253-253]	253	11
COV	[254-254]	254	10
COV	[255-255]	255	6
COV	[256-256]	256	14
COV	[257-257]	257	12
COV	[258-258]	258	10
COV	[259-259]	259	7
COV	[260-260]	260	8
COV	[261-261]	261	9
COV	[262-262]	262	6
COV	[263-263]	263	5
COV	[264-264]	264	13
COV	[265-265]	265	9
COV	[266-266]	266	21
COV	[267-267]	267	6
COV	[268-268]	268	6
COV	[269-269]	269	2
COV	[270-270]	270	3
COV	[271-271]	271	11
COV	[272-272]	272	6
COV	[273-273]	273	9
COV	[274-274]	274	7
COV	[275-275]	275	6
COV	[276-276]	276	10
COV	[277-277]	277	11
COV	[278-278]	278	3
COV	[279-279]	279	10
COV	[280-280]	280	4
COV	[281-281]	281	5
COV	[282-282]	282	9
COV	[283-283]	283	7
COV	[284-284]	284	4
COV	[285-285]	285	3
COV	[286-286]	286	7
COV	[287-287]	287	11
COV	[288-288]	288	4
COV	[289-289]	289	11
COV	[290-290]	290	8
COV	[291-291]	291	6
COV	[292-292]	292	11
COV	[293-293]	293	14
COV	[294-294]	294	10
COV	[295-295]	295	10
COV	[296-296]	296	9
COV	[297-297]	297	10
COV	[298-298]	298	11
COV	[299-299]	299	10
COV	[300-300]	300	15
COV	[301-301]	301	11
COV	[302-302]	302	13
COV	[303-303]	303	18
COV	[304-304]	304	11
COV	[305-305]	305	10
COV	[306-306]	306	14
COV	[307-307]	307	13
COV	[308-308]	308	10
COV	[309-309]	309	21
COV	[310-310]	310	15
COV	[311-311]	311	14
COV	[312-312]	312	16
COV	[313-313]	313	16
COV	[314-314]	314	13
COV	[315-315]	315	9
COV	[316-316]	316	11
COV	[317-317]	317	11
COV	[318-318]	318	11
COV	[319-319]	319	13
COV	[320-320]	320	19
COV	[321-321]	321	12
COV	[322-322]	322	8
COV	[323-323]	323	12
COV	[324-324]	324	16
COV	[325-325]	325	10
COV	[326-326]	326	12
COV	[327-327]	327	13
COV	[328-328]	328	10
COV	[329-329]	329	13
COV	[330-330]	330	8
COV	[331-331]	331	8
COV	[332-332]	332	17
COV	[333-333]	333	10
COV	[334-334]	334	14
COV	[335-335]	335	8
COV	[336-336]	336	16
COV	[337-337]	337	11
COV	[338-338]	338	21
COV	[339-339]	339	10
COV	[340-340]	340	17
COV	[341-341]	341	10
COV	[342-342]	342	8
COV	[343-343]	343	14
COV	[344-344]	344	14
COV	[345-345]	345	6
COV	[346-346]	346	10
COV	[347-347]	347	5
COV	[348-348]	348	7
COV	[349-349]	349	11
COV	[350-350]	350	13
COV	[351-351]	351	7
COV	[352-352]	352	4
COV	[353-353]	353	6
COV	[354-354]	354	13
COV	[355-355]	355	11
COV	[356-356]	356	7
COV	[357-357]	357	14
COV	[358-358]	358	7
COV	[359-359]	359	6
COV	[360-360]	360	6
COV	[361-361]	361	6
COV	[362-362]	362	1
COV	[363-363]	363	3
COV	[364-364]	364	6
COV	[365-365]	365	4
COV	[366-366]	366	10
COV	[367-367]	367	2
COV	[368-368]	368	8
COV	[369-369]	369	3
COV	[370-370]	370	7
COV	[371-371]	371	9
COV	[372-372]	372	9
COV	[373-373]	373	5
COV	[374-374]	374	7
COV	[375-375]	375	3
COV	[376-376]	376	8
COV	[377-377]	377	3
COV	[378-378]	378	5
COV	[379-379]	379	6
COV	[380-380]	380	4
COV	[381-381]	381	7
COV	[382-382]	382	4
COV	[383-383]	383	8
COV	[384-384]	384	2
COV	[385-385]	385	3
COV	[386-386]	386	3
COV	[387-387]	387	6
COV	[388-388]	388	3
COV	[389-389]	389	3
COV	[390-390]	390	4
COV	[391-391]	391	4
COV	[392-392]	392	6
COV	[393-393]	393	3
COV	[394-394]	394	2
COV	[395-395]	395	4
COV	[397-397]	397	2
COV	[398-398]	398	2
COV	[399-399]	399	1
COV	[400-400]	400	1
COV	[402-402]	402	2
COV	[403-403]	403	1
COV	[404-404]	404	3
COV	[405-405]	405	2
COV	[406-406]	406	2
COV	[407-407]	407	1
COV	[408-408]	408	2
COV	[409-409]	409	5
COV	[410-410]	410	5
COV	[411-411]	411	1
COV	[412-412]	412	2
COV	[413-413]	413	3
COV	[414-414]	414	3
COV	[415-415]	415	1
COV	[416-416]	416	5
COV	[417-417]	417	2
COV	[418-418]	418	4
COV	[419-419]	419	5
COV	[420-420]	420	2
COV	[421-421]	421	4
COV	[422-422]	422	6
COV	[423-423]	423	1
COV	[424-424]	424	6
COV	[425-425]	425	1
COV	[426-426]	426	3
COV	[427-427]	427	2
COV	[428-428]	428	1
COV	[430-430]	430	3
COV	[431-431]	431	1
COV	[432-432]	432	3
COV	[433-433]	433	2
COV	[434-434]	434	1
COV	[435-435]	435	5
COV	[436-436]	436	1
COV	[437-437]	437	2
COV	[438-438]	438	3
COV	[439-439]	439	4
COV	[441-441]	441	1
COV	[442-442]	442	1
COV	[443-443]	443	3
COV	[444-444]	444	1
COV	[445-445]	445	2
COV	[446-446]	446	3
COV	[447-447]	447	2
COV	[448-448]	448	3
COV	[449-449]	449	1
COV	[450-450]	450	4
COV	[451-451]	451	1
COV	[452-452]	452	1
COV	[453-453]	453	2
COV	[455-455]	455	1
COV	[456-456]	456	1
COV	[457-457]	457	1
COV	[458-458]	458	1
COV	[460-460]	460	1
COV	[462-462]	462	2
COV	[465-465]	465	1
COV	[466-466]	466	1
COV	[469-469]	469	2
COV	[472-472]	472	3
COV	[473-473]	473	1
COV	[474-474]	474	2
COV	[475-475]	475	1
COV	[476-476]	476	1
COV	[481-481]	481	2
COV	[482-482]	482	2
COV	[483-483]	483	1
COV	[484-484]	484	2
COV	[486-486]	486	1
COV	[489-489]	489	1
COV	[492-492]	492	1
COV	[493-493]	493	3
COV	[494-494]	494	3
COV	[495-495]	495	1
COV	[496-496]	496	1
COV	[497-497]	497	1
COV	[498-498]	498	1
COV	[499-499]	499	2
COV	[506-506]	506	1
COV	[509-509]	509	1
COV	[510-510]	510	1
COV	[511-511]	511	1
COV	[516-516]	516	2
COV	[518-518]	518	1
COV	[530-530]	530	1
COV	[533-533]	533	1
COV	[538-538]	538	1
COV	[539-539]	539	1
COV	[552-552]	552	4
COV	[554-554]	554	2
COV	[562-562]	562	1
COV	[569-569]	569	1
COV	[572-572]	572	1
COV	[578-578]	578	1
COV	[579-579]	579	1
COV	[585-585]	585	1
COV	[592-592]	592	1
COV	[595-595]	595	1
COV	[598-598]	598	1
COV	[601-601]	601	1
COV	[602-602]	602	1
COV	[603-603]	603	2
COV	[604-604]	604	1
COV	[605-605]	605	1
COV	[606-606]	606	1
COV	[609-609]	609	1
COV	[615-615]	615	1
COV	[616-616]	616	1
COV	[618-618]	618	1
COV	[627-627]	627	1
COV	[628-628]	628	1
COV	[630-630]	630	1
COV	[646-646]	646	1
COV	[658-658]	658	1
COV	[663-663]	663	1
COV	[679-679]	679	1
COV	[702-702]	702	1
COV	[714-714]	714	1
COV	[727-727]	727	1
COV	[733-733]	733	1
COV	[735-735]	735	1
COV	[740-740]	740	1
COV	[752-752]	752	2
COV	[756-756]	756	1
COV	[758-758]	758	1
COV	[759-759]	759	1
COV	[763-763]	763	1
COV	[765-765]	765	1
COV	[766-766]	766	1
COV	[767-767]	767	1
COV	[770-770]	770	1
COV	[774-774]	774	1
COV	[779-779]	779	2
COV	[782-782]	782	1
COV	[784-784]	784	1
COV	[785-785]	785	1
COV	[786-786]	786	1
COV	[787-787]	787	1
COV	[789-789]	789	3
COV	[791-791]	791	1
COV	[794-794]	794	1
COV	[807-807]	807	1
COV	[808-808]	808	1
COV	[820-820]	820	1
COV	[842-842]	842	1
COV	[852-852]	852	1
COV	[871-871]	871	2
COV	[883-883]	883	1
COV	[894-894]	894	1
COV	[895-895]	895	1
COV	[901-901]	901	1
COV	[908-908]	908	1
COV	[915-915]	915	1
COV	[926-926]	926	1
COV	[934-934]	934	1
COV	[939-939]	939	1
COV	[949-949]	949	1
COV	[957-957]	957	2
COV	[963-963]	963	1
COV	[979-979]	979	1
COV	[986-986]	986	1
COV	[988-988]	988	1
COV	[1000<]	1000	121
# GC-depth. Use `grep ^GCD | cut -f 2-` to extract this part. The columns are: GC%, unique sequence percentiles, 10th, 25th, 50th, 75th and 90th depth percentile
GCD	0.0	0.255	0.004	0.004	0.004	0.004	0.004
GCD	1.0	0.258	0.004	0.004	0.015	0.027	0.027
GCD	2.0	0.259	0.008	0.008	0.008	0.008	0.008
GCD	3.0	0.267	0.004	0.004	0.004	0.008	0.008
GCD	4.0	0.271	0.004	0.004	0.004	0.004	0.004
GCD	5.0	0.279	0.004	0.004	0.004	0.008	0.008
GCD	6.0	0.280	0.008	0.008	0.008	0.008	0.008
GCD	7.0	0.291	0.004	0.004	0.004	0.004	0.008
GCD	8.0	0.297	0.004	0.004	0.004	0.008	0.011
GCD	9.0	0.303	0.004	0.004	0.004	0.004	0.004
GCD	10.0	0.305	0.011	0.011	0.013	0.015	0.015
GCD	10.5	0.307	0.072	0.072	0.072	0.072	0.072
GCD	11.0	0.322	0.004	0.004	0.004	0.009	0.035
GCD	12.0	0.332	0.004	0.004	0.004	0.008	0.008
GCD	13.0	0.342	0.004	0.004	0.004	0.007	0.008
GCD	14.0	0.359	0.004	0.004	0.004	0.008	0.014
GCD	15.0	0.365	0.008	0.008	0.008	0.010	0.011
GCD	16.0	0.386	0.004	0.004	0.004	0.004	0.013
GCD	17.0	0.411	0.004	0.004	0.004	0.008	0.011
GCD	18.0	0.447	0.004	0.004	0.004	0.008	0.015
GCD	19.0	0.459	0.008	0.008	0.008	0.011	0.015
GCD	20.0	0.492	0.004	0.004	0.008	0.009	0.013
GCD	21.0	0.536	0.004	0.004	0.008	0.009	0.014
GCD	22.0	0.607	0.004	0.004	0.008	0.008	0.009
GCD	23.0	0.653	0.008	0.008	0.008	0.011	0.015
GCD	24.0	0.762	0.004	0.008	0.008	0.008	0.010
GCD	25.0	0.850	0.004	0.008	0.008	0.008	0.015
GCD	26.0	1.004	0.004	0.008	0.008	0.008	0.015
GCD	27.0	1.124	0.008	0.008	0.008	0.011	0.022
GCD	28.0	1.452	0.004	0.008	0.008	0.008	0.015
GCD	29.0	1.720	0.004	0.008	0.008	0.011	0.023
GCD	30.0	2.216	0.004	0.008	0.008	0.008	0.030
GCD	31.0	2.612	0.008	0.008	0.008	0.038	0.151
GCD	32.0	3.426	0.008	0.008	0.008	0.023	0.186
GCD	33.0	4.208	0.008	0.008	0.015	0.136	0.337
GCD	34.0	5.562	0.008	0.008	0.015	0.161	0.402
GCD	35.0	6.990	0.008	0.011	0.099	0.316	0.572
GCD	36.0	9.327	0.008	0.008	0.053	0.345	0.661
GCD	37.0	11.867	0.008	0.015	0.167	0.455	0.785
GCD	38.0	15.262	0.008	0.008	0.114	0.402	0.762
GCD	39.0	19.010	0.008	0.011	0.125	0.461	0.830
GCD	40.0	22.627	0.008	0.023	0.205	0.546	0.940
GCD	41.0	27.005	0.008	0.015	0.140	0.500	0.895
GCD	42.0	30.979	0.008	0.019	0.186	0.550	0.959
GCD	43.0	35.581	0.008	0.015	0.136	0.485	0.940
GCD	44.0	39.599	0.008	0.023	0.197	0.555	0.991
GCD	45.0	44.032	0.008	0.015	0.121	0.462	0.951
GCD	46.0	47.913	0.008	0.015	0.159	0.500	1.050
GCD	47.0	52.010	0.008	0.015	0.099	0.432	0.932
GCD	48.0	55.410	0.008	0.015	0.129	0.489	0.993
GCD	49.0	59.191	0.008	0.015	0.091	0.455	0.969
GCD	50.0	62.614	0.008	0.015	0.106	0.500	1.038
GCD	51.0	66.067	0.008	0.015	0.076	0.440	0.982
GCD	52.0	69.236	0.008	0.015	0.136	0.511	1.084
GCD	53.0	72.573	0.008	0.015	0.099	0.497	1.100
GCD	54.0	75.537	0.008	0.015	0.136	0.531	1.079
GCD	55.0	78.580	0.008	0.015	0.083	0.489	1.117
GCD	56.0	81.218	0.008	0.023	0.167	0.637	1.319
GCD	57.0	84.024	0.008	0.015	0.110	0.576	1.228
GCD	58.0	86.523	0.008	0.027	0.239	0.769	1.512
GCD	59.0	89.008	0.008	0.015	0.152	0.622	1.331
GCD	60.0	91.189	0.015	0.034	0.265	0.807	1.562
GCD	61.0	93.154	0.008	0.023	0.208	0.701	1.445
GCD	62.0	94.872	0.008	0.023	0.152	0.641	1.331
GCD	63.0	96.104	0.015	0.030	0.182	0.624	1.172
GCD	64.0	97.190	0.008	0.023	0.091	0.426	0.993
GCD	65.0	97.915	0.008	0.023	0.091	0.364	0.761
GCD	66.0	98.523	0.008	0.015	0.045	0.191	0.620
GCD	67.0	98.896	0.008	0.015	0.038	0.091	0.271
GCD	68.0	99.196	0.008	0.008	0.023	0.061	0.152
GCD	69.0	99.384	0.008	0.015	0.030	0.061	0.099
GCD	70.0	99.538	0.008	0.008	0.015	0.044	0.069
GCD	71.0	99.641	0.008	0.008	0.023	0.038	0.050
GCD	72.0	99.735	0.008	0.008	0.015	0.030	0.053
GCD	73.0	99.771	0.008	0.008	0.015	0.023	0.031
GCD	74.0	99.833	0.008	0.008	0.008	0.015	0.030
GCD	75.0	99.870	0.007	0.008	0.008	0.015	0.023
GCD	76.0	99.901	0.006	0.008	0.008	0.018	0.030
GCD	77.0	99.922	0.008	0.008	0.008	0.015	0.760
GCD	78.0	99.941	0.006	0.008	0.008	0.009	0.015
GCD	79.0	99.955	0.008	0.008	0.011	0.015	0.052
GCD	80.0	99.964	0.008	0.008	0.008	0.008	0.008
GCD	81.0	99.968	0.008	0.008	0.015	0.019	0.019
GCD	82.0	99.983	0.005	0.008	0.008	0.015	0.015
GCD	83.0	99.986	0.004	0.004	0.006	0.008	0.008
GCD	84.0	99.996	0.008	0.008	0.008	0.008	0.015
GCD	86.0	99.997	0.004	0.004	0.004	0.004	0.004
GCD	87.0	99.999	0.004	0.004	0.004	0.004	0.004
GCD	88.0	100.000	0.004	0.004	0.004	0.004	0.004
