# This file was produced by samtools stats (1.23+htslib-1.23) and can be plotted using plot-bamstats
# This file contains statistics for all reads.
# The command line was:  stats data/AFR/GWD/HG02982/aligned/HG02982.bam
# CHK, Checksum	[2]Read Names	[3]Sequences	[4]Qualities
# CHK, CRC32 of reads which passed filtering followed by addition (32bit overflow)
CHK	fd6c1afc	85c1de5d	e1a75811
# Summary Numbers. Use `grep ^SN | cut -f 2-` to extract this part.
SN	raw total sequences:	357180	# excluding supplementary and secondary reads
SN	filtered sequences:	0
SN	sequences:	357180
SN	is sorted:	1	# sorted by coordinate
SN	1st fragments:	178590
SN	last fragments:	178590
SN	reads mapped:	357157
SN	reads mapped and paired:	357152	# paired-end technology bit set + both mates mapped
SN	reads unmapped:	23
SN	reads properly paired:	354036	# proper-pair bit set
SN	reads paired:	357180	# paired-end technology bit set
SN	reads duplicated:	0	# PCR or optical duplicate bit set
SN	reads MQ0:	31620	# mapped and MQ=0
SN	reads QC failed:	0
SN	non-primary alignments:	0
SN	supplementary alignments:	348
SN	total length:	35699548	# ignores clipping
SN	total first fragment length:	17849774	# ignores clipping
SN	total last fragment length:	17849774	# ignores clipping
SN	bases mapped:	35697248	# ignores clipping
SN	bases mapped (cigar):	35659549	# more accurate
SN	bases trimmed:	0
SN	bases duplicated:	0
SN	mismatches:	90425	# from NM fields
SN	error rate:	2.535786e-03	# mismatches / bases mapped (cigar)
SN	average length:	100
SN	average first fragment length:	100
SN	average last fragment length:	100
SN	maximum length:	100
SN	maximum first fragment length:	100
SN	maximum last fragment length:	100
SN	average quality:	36.2
SN	insert size average:	236.0
SN	insert size standard deviation:	78.8
SN	inward oriented pairs:	177173
SN	outward oriented pairs:	48
SN	pairs with other orientation:	54
SN	pairs on different chromosomes:	1301
SN	percentage of properly paired reads (%):	99.1
# First Fragment Qualities. Use `grep ^FFQ | cut -f 2-` to extract this part.
# Columns correspond to qualities and rows to cycles. First column is the cycle number.
FFQ	1	0	0	389	0	0	0	0	0	0	0	94	0	0	0	0	0	214	0	0	5	0	0	61	316	0	314	1100	1746	892	0	6794	54716	0	15993	95956	0	0	0	0	0	0	0	0
FFQ	2	0	0	262	0	0	0	0	0	0	0	58	0	0	0	0	0	496	0	0	78	0	0	80	248	0	267	934	1803	825	0	5733	44185	0	6912	116709	0	0	0	0	0	0	0	0
FFQ	3	0	0	0	0	0	0	0	0	0	0	99	0	0	0	0	0	525	0	0	23	0	0	131	289	0	381	946	1973	1161	0	5630	41222	0	6769	119441	0	0	0	0	0	0	0	0
FFQ	4	0	0	0	0	0	0	0	0	0	0	83	0	0	0	0	0	101	0	0	115	0	0	87	0	0	223	445	30	779	18	1313	34	2213	3263	0	30305	0	139581	0	0	0	0	0
FFQ	5	0	0	0	0	0	0	0	0	0	0	158	0	0	0	0	0	192	0	0	142	0	0	133	0	0	354	586	45	854	9	1542	35	2262	3840	0	31594	0	136844	0	0	0	0	0
FFQ	6	0	0	0	0	0	0	0	0	15	0	100	36	0	0	0	10	40	170	74	65	0	17	9	151	0	393	506	80	504	348	1483	182	2493	3470	1	28680	3013	136750	0	0	0	0	0
FFQ	7	0	0	0	0	0	0	0	0	13	0	93	21	0	0	0	15	35	147	83	60	0	10	14	130	1	401	488	86	511	341	1479	222	2418	3681	1	28876	2954	136510	0	0	0	0	0
FFQ	8	0	0	0	0	0	0	0	0	13	0	96	35	0	0	0	13	22	159	67	78	0	22	11	159	0	407	530	118	456	321	1575	204	2463	3637	0	28884	3055	136265	0	0	0	0	0
FFQ	9	0	0	0	0	0	0	0	0	16	0	132	39	0	0	0	18	47	162	87	84	2	29	21	163	0	434	197	575	442	409	1751	157	2299	2504	1575	8851	8	17060	11128	130400	0	0	0
FFQ	10	0	0	0	0	0	0	0	0	19	0	119	42	0	0	1	20	36	149	78	69	1	17	19	154	0	471	230	664	318	355	1586	165	2263	2459	1679	8795	3	17135	10883	130860	0	0	0
FFQ	11	0	0	0	0	0	0	0	0	24	0	112	34	1	1	0	11	49	177	64	84	1	21	15	159	5	446	186	789	222	364	1701	175	2377	2563	1614	8937	3	17293	11696	129466	0	0	0
FFQ	12	0	0	0	0	0	0	0	0	11	0	103	37	1	0	0	21	32	160	71	65	2	21	17	149	7	430	203	891	88	357	1645	155	2332	2547	1647	8820	4	17375	11652	129747	0	0	0
FFQ	13	0	0	0	0	0	2	0	1	18	1	81	33	0	0	0	23	27	154	71	77	2	21	12	129	3	394	201	854	81	322	1586	162	2364	2489	1620	8918	7	17137	12024	129776	0	0	0
FFQ	14	0	0	0	0	0	1	0	0	21	2	91	25	0	0	0	2	46	160	95	77	1	16	13	58	116	427	202	984	76	366	741	1017	1648	2560	1906	1714	5684	4917	14570	10553	33372	97129	0
FFQ	15	0	0	0	0	0	0	1	0	17	2	110	40	0	1	2	7	56	180	106	84	0	25	14	46	146	507	226	1040	76	441	793	1141	1787	2721	1969	1760	5859	5081	15013	10676	34104	94559	0
FFQ	16	0	0	0	0	0	2	1	1	27	2	159	48	0	0	1	5	76	201	116	100	2	23	25	66	171	508	250	1098	71	478	827	1224	1773	2787	1999	1884	6063	5333	15432	10935	34953	91949	0
FFQ	17	0	0	0	0	0	1	0	0	20	1	137	37	2	1	2	7	75	203	103	84	2	36	16	61	157	553	250	1106	71	428	840	1175	1897	2808	2058	1781	6008	5376	15690	11214	35549	90841	0
FFQ	18	0	0	0	0	0	1	1	1	29	2	148	52	1	0	1	6	65	192	124	121	3	35	30	70	145	522	249	1075	82	468	859	1233	1878	2950	2115	1942	6209	5408	15831	11135	35924	89683	0
FFQ	19	0	0	0	0	0	2	2	1	24	5	143	37	2	0	2	8	68	18	344	121	6	39	25	83	173	506	267	1070	85	467	881	1229	1936	1790	3301	2058	5382	5486	13209	13134	37475	89211	0
FFQ	20	0	0	0	0	0	2	2	3	37	8	159	51	1	1	0	21	66	24	320	125	6	48	28	69	227	573	328	1140	103	499	961	1294	1998	1917	3407	2139	5503	5434	13813	13504	37935	86844	0
FFQ	21	0	0	0	0	0	0	1	5	43	6	126	41	2	1	2	18	60	25	305	106	4	43	28	86	220	488	263	1027	110	469	987	1192	1920	1811	3378	2153	5462	5763	13887	14254	38758	85546	0
FFQ	22	0	0	0	0	0	0	2	3	37	17	139	35	4	1	4	18	70	39	292	116	7	35	43	99	264	473	245	1126	105	485	967	1313	1854	2009	3421	2215	5540	5673	14152	14351	39090	84346	0
FFQ	23	0	0	0	0	0	1	7	2	62	19	170	38	2	4	4	26	87	52	276	137	10	59	40	144	330	497	304	1124	112	561	1094	1376	1948	2001	3558	2462	5719	5934	14952	14556	39690	81232	0
FFQ	24	0	0	0	0	0	4	2	11	65	40	167	46	6	2	6	26	108	62	274	149	13	63	36	181	361	537	333	1123	128	615	1259	1424	2091	2085	3780	2501	6005	5892	15794	14077	38648	80676	0
FFQ	25	0	0	0	0	0	3	4	12	81	35	166	34	8	3	4	33	105	60	279	119	9	52	48	172	391	512	331	1153	117	594	1309	1459	1926	2190	3723	2660	6002	6166	16135	14714	39508	78473	0
FFQ	26	0	0	0	0	0	3	6	13	100	54	216	40	5	3	6	46	101	92	238	144	12	82	36	160	421	501	336	1026	129	582	1419	1368	1959	2105	3815	2863	6071	6340	16738	15120	40515	75925	0
FFQ	27	0	0	0	0	0	3	7	7	112	80	208	26	7	6	2	55	134	108	252	138	9	81	51	186	531	446	314	1073	138	629	1473	1547	1868	2255	3899	2982	6221	6375	17445	15113	41794	73015	0
FFQ	28	0	0	0	0	0	1	11	11	144	102	196	31	10	7	4	73	147	122	266	181	15	97	51	177	650	456	326	1139	139	661	1684	1600	1880	2515	3916	3249	6515	6479	18353	14511	42887	69984	0
FFQ	29	0	0	0	0	0	3	5	23	102	90	158	20	7	5	7	80	179	122	194	152	17	90	57	182	565	473	309	971	159	478	1872	1353	1662	2241	3664	3204	5722	6468	15999	16058	38817	77082	0
FFQ	30	0	0	0	0	0	3	11	12	123	93	138	12	12	10	15	82	178	118	169	129	17	84	60	196	560	462	333	868	166	509	1810	1409	1525	2288	3555	3400	5548	6258	15885	14834	38566	79152	0
FFQ	31	0	0	0	0	0	7	10	16	133	140	123	7	13	10	8	92	190	120	160	141	29	109	55	202	634	493	336	861	177	540	1899	1442	1417	2342	3521	3690	5541	6154	16144	14140	38958	78736	0
FFQ	32	0	0	0	0	0	8	10	20	153	171	110	3	13	17	17	89	204	85	168	146	26	108	65	216	666	506	369	872	188	586	2073	1532	1386	2474	3617	3780	5633	6346	16766	13658	38896	77608	0
FFQ	33	0	0	0	0	0	3	15	25	171	197	77	3	17	14	17	115	215	85	162	158	18	109	67	202	721	590	415	770	197	575	2233	1531	1311	2655	3668	4216	5612	6357	17254	13176	39098	76533	0
FFQ	34	0	0	0	0	0	4	16	30	162	200	58	3	13	14	24	130	223	54	163	123	25	117	85	234	652	609	376	767	210	603	2182	1530	1185	2570	3536	4415	5373	6474	17425	13185	39456	76349	0
FFQ	35	0	0	0	0	0	4	14	43	182	252	30	5	12	23	30	132	232	44	168	139	33	145	85	212	652	593	444	705	229	599	2308	1546	1195	2761	3559	4722	5333	6375	18277	12704	39668	75115	0
FFQ	36	0	0	0	0	0	3	31	55	198	337	17	5	19	32	28	176	262	43	181	174	49	151	104	291	824	674	495	831	263	758	2395	1788	1198	3015	3684	5168	5506	6697	18799	12350	39880	72085	0
FFQ	37	0	0	0	0	0	4	30	69	201	290	16	9	21	40	24	213	257	36	216	185	55	175	119	281	821	696	519	799	329	710	2568	1844	1281	3187	3683	5672	5308	6981	19227	12701	39977	70016	0
FFQ	38	0	0	0	0	0	7	38	63	208	291	5	9	28	29	37	204	219	41	212	144	55	154	128	279	790	684	549	848	338	690	2620	1812	1255	3384	3635	5823	5327	6950	19257	12880	40385	69179	0
FFQ	39	0	0	0	0	0	10	27	94	175	287	5	9	32	40	49	195	169	38	210	180	53	147	131	321	774	631	535	803	351	753	2563	1878	1243	3541	3531	5941	5013	7227	18995	13466	40579	68556	0
FFQ	40	0	0	0	0	0	10	30	87	175	255	5	10	29	59	43	194	173	46	238	175	86	182	149	322	813	544	558	805	424	777	2542	1907	1323	3711	3551	6306	5202	7315	19059	13382	40489	67574	0
FFQ	41	0	0	0	0	0	10	52	104	203	305	14	9	40	54	56	231	155	56	222	191	71	210	163	439	841	526	674	845	464	858	2637	2020	1411	3973	3707	6635	5254	7448	19217	13390	40766	65297	0
FFQ	42	0	0	0	0	0	14	41	107	203	302	7	15	41	63	53	262	154	51	205	187	85	193	176	460	845	501	669	842	512	845	2622	2124	1383	4153	3633	6746	5215	7749	19653	13740	40582	64112	0
FFQ	43	0	0	0	0	0	12	77	134	203	319	13	14	33	63	91	260	137	68	243	222	104	209	202	472	946	493	667	821	595	846	2585	2166	1558	4319	3890	6934	5343	7814	19830	13765	41052	62042	0
FFQ	44	0	0	0	0	0	11	37	93	147	218	12	16	39	66	65	287	85	51	172	164	121	171	228	457	829	483	653	691	634	651	2599	1974	1407	4251	3264	7155	4496	7892	17609	15450	38249	67811	0
FFQ	45	0	0	0	0	0	7	37	100	172	229	14	19	51	63	67	246	86	51	185	158	150	146	207	425	755	397	678	710	667	730	2319	1944	1390	4078	3327	7109	4675	7699	17341	14270	38253	69780	0
FFQ	46	0	0	0	0	0	9	41	92	128	169	7	20	36	73	68	250	68	50	168	159	148	156	199	519	674	343	667	661	660	755	2097	1961	1448	4015	3330	7223	4637	7790	16363	13585	37838	72126	0
FFQ	47	0	0	0	0	0	5	44	128	173	196	7	15	43	71	70	226	58	66	203	201	193	132	198	505	712	298	723	758	646	791	2139	1932	1475	4212	3432	7461	4947	7868	16447	13243	37045	71870	0
FFQ	48	0	0	0	0	0	13	47	128	184	210	8	20	45	90	76	219	47	73	177	158	161	146	235	555	760	303	818	714	826	809	1962	2055	1533	4302	3671	7575	5199	7854	16399	13452	36812	70893	0
FFQ	49	0	0	1	0	0	6	52	123	163	209	8	27	34	97	85	182	46	63	206	167	194	178	228	507	857	234	784	753	836	859	1993	2172	1644	4264	3824	7799	5485	8155	14848	15138	36770	69535	0
FFQ	50	0	0	1	0	0	13	50	130	206	203	7	22	39	112	110	198	38	71	213	176	203	156	237	532	836	204	882	790	923	911	1949	2285	1685	4439	4139	8209	5774	8410	14666	15353	36390	67963	0
FFQ	51	0	0	1	0	0	14	42	144	182	188	4	32	60	118	89	199	48	77	217	189	216	158	299	534	827	204	926	771	1036	898	1956	2350	1794	4469	4302	8503	6022	8618	14783	15680	36084	66486	0
FFQ	52	0	0	2	0	0	14	49	180	210	168	16	23	63	139	93	172	46	99	242	177	237	174	286	609	845	168	914	843	1163	927	1967	2459	1849	4469	4715	8663	6190	8857	14572	15900	35169	65851	0
FFQ	53	0	0	2	0	0	16	60	180	216	174	12	24	68	129	104	145	36	108	257	140	245	183	320	663	841	183	1068	841	1235	1040	1922	2564	1954	4541	4921	9139	6520	9221	14591	16008	35184	63664	0
FFQ	54	0	0	1	0	0	22	85	224	269	159	12	29	87	154	129	144	61	115	287	215	298	226	368	717	821	184	1139	878	1353	1184	1951	2722	2165	4612	5421	9596	6873	9571	14736	16071	34590	61043	0
FFQ	55	0	0	1	0	0	27	103	290	350	181	23	41	68	216	163	150	58	123	351	233	311	210	431	770	592	464	1267	914	1469	1297	1922	2946	2293	4923	5842	10179	7157	9327	15095	16413	33844	58466	0
FFQ	56	0	0	1	0	0	25	89	215	288	114	16	38	72	195	137	128	46	90	316	177	321	226	430	804	533	448	1213	810	1656	1241	1875	2865	2382	4780	6134	10668	7274	10138	14796	17022	33160	57786	0
FFQ	57	0	0	1	0	0	27	90	239	320	117	19	47	61	196	133	118	46	124	334	198	367	215	519	751	472	458	1306	820	1636	1273	1913	3165	2506	4843	6562	11104	7797	10325	14610	17307	32631	55855	0
FFQ	58	0	0	1	0	0	28	104	286	348	119	24	53	88	202	170	112	45	153	345	207	408	260	516	826	499	522	1432	922	1824	1417	1900	3402	2608	5059	7116	11728	8376	10581	14915	17576	31653	52677	0
FFQ	59	0	0	2	0	0	46	111	272	354	91	31	54	76	215	158	113	45	129	410	190	359	208	607	786	472	496	1675	886	1920	1512	2004	3439	2840	5042	7482	12277	8693	10784	14665	17704	31039	51314	0
FFQ	60	0	0	2	0	0	44	117	331	379	73	39	66	79	234	164	112	69	151	425	203	414	278	634	781	427	543	1753	919	1966	1659	1963	3661	2934	5091	7902	13115	9094	11311	14427	18183	30098	48857	0
FFQ	61	0	0	31	0	0	54	129	371	421	57	42	64	81	288	154	105	57	142	440	230	442	263	695	811	474	552	1885	928	2064	1714	2037	3809	3089	5348	8498	13611	9479	11674	14290	18614	28971	46583	0
FFQ	62	0	0	80	0	0	38	102	363	434	38	44	82	77	276	137	106	67	162	479	180	484	279	756	827	453	586	1935	919	2131	1879	2149	3970	3327	5507	8909	14721	9956	11888	13868	18823	28164	44299	0
FFQ	63	0	0	152	0	0	57	114	435	490	32	58	88	104	323	140	116	55	154	532	212	525	332	865	794	407	664	2028	996	2300	1892	2312	4144	3522	5624	9497	15351	10605	12389	13578	19106	26815	41681	0
FFQ	64	0	0	218	0	0	62	134	416	494	27	54	93	97	317	132	94	66	168	582	204	604	342	928	810	447	672	2222	992	2349	2086	2458	4357	3667	5677	10132	16369	10912	12940	13178	19375	25788	39025	0
FFQ	65	0	0	329	0	0	71	128	473	521	21	57	100	96	310	118	106	94	166	498	290	598	300	858	889	451	762	2309	815	2326	2433	2500	4547	3880	5867	10638	17537	11436	13371	12906	19680	24414	36591	0
FFQ	66	0	0	420	0	0	57	102	485	482	10	62	93	109	330	131	99	71	181	535	309	661	331	879	864	440	765	2382	844	2366	2515	2626	4732	4034	6102	11093	18626	11927	13500	12483	20158	23157	34525	0
FFQ	67	0	0	530	0	0	74	109	512	464	9	68	120	100	341	124	113	90	187	616	296	600	307	950	824	482	767	2502	845	2327	2681	2753	4934	4217	6186	11749	19715	12580	14059	12065	20025	21843	32318	0
FFQ	68	0	0	653	0	0	84	101	483	425	2	45	116	98	276	104	130	79	170	549	251	672	351	947	788	465	808	2592	905	2182	2698	2845	4878	4341	6474	12341	20978	12967	14769	11274	20698	20658	30285	0
FFQ	69	0	0	771	0	0	77	101	560	408	3	65	102	89	285	121	126	70	183	617	283	754	342	966	786	492	900	2653	903	2171	2886	3032	5011	4570	6718	12912	22436	13396	15252	10828	20806	19039	27767	0
FFQ	70	0	0	934	0	0	103	94	573	443	0	81	124	102	290	91	131	82	208	620	281	778	375	833	685	742	911	2717	889	2138	3096	3219	5279	4828	6986	13534	23694	14030	15655	10407	20678	17778	25068	0
FFQ	71	0	0	1106	0	0	86	113	602	396	0	78	114	115	289	75	174	89	220	650	297	807	360	800	708	827	1002	2711	925	2088	3261	3408	5394	4939	7113	14333	25051	14575	16124	9855	20720	16154	22914	0
FFQ	72	0	0	1255	0	0	113	130	700	473	0	87	158	110	294	95	172	91	251	732	291	855	395	857	706	820	1126	2977	1037	1971	3471	3583	5514	5098	7537	15130	26396	14888	16424	9106	20664	14607	20356	0
FFQ	73	0	0	1446	0	0	115	105	698	425	0	98	143	117	259	76	188	100	239	719	309	921	377	811	688	859	1128	2996	1036	2015	3604	3794	5757	5401	7723	15613	27947	15642	16852	8399	20480	13190	18198	0
FFQ	74	0	0	1614	0	0	133	118	747	415	0	137	170	134	312	75	189	106	267	747	317	951	420	811	672	982	1227	3133	1155	1932	3935	3866	6019	5579	8015	16806	29128	15921	17188	7768	20029	11664	15783	0
FFQ	75	0	0	1798	0	0	118	96	779	396	0	149	175	113	343	76	219	100	270	822	360	1010	417	801	723	994	1334	2914	1552	1924	4027	4167	6071	5771	8351	17368	30923	16413	17446	7056	19670	10037	13679	0
FFQ	76	0	0	1978	0	0	105	102	682	374	0	192	241	163	420	82	277	102	315	754	429	1520	544	1133	1113	1520	1693	4438	2363	3271	6088	7594	9755	10482	10821	25261	21003	17751	10490	6586	19511	6345	2963	0
FFQ	77	0	0	2084	0	0	123	80	687	321	0	168	172	111	301	46	192	78	304	687	367	1178	393	805	866	1239	1484	3324	1893	2093	5093	5732	7718	8397	11415	25059	25907	18387	13497	5699	21343	7939	3278	0
FFQ	78	0	0	2241	0	0	117	73	670	278	0	157	170	122	247	40	223	92	298	698	329	1106	387	661	775	1106	1372	2856	1719	1594	4479	4792	6645	6983	10281	22103	33217	18447	16919	4938	19268	7293	5759	0
FFQ	79	0	0	2431	0	0	148	116	895	348	0	154	158	122	223	57	222	100	343	867	345	1152	369	667	837	1162	1556	2871	1817	1387	4513	4517	6513	6565	9679	21077	37437	18213	18147	4332	17598	5283	6231	0
FFQ	80	0	0	2620	0	0	129	73	840	286	0	167	184	150	203	51	255	93	342	826	359	1188	381	610	810	1148	1510	2745	1854	1293	4580	4274	6393	6294	9651	20994	40714	18458	19010	3569	16810	3954	5634	0
FFQ	81	0	0	2826	0	0	139	69	860	238	0	163	165	143	182	54	224	121	343	842	323	1228	352	551	837	1167	1549	2663	1955	1145	4616	4370	6289	6294	9890	21374	43576	18642	19206	3031	15488	3015	4520	0
FFQ	82	0	0	3065	0	0	171	78	934	249	2	205	177	153	197	57	260	112	358	916	385	1245	322	506	827	1309	1722	2683	1993	1144	4836	4429	6454	6418	10180	22242	45133	18764	18751	2617	13860	2323	3371	0
FFQ	83	0	0	3317	0	0	159	80	950	233	0	205	181	150	157	47	262	123	356	897	416	1301	325	475	913	1354	1775	2665	2187	1014	4928	4526	6730	6801	10207	22883	46998	18787	18410	2101	12393	1662	2478	0
FFQ	84	0	0	3576	0	0	169	83	953	231	0	198	184	158	164	49	272	128	338	949	432	1399	342	436	909	1398	1896	2541	2185	1009	5038	4557	6659	6757	10484	23793	49118	18795	17837	1890	10649	1140	1727	0
FFQ	85	0	0	3859	0	0	174	71	881	197	0	219	202	152	161	44	280	107	356	869	439	1321	296	380	937	1364	1912	2490	2270	860	5169	4567	6782	7014	10574	24580	51592	18713	17068	1390	9137	825	1187	0
FFQ	86	0	0	4180	0	0	154	59	931	171	0	214	170	170	127	49	310	131	388	1011	446	1278	293	326	956	1395	2048	2387	2255	805	5372	4676	7089	7111	10906	25383	52771	18922	16125	1114	7431	538	733	0
FFQ	87	0	0	4565	0	0	186	48	917	169	0	225	178	171	122	41	325	134	355	947	499	1351	290	314	988	1402	2174	2375	2418	739	5348	4609	7074	7307	11069	26069	54816	18822	14835	848	5924	321	444	0
FFQ	88	0	0	4952	0	0	191	46	1030	148	0	269	175	191	111	36	298	145	370	1021	483	1390	277	293	1028	1563	2293	2316	2447	697	5632	4766	7393	7373	11181	27124	56030	17998	13486	626	4597	188	245	0
FFQ	89	0	0	5396	0	0	194	50	1073	137	0	284	165	188	116	38	380	118	460	1006	561	1521	268	279	1055	1514	2442	2258	2663	633	5892	4786	7502	7731	11256	28167	56865	17583	11678	491	3390	123	138	0
FFQ	90	0	0	5890	0	0	192	48	1037	145	1	259	165	181	79	36	331	133	407	1071	613	1490	262	237	1156	1585	2575	2293	2793	664	6166	4860	7647	7883	11164	29252	57589	17070	10184	345	2453	48	81	0
FFQ	91	0	0	6424	0	0	209	44	1080	118	0	279	151	183	93	25	339	120	388	1093	597	1564	233	183	1110	1703	2671	2091	2832	573	6030	4741	7856	7983	11450	29598	59280	16576	8733	234	1717	32	39	0
FFQ	92	0	0	7071	0	0	173	37	897	99	0	305	157	166	64	27	380	131	406	1024	693	1421	224	165	1091	1649	2751	1947	2873	534	5978	4743	8015	8159	11413	30156	60914	15976	7384	146	1149	13	27	0
FFQ	93	0	0	7815	0	0	198	32	974	98	0	268	141	188	36	18	370	129	425	1015	683	1396	166	150	1203	1660	2889	1786	2934	479	6273	4874	8075	8336	11582	31166	61347	14749	6046	102	705	7	12	0
FFQ	94	0	0	8715	0	0	177	29	945	91	0	255	148	184	40	25	334	147	435	1118	732	1466	183	158	1242	1662	3028	1664	3028	467	6265	4982	8160	8355	11613	31785	61681	13889	4811	64	401	7	5	0
FFQ	95	0	0	9844	0	0	156	21	897	62	0	263	136	35	156	18	351	131	386	1080	668	1430	152	146	1231	1842	3127	1532	3093	430	6484	5033	8205	8732	11652	32188	61821	12913	3758	33	236	7	4	0
FFQ	96	0	0	11138	0	0	148	21	826	73	0	264	107	37	130	12	351	166	412	1081	716	1328	141	119	1168	1754	3177	1484	3232	390	6440	5135	8344	8957	11704	32661	61813	11912	2828	18	121	3	4	0
FFQ	97	0	0	12816	0	0	85	14	684	53	0	239	113	45	111	17	309	172	395	1057	770	1350	115	120	1298	1797	3363	1357	3240	347	6624	5228	8549	9122	11595	32624	61294	11003	2179	8	74	2	1	0
FFQ	98	0	0	14856	0	0	51	9	434	29	0	154	47	19	82	8	255	124	343	1014	678	1186	65	127	1155	1638	3283	1205	3207	356	6518	5274	8759	9196	11793	33103	61511	9997	1609	6	33	1	1	0
FFQ	99	0	0	17483	0	0	8	1	109	3	0	37	22	3	24	5	240	124	334	997	620	1061	57	104	1095	1623	3254	1082	3149	303	6410	5325	8897	9338	11886	33457	60821	8993	1184	3	22	1	1	0
FFQ	100	0	0	20680	0	0	0	0	0	0	0	0	0	0	3	1	256	139	312	963	581	912	45	108	971	1466	2918	835	2975	251	5981	5453	9021	9252	11799	33734	60218	8235	877	2	13	1	1	0
# Last Fragment Qualities. Use `grep ^LFQ | cut -f 2-` to extract this part.
# Columns correspond to qualities and rows to cycles. First column is the cycle number.
LFQ	1	0	0	166	0	0	0	0	0	0	0	288	0	0	0	0	0	501	0	0	1	0	0	54	530	0	660	1552	1701	1491	0	7028	47550	0	23093	93975	0	0	0	0	0	0	0	0
LFQ	2	0	0	0	0	0	0	0	0	0	0	370	0	0	0	0	0	785	0	0	12	0	0	167	572	0	698	1537	2259	1399	0	6065	42248	0	12679	109799	0	0	0	0	0	0	0	0
LFQ	3	0	0	0	0	0	0	0	0	0	0	402	0	0	0	0	0	644	0	0	1	0	0	187	587	0	752	1489	2385	1556	0	5891	39614	0	11799	113283	0	0	0	0	0	0	0	0
LFQ	4	0	0	0	0	0	0	0	0	0	0	455	0	0	0	0	0	338	0	0	430	0	0	182	0	0	605	754	46	1261	0	2027	43	2886	4626	0	29497	0	135440	0	0	0	0	0
LFQ	5	0	0	0	0	0	0	0	0	0	0	447	0	0	0	0	0	305	0	0	438	0	0	186	0	0	553	777	47	1270	0	1928	39	2877	4578	0	30186	0	134959	0	0	0	0	0
LFQ	6	0	0	0	0	0	0	0	0	29	0	256	86	0	0	0	46	51	362	122	83	0	20	18	175	1	573	632	85	802	355	1712	286	2914	3906	0	26434	3697	135945	0	0	0	0	0
LFQ	7	0	0	0	0	0	0	0	0	41	0	331	113	0	0	0	46	46	361	144	134	0	31	14	196	0	658	701	116	730	408	1892	282	2992	4088	0	26026	3558	135682	0	0	0	0	0
LFQ	8	0	0	0	0	0	0	0	0	35	0	292	78	0	0	0	34	58	387	131	104	0	30	26	191	1	641	683	180	758	400	1824	317	3007	4144	0	26327	3639	135303	0	0	0	0	0
LFQ	9	0	0	0	0	0	1	2	0	41	0	286	73	0	0	0	30	56	363	120	94	0	16	21	199	1	591	224	657	650	391	1841	211	2636	2561	1875	8781	0	16817	11069	128983	0	0	0
LFQ	10	0	0	0	0	0	0	0	0	35	0	212	64	2	0	1	33	54	341	119	102	2	11	16	195	0	567	222	773	449	404	1734	226	2643	2550	1838	8469	0	16579	11247	129702	0	0	0
LFQ	11	0	0	0	0	0	0	1	1	40	0	296	88	0	0	0	34	59	301	124	95	4	32	19	202	4	548	213	964	252	382	1772	234	2568	2585	1826	8704	1	17010	11742	128489	0	0	0
LFQ	12	0	0	0	0	0	1	0	2	51	0	260	92	1	0	0	35	52	310	147	108	2	32	21	223	6	569	263	1165	108	420	1924	202	2570	2775	1791	8699	2	17068	11983	127708	0	0	0
LFQ	13	0	0	0	0	0	0	1	4	36	0	261	95	1	0	0	34	64	318	123	97	3	33	24	204	4	571	246	1218	67	411	1893	204	2712	2725	1888	8717	3	17088	12188	127357	0	0	0
LFQ	14	0	0	0	0	0	2	0	3	47	5	272	86	0	0	0	8	77	328	116	122	1	26	14	76	165	599	265	1178	75	380	830	1134	1953	2689	2127	1698	5316	4796	14849	11206	31295	96852	0
LFQ	15	0	0	0	0	0	0	2	1	62	0	296	100	2	0	1	14	89	347	145	111	4	34	35	77	163	604	248	1170	77	425	915	1177	1962	2772	2153	1748	5456	4770	15091	11174	31552	95813	0
LFQ	16	0	0	0	0	0	1	4	1	65	7	304	106	3	0	3	17	86	351	129	154	10	37	24	78	222	605	249	1239	89	473	921	1202	1968	2870	2179	1813	5700	5043	15486	11200	32568	93383	0
LFQ	17	0	0	0	0	0	2	1	5	55	7	293	93	3	1	4	13	73	338	127	102	4	33	20	84	213	559	274	1279	97	438	911	1239	2049	2787	2259	1806	5715	5096	15672	11644	32873	92421	0
LFQ	18	0	0	0	0	0	1	3	1	64	11	349	105	0	1	2	19	110	328	170	127	3	55	38	103	222	646	297	1358	110	519	985	1322	2002	3151	2187	2001	5806	5244	16591	11204	33893	89562	0
LFQ	19	0	0	0	0	0	0	6	5	70	19	379	96	1	0	1	16	100	38	578	156	3	44	28	101	261	658	341	1375	101	527	1010	1328	2105	1993	3490	2055	5297	5067	13701	13414	35495	88731	0
LFQ	20	0	0	0	0	0	2	2	3	98	22	337	107	1	2	4	23	87	42	512	143	5	49	41	110	250	619	332	1381	114	538	1017	1297	2127	1866	3476	2122	5288	5224	13653	14018	35825	87853	0
LFQ	21	0	0	0	0	0	4	5	4	80	25	301	92	4	5	5	32	102	52	516	142	9	49	48	127	261	632	335	1282	110	514	1054	1250	2129	1973	3581	2191	5277	5306	14189	14203	36243	86458	0
LFQ	22	0	0	0	0	0	5	8	6	79	28	366	99	10	4	5	44	114	58	468	121	13	67	43	161	337	633	339	1280	114	559	1185	1503	2071	2008	3632	2320	5424	5292	14452	14502	36555	84685	0
LFQ	23	0	0	37	0	0	2	6	11	105	50	339	97	5	7	3	44	130	93	440	151	7	70	38	143	354	633	298	1306	126	561	1252	1430	2153	2024	3786	2364	5405	5570	14830	15129	36585	83006	0
LFQ	24	0	0	0	0	0	5	4	10	118	60	349	126	4	8	6	43	163	126	438	173	14	84	54	189	425	663	340	1318	124	651	1363	1514	2181	2287	3847	2558	5571	5798	15454	14422	34894	83206	0
LFQ	25	0	0	0	0	0	4	11	7	146	79	386	109	5	7	7	45	180	165	410	192	8	77	55	188	520	614	403	1471	113	641	1467	1603	2209	2359	3953	2737	5856	5963	15873	14836	35992	79899	0
LFQ	26	0	0	1	0	0	4	5	9	143	86	335	70	7	7	8	78	181	176	374	188	13	79	53	217	550	588	370	1292	137	586	1669	1475	2148	2317	3850	2844	5829	6080	16251	15158	36486	78926	0
LFQ	27	0	0	1	0	0	3	6	20	165	117	350	55	13	11	6	74	237	200	341	200	14	89	58	227	659	580	414	1278	150	667	1733	1575	1978	2444	4154	3054	5974	6127	16793	15000	38143	75680	0
LFQ	28	0	0	1	0	0	4	19	18	174	146	337	47	13	12	10	92	225	175	316	224	13	109	48	269	718	559	417	1278	166	626	1910	1587	1904	2527	4054	3164	5941	6212	17479	15132	39017	73647	0
LFQ	29	0	0	1	0	0	4	14	30	257	226	392	45	11	17	15	115	276	208	354	267	23	130	69	270	844	595	454	1346	178	781	2146	1820	1985	2711	4343	3480	6232	6383	18475	14629	40364	69100	0
LFQ	30	0	0	1	0	0	4	14	33	226	231	267	18	11	18	17	142	295	203	245	198	23	128	60	262	836	666	460	1167	178	699	2174	1669	1816	2629	4139	3691	6160	6664	18465	15304	41534	67943	0
LFQ	31	0	0	1	0	0	4	21	20	232	238	213	8	19	16	24	141	340	207	234	170	24	99	90	297	815	713	406	1092	205	557	2423	1551	1615	2499	3914	3684	5273	6358	16642	15743	36497	76205	0
LFQ	32	0	0	10	0	0	5	18	20	206	228	158	4	20	24	16	151	303	148	199	170	28	135	74	284	727	692	399	885	196	528	2387	1449	1454	2546	3710	3787	5073	6336	16465	14696	36383	78671	0
LFQ	33	0	0	1	0	0	6	22	31	231	273	118	4	22	19	21	150	314	108	210	154	31	135	78	262	791	696	410	845	226	596	2307	1551	1314	2644	3539	4033	5016	6068	16807	13847	36677	79025	0
LFQ	34	0	0	1	0	0	5	11	40	215	309	85	5	24	25	25	158	301	82	184	159	36	109	92	271	749	716	431	846	214	529	2506	1600	1197	2697	3490	4233	4879	6076	16759	13096	36318	80102	0
LFQ	35	0	0	1	0	0	4	25	44	212	314	47	6	12	27	26	202	299	68	206	175	29	163	91	277	792	723	434	768	228	612	2579	1610	1114	2933	3500	4471	4752	6119	17045	12692	36493	79477	0
LFQ	36	0	0	1	0	0	9	30	55	223	365	24	6	20	21	28	200	302	55	196	169	41	135	108	265	828	728	452	797	252	628	2510	1637	1079	2914	3356	4866	4720	6214	17450	12522	36873	78487	0
LFQ	37	0	0	1	0	0	9	27	79	260	443	29	8	16	31	34	223	314	48	265	240	52	197	114	356	921	759	531	840	334	704	2618	1794	1200	3182	3494	5148	4889	6394	18078	12350	37052	75526	0
LFQ	38	0	0	1	0	0	10	34	70	242	379	9	6	21	40	39	245	318	36	196	195	56	183	143	336	850	719	539	727	353	624	2773	1721	1126	3315	3327	5380	4573	6603	17607	12919	36975	75867	0
LFQ	39	0	0	0	0	0	4	48	73	278	400	4	13	38	43	54	248	287	41	253	207	66	176	152	395	891	700	554	791	364	680	2637	1961	1119	3341	3456	5842	4590	6689	17294	13286	37071	74506	0
LFQ	40	0	0	12	0	0	10	44	84	218	346	6	12	38	38	54	288	253	47	230	200	66	191	181	389	846	680	550	784	400	689	2620	1814	1237	3576	3284	6062	4515	6746	17381	13473	37349	73837	0
LFQ	41	0	0	1	0	0	8	45	95	267	392	9	9	36	59	63	328	227	65	242	222	81	222	184	424	924	551	602	829	437	767	2643	1943	1227	3855	3410	6305	4678	6827	17835	13391	37251	72094	0
LFQ	42	0	0	0	0	0	9	63	111	253	422	8	14	49	79	65	320	196	63	258	228	87	202	203	437	990	594	681	834	492	753	2708	2056	1287	4162	3429	6601	4712	7089	17984	13327	37602	70177	0
LFQ	43	0	0	0	0	0	11	58	135	278	421	8	12	53	90	83	337	158	64	321	219	121	207	220	501	1026	573	669	850	597	843	2771	2075	1366	4298	3485	6729	4722	7323	17993	13618	37444	68863	0
LFQ	44	0	0	0	0	0	14	72	132	305	412	10	19	57	104	96	385	145	80	295	226	134	248	191	583	1007	500	766	925	657	845	2683	2261	1468	4549	3560	6971	4850	7404	18374	13647	37255	67308	0
LFQ	45	0	0	0	0	0	18	64	181	295	403	11	24	48	121	95	341	125	82	247	244	201	186	283	539	1015	471	849	882	751	843	2739	2255	1539	4724	3657	7250	4815	7763	18551	13595	37301	66027	0
LFQ	46	0	0	0	0	0	11	113	226	360	451	11	33	78	119	99	380	93	98	296	287	196	183	270	709	1153	478	833	991	835	953	2731	2393	1658	4838	3817	7443	5083	7886	18749	13505	37567	63607	0
LFQ	47	0	0	0	0	0	23	115	269	335	493	12	38	84	130	131	386	76	86	292	287	218	234	315	753	1142	464	972	960	942	975	2653	2500	1704	4937	3975	7721	5270	8010	18906	13710	37193	62222	0
LFQ	48	0	0	1	0	0	16	101	198	306	389	14	36	85	147	131	368	65	91	280	257	275	226	337	784	1094	419	1022	944	1033	1001	2592	2491	1826	5043	4137	7668	5599	8382	18760	14151	37487	60773	0
LFQ	49	0	0	1	0	0	21	110	243	366	383	15	44	89	164	157	398	72	132	265	256	286	242	357	704	1226	302	1088	968	1149	1058	2607	2727	1929	5034	4316	7807	6043	8440	17025	16237	36825	59440	0
LFQ	50	0	0	1	0	0	23	102	267	320	409	14	40	100	179	188	332	63	105	314	248	309	227	415	806	1193	304	1159	996	1212	1115	2524	2690	2090	5164	4487	8082	6411	8790	16948	16438	36400	58060	0
LFQ	51	0	0	2	0	0	18	116	264	329	364	29	62	102	238	194	400	53	114	309	221	419	262	578	1059	1445	406	1462	1085	2130	1236	3996	3725	2691	8510	6600	9059	7575	16478	24726	34138	32969	15156	0
LFQ	52	0	0	2	0	0	30	113	282	378	323	32	63	104	271	176	329	55	125	333	243	416	248	503	1015	1282	273	1417	1043	1896	1149	3088	3352	2574	6570	6377	8433	7376	12087	21952	31606	43029	19975	0
LFQ	53	0	0	2	0	0	31	130	302	380	300	17	58	126	224	197	287	61	136	338	280	403	262	523	1001	1184	217	1412	960	1675	1320	2570	3218	2584	5809	5969	8652	7330	10134	19066	22753	41717	36891	0
LFQ	54	0	0	0	0	0	29	139	326	351	241	25	49	111	244	203	251	55	116	323	233	429	233	515	961	1059	191	1346	944	1784	1292	2388	3215	2415	5423	5960	9248	7369	9789	17469	19333	36752	47701	0
LFQ	55	0	0	0	0	0	38	144	362	441	289	30	57	90	286	161	214	65	139	348	261	423	287	536	1003	739	533	1502	1056	1841	1324	2222	3257	2521	5117	6232	9653	7466	9508	16880	18173	34351	50961	0
LFQ	56	0	0	2	0	0	46	128	330	408	205	31	65	109	323	210	192	50	148	413	259	425	326	566	922	663	499	1557	1003	1811	1342	2130	3299	2564	5235	6467	10183	7696	9876	16115	17832	33498	51581	0
LFQ	57	0	0	2	0	0	51	136	363	451	167	30	70	101	290	194	143	53	151	413	262	483	265	633	1025	678	510	1590	989	1982	1509	2241	3463	2730	5234	6760	10939	8079	9889	16105	17635	32278	50611	0
LFQ	58	0	0	3	0	0	37	142	390	474	164	35	70	89	292	208	157	53	153	454	241	533	310	676	1037	650	555	1646	965	2086	1534	2129	3600	2917	5230	7363	11542	8274	10450	15942	17462	31055	49584	0
LFQ	59	0	0	3	0	0	36	94	310	363	105	47	92	103	338	177	155	48	146	384	174	531	254	763	994	487	449	1755	823	2127	1400	2087	3513	2766	5057	6957	12538	8185	10907	13464	19594	27989	53286	0
LFQ	60	0	0	3	0	0	45	126	358	421	99	39	72	84	331	161	134	50	152	425	191	477	279	790	889	461	520	1815	819	2052	1497	2013	3520	2808	4910	7252	13664	8720	11238	12983	18940	26822	53338	0
LFQ	61	0	0	22	0	0	46	95	336	414	86	32	75	88	328	130	111	45	158	396	195	464	249	728	854	451	490	1798	819	2099	1555	1942	3382	2775	4786	7510	15087	8913	11470	12517	19180	25632	53239	0
LFQ	62	0	0	57	0	0	48	108	386	544	72	44	91	85	320	151	135	60	164	472	227	470	295	833	828	437	551	1926	933	2160	1612	2089	3714	2899	4933	8009	16103	9543	11719	12567	18868	24546	50496	0
LFQ	63	0	0	92	0	0	40	111	375	427	45	41	92	100	355	128	98	56	154	467	192	555	266	867	840	425	580	1895	852	2151	1686	2032	3820	3045	4957	8437	17167	9839	12575	11788	19595	23336	49008	0
LFQ	64	0	0	136	0	0	59	112	401	510	34	44	105	109	345	116	128	52	150	571	196	543	300	858	832	379	575	2012	859	2299	1811	2165	3883	3149	5127	8696	18425	10369	13021	11245	19812	22420	46640	0
LFQ	65	0	0	189	0	0	55	121	429	488	30	60	97	84	366	119	113	71	146	480	284	583	288	837	896	407	604	2194	698	2229	2015	2137	4016	3418	5129	9336	19731	10779	13358	11097	20189	21165	44248	0
LFQ	66	0	0	257	0	0	68	114	462	582	28	70	101	121	405	133	119	65	199	517	299	626	338	885	846	423	673	2317	700	2209	2245	2340	4155	3531	5412	9773	20534	11217	14025	10923	20281	20198	41295	0
LFQ	67	0	0	360	0	0	70	114	459	504	12	63	109	104	416	113	117	61	175	489	262	679	317	935	871	447	673	2293	745	2165	2284	2421	4298	3675	5566	10220	21987	11755	14615	9950	21055	18963	39140	0
LFQ	68	0	0	472	0	0	67	79	455	469	6	68	123	98	349	92	103	70	192	487	232	673	320	854	795	410	658	2339	709	2050	2378	2522	4113	3648	5503	10659	24050	12284	15113	9526	21636	17614	37266	0
LFQ	69	0	0	620	0	0	71	87	441	394	3	72	113	91	336	76	122	53	199	463	242	645	316	907	773	365	751	2319	765	1959	2383	2586	4463	3770	5690	10916	25745	12975	15768	8825	22132	16347	34698	0
LFQ	70	0	0	767	0	0	82	103	488	409	3	83	98	102	311	72	133	69	188	529	254	652	352	794	657	659	784	2486	808	1865	2497	2754	4424	4098	6021	11640	27270	13529	16141	8567	22004	15206	31578	0
LFQ	71	0	0	939	0	0	81	115	579	483	1	80	142	132	349	111	124	79	210	622	251	769	354	875	622	741	869	2649	866	1976	2858	2872	4577	4290	6229	12382	28432	14074	16732	8260	21807	13888	28053	0
LFQ	72	0	0	1117	0	0	79	82	544	401	1	89	137	110	328	77	133	77	199	547	254	808	351	855	636	750	903	2594	786	1890	2910	3071	4709	4262	6416	12639	30340	14797	17392	7536	22311	12861	25478	0
LFQ	73	0	0	1275	0	0	97	103	633	409	0	91	158	129	358	87	134	78	255	643	254	792	371	849	592	842	950	2771	878	1742	3004	3133	4809	4512	6627	13519	31855	15357	17889	7053	21979	11439	22801	0
LFQ	74	0	0	1475	0	0	103	99	662	415	1	86	170	110	342	68	162	95	233	648	288	876	383	841	637	844	1029	2857	933	1804	3159	3319	4925	4693	6994	14247	33909	15641	18238	6511	21756	10115	19797	0
LFQ	75	0	0	1666	0	0	92	96	693	422	0	119	138	120	346	72	176	91	255	693	287	961	356	786	672	912	1132	2442	1297	1589	3358	3572	5107	4760	7311	14959	35252	16209	18923	5974	21419	8977	17228	0
LFQ	76	0	0	1888	0	0	106	97	762	396	0	128	155	131	322	71	189	93	236	738	288	974	397	801	666	982	1180	2528	1466	1638	3698	3752	5220	5018	7623	15805	36686	16752	19256	5499	20616	7763	14541	0
LFQ	77	0	0	2122	0	0	106	102	810	390	0	141	172	134	328	78	225	97	270	768	318	1032	401	811	677	1029	1223	2683	1443	1515	3835	3760	5376	5233	7987	16461	38710	17135	19385	4898	19984	6517	12304	0
LFQ	78	0	0	2346	0	0	120	91	777	343	1	145	177	131	285	75	206	96	316	762	292	1028	419	742	746	1042	1348	2712	1616	1487	3925	3872	5692	5405	8102	17333	40511	17659	19734	4247	18977	5616	10079	0
LFQ	79	0	0	2589	0	0	128	106	830	417	0	174	164	139	302	61	207	73	340	826	332	1100	382	636	741	1091	1440	2682	1623	1379	4038	3991	5717	5639	8526	18500	42199	17864	19852	3847	17875	4507	8135	0
LFQ	80	0	0	2834	0	0	142	78	1040	374	1	175	179	157	265	53	220	94	310	879	358	1114	396	689	819	1112	1547	2727	1638	1334	4212	4042	5959	5695	8940	19059	44055	18240	19702	3325	16742	3565	6381	0
LFQ	81	0	0	3093	0	0	151	71	800	244	0	174	215	162	243	49	248	85	315	777	374	1201	332	600	793	1134	1554	2712	1795	1178	4265	4204	5879	5936	8903	19905	46466	18504	19695	2775	15900	2700	5018	0
LFQ	82	0	0	3336	0	0	153	85	888	254	0	181	170	152	233	53	265	92	303	862	359	1186	346	515	788	1146	1668	2606	1906	1050	4463	4272	6170	5972	8950	20549	48677	19006	19374	2356	14247	2065	3750	0
LFQ	83	0	0	3652	0	0	150	77	1003	282	0	195	181	165	209	47	249	112	362	860	410	1301	345	495	879	1268	1682	2596	1973	1014	4586	4193	6263	6173	9228	21566	50321	19247	18534	2028	12621	1496	2683	0
LFQ	84	0	0	3978	0	0	173	65	997	256	0	238	213	173	180	37	284	107	317	1006	452	1327	362	460	825	1287	1858	2446	2048	975	4887	4274	6511	6299	9582	21968	52276	19162	17863	1551	11043	1094	1869	0
LFQ	85	0	0	4303	0	0	183	72	1029	218	0	228	178	171	175	44	299	96	355	939	497	1375	324	433	903	1328	1984	2552	2091	906	5034	4321	6710	6522	9845	23167	53733	18843	16985	1332	9293	688	1283	0
LFQ	86	0	0	4614	0	0	179	67	990	207	0	240	189	172	177	44	283	101	352	893	481	1385	288	374	1004	1344	1999	2379	2217	792	5149	4290	6813	6648	9873	24130	55819	18937	16014	1001	7666	437	877	0
LFQ	87	0	0	5006	0	0	184	55	1081	181	1	255	190	152	130	38	325	152	417	1031	568	1426	346	320	1023	1389	2147	2432	2320	749	5287	4428	6866	6878	10111	24989	57295	18416	14657	782	6010	277	505	0
LFQ	88	0	0	5411	0	0	197	62	1069	158	0	269	225	183	119	24	343	108	363	950	541	1393	270	271	995	1429	2314	2218	2455	688	5451	4397	7042	6909	10380	25642	59262	18018	13492	567	4742	181	271	0
LFQ	89	0	0	5869	0	0	182	51	1056	182	3	288	208	206	116	27	349	136	425	1027	549	1464	255	247	1025	1596	2433	2260	2587	660	5629	4436	7379	7154	10244	26295	60108	17717	12062	407	3529	98	142	0
LFQ	90	0	0	6346	0	0	204	43	1058	152	0	302	186	170	115	26	322	136	395	1045	615	1577	242	235	1088	1618	2458	2147	2626	608	5650	4665	7274	7333	10411	27308	61295	17345	10458	342	2465	52	73	0
LFQ	91	0	0	6843	0	0	215	38	1152	125	0	302	180	209	93	35	344	151	395	1064	608	1549	248	222	1148	1592	2704	2027	2684	552	5905	4610	7488	7447	10306	28136	62464	16659	8860	217	1739	24	37	0
LFQ	92	0	0	7455	0	0	174	55	1108	112	0	297	190	183	73	29	368	145	424	1120	665	1538	205	157	1082	1670	2709	1941	2700	518	5890	4667	7676	7658	10522	28797	63470	15907	7547	136	1137	17	16	0
LFQ	93	0	0	8129	0	0	184	28	1028	97	1	295	180	166	61	14	331	145	455	1010	657	1469	188	173	1205	1649	2865	1866	2814	450	5969	4657	7606	7750	10638	29513	64528	15169	6236	81	700	9	11	0
LFQ	94	0	0	8970	0	0	178	31	1007	90	0	293	160	161	48	29	318	116	439	1081	725	1494	172	142	1184	1737	2895	1649	2956	426	5991	4656	7752	8051	10657	29694	65359	14351	4996	52	416	7	8	0
LFQ	95	0	0	9886	0	0	182	21	964	73	0	299	148	36	149	17	342	126	441	1054	717	1366	144	132	1170	1608	3119	1512	2905	406	5923	4706	7886	7931	10417	30279	66479	13607	3936	26	238	2	6	0
LFQ	96	0	0	11037	0	0	125	20	765	51	0	234	114	34	121	14	299	114	394	956	754	1351	138	124	1123	1535	2971	1336	2882	335	5977	4645	7925	8015	10695	30319	67791	12852	3023	17	121	3	5	0
LFQ	97	0	0	12559	0	0	113	9	652	52	0	204	88	26	87	11	288	107	339	977	718	1164	84	126	1112	1552	2929	1167	2978	309	5926	4713	7991	8064	10582	30725	68384	11817	2232	9	73	2	1	0
LFQ	98	0	0	14495	0	0	47	7	441	36	0	129	65	19	78	13	264	118	357	955	684	1176	68	99	1163	1604	3076	1184	2979	294	5858	4715	7999	8458	10894	31080	67368	10673	1682	6	42	0	0	0
LFQ	99	0	0	16742	0	0	7	2	112	6	0	41	21	7	25	2	253	103	287	843	616	1001	66	110	1069	1491	2914	973	2956	243	5784	4688	8213	8346	10819	31519	67659	9877	1261	3	17	0	0	0
LFQ	100	0	0	19484	0	0	0	0	0	0	0	0	0	0	0	1	209	115	290	884	577	860	39	107	989	1347	2685	834	2806	207	5557	4988	8269	8530	10949	31761	66700	8847	955	3	10	0	0	0
# GC Content of first fragments. Use `grep ^GCF | cut -f 2-` to extract this part.
GCF	3.77	0
GCF	8.04	1
GCF	10.55	0
GCF	13.07	4
GCF	14.07	5
GCF	15.08	8
GCF	16.08	9
GCF	17.09	30
GCF	18.09	36
GCF	19.10	81
GCF	20.10	121
GCF	21.11	198
GCF	22.11	360
GCF	22.86	511
GCF	23.37	510
GCF	23.87	706
GCF	24.37	707
GCF	24.87	1027
GCF	25.38	1026
GCF	25.88	1360
GCF	26.38	1361
GCF	26.88	1791
GCF	27.39	1794
GCF	27.89	2055
GCF	28.39	2053
GCF	29.15	2577
GCF	29.90	2953
GCF	30.40	2952
GCF	30.90	3390
GCF	31.41	3392
GCF	31.91	3909
GCF	32.41	3910
GCF	32.91	4186
GCF	33.42	4187
GCF	33.92	4487
GCF	34.42	4493
GCF	34.92	5015
GCF	35.43	5008
GCF	35.93	5298
GCF	36.43	5301
GCF	37.19	5499
GCF	37.94	5627
GCF	38.44	5630
GCF	38.94	5837
GCF	39.45	5835
GCF	39.95	5894
GCF	40.45	5901
GCF	40.95	5930
GCF	41.46	5926
GCF	42.21	5857
GCF	42.96	5688
GCF	43.47	5686
GCF	43.97	5587
GCF	44.47	5582
GCF	44.97	5529
GCF	45.48	5537
GCF	46.23	5341
GCF	46.98	5084
GCF	47.49	5082
GCF	47.99	4992
GCF	48.49	4985
GCF	49.25	4931
GCF	50.25	4802
GCF	51.01	4859
GCF	51.51	4857
GCF	52.01	4675
GCF	52.51	4668
GCF	53.02	4320
GCF	53.52	4322
GCF	54.02	4470
GCF	54.52	4471
GCF	55.03	4374
GCF	55.53	4371
GCF	56.03	4149
GCF	56.53	4146
GCF	57.04	4059
GCF	57.54	4064
GCF	58.04	3918
GCF	58.54	3917
GCF	59.05	3649
GCF	59.55	3644
GCF	60.30	3467
GCF	61.31	3303
GCF	62.06	2957
GCF	62.56	2951
GCF	63.07	2544
GCF	63.57	2546
GCF	64.07	2258
GCF	64.57	2254
GCF	65.08	2015
GCF	65.58	2012
GCF	66.08	1615
GCF	66.58	1616
GCF	67.09	1284
GCF	67.59	1282
GCF	68.09	1014
GCF	68.59	1017
GCF	69.10	823
GCF	69.60	820
GCF	70.10	636
GCF	70.60	635
GCF	71.11	453
GCF	71.61	456
GCF	72.11	343
GCF	72.61	341
GCF	73.37	238
GCF	74.12	169
GCF	74.62	170
GCF	75.38	146
GCF	76.13	109
GCF	76.63	108
GCF	77.39	62
GCF	78.39	45
GCF	79.40	44
GCF	80.40	24
GCF	81.41	14
GCF	82.41	10
GCF	83.42	4
GCF	84.92	1
GCF	86.43	2
GCF	87.94	0
GCF	90.45	1
GCF	93.47	0
GCF	95.48	1
# GC Content of last fragments. Use `grep ^GCL | cut -f 2-` to extract this part.
GCL	2.76	0
GCL	6.03	1
GCL	8.04	0
GCL	10.05	1
GCL	11.06	0
GCL	12.06	3
GCL	13.07	4
GCL	14.07	8
GCL	15.08	7
GCL	16.08	14
GCL	17.09	30
GCL	18.09	48
GCL	19.10	88
GCL	20.10	156
GCL	21.11	239
GCL	22.11	382
GCL	22.86	557
GCL	23.37	556
GCL	23.87	656
GCL	24.37	657
GCL	24.87	1039
GCL	25.38	1038
GCL	25.88	1338
GCL	26.38	1339
GCL	26.88	1746
GCL	27.39	1749
GCL	27.89	2148
GCL	28.39	2146
GCL	29.15	2612
GCL	29.90	2902
GCL	30.40	2903
GCL	30.90	3295
GCL	31.41	3298
GCL	31.91	3806
GCL	32.41	3807
GCL	33.17	4232
GCL	33.92	4522
GCL	34.42	4525
GCL	34.92	4988
GCL	35.43	4981
GCL	35.93	5150
GCL	36.43	5157
GCL	36.93	5487
GCL	37.44	5489
GCL	37.94	5609
GCL	38.44	5612
GCL	38.94	5748
GCL	39.45	5746
GCL	39.95	5923
GCL	40.45	5929
GCL	40.95	5719
GCL	41.46	5718
GCL	41.96	5788
GCL	42.46	5786
GCL	42.96	5636
GCL	43.47	5638
GCL	43.97	5722
GCL	44.47	5717
GCL	45.23	5443
GCL	45.98	5351
GCL	46.48	5350
GCL	46.98	5142
GCL	47.49	5137
GCL	47.99	5062
GCL	48.49	5058
GCL	49.25	4914
GCL	50.00	4843
GCL	50.50	4847
GCL	51.01	4747
GCL	51.51	4750
GCL	52.01	4672
GCL	52.51	4667
GCL	53.02	4449
GCL	53.52	4452
GCL	54.27	4389
GCL	55.03	4298
GCL	55.53	4292
GCL	56.03	4071
GCL	56.53	4073
GCL	57.29	4119
GCL	58.04	3897
GCL	58.54	3900
GCL	59.05	3805
GCL	59.55	3807
GCL	60.05	3549
GCL	60.55	3547
GCL	61.06	3137
GCL	61.56	3135
GCL	62.06	2944
GCL	62.56	2940
GCL	63.07	2658
GCL	63.57	2659
GCL	64.07	2335
GCL	64.57	2333
GCL	65.08	2011
GCL	65.58	2012
GCL	66.08	1572
GCL	66.58	1571
GCL	67.09	1357
GCL	67.59	1356
GCL	68.34	1129
GCL	69.35	833
GCL	70.10	660
GCL	70.60	661
GCL	71.36	488
GCL	72.36	362
GCL	73.12	287
GCL	73.62	285
GCL	74.12	224
GCL	74.62	225
GCL	75.13	123
GCL	75.63	124
GCL	76.38	109
GCL	77.39	67
GCL	78.39	38
GCL	79.40	29
GCL	80.40	16
GCL	81.41	11
GCL	82.41	13
GCL	83.42	5
GCL	84.92	2
GCL	86.43	3
GCL	87.44	2
GCL	88.44	1
GCL	93.47	0
GCL	98.49	1
# ACGT content per cycle. Use `grep ^GCC | cut -f 2-` to extract this part. The columns are: cycle; A,C,G,T base counts as a percentage of all A/C/G/T bases [%]; and N and O counts as a percentage of all A/C/G/T bases [%]
GCC	1	27.34	22.36	22.32	27.98	0.16	0.00
GCC	2	27.95	21.67	21.73	28.64	0.07	0.00
GCC	3	27.53	22.15	22.22	28.10	0.00	0.00
GCC	4	27.58	22.21	22.25	27.96	0.00	0.00
GCC	5	27.52	21.99	22.05	28.44	0.00	0.00
GCC	6	26.96	22.66	22.72	27.67	0.00	0.00
GCC	7	27.27	22.28	22.38	28.07	0.00	0.00
GCC	8	27.41	22.11	22.25	28.24	0.00	0.00
GCC	9	27.30	22.20	22.45	28.05	0.00	0.00
GCC	10	27.30	22.24	22.63	27.83	0.00	0.00
GCC	11	27.16	22.33	22.39	28.11	0.00	0.00
GCC	12	27.03	22.39	22.59	27.99	0.00	0.00
GCC	13	27.22	22.26	22.50	28.02	0.00	0.00
GCC	14	27.16	22.29	22.55	28.01	0.00	0.00
GCC	15	27.07	22.31	22.62	28.00	0.00	0.00
GCC	16	27.02	22.34	22.69	27.95	0.00	0.00
GCC	17	27.14	22.31	22.56	27.99	0.00	0.00
GCC	18	26.90	22.61	22.69	27.79	0.00	0.00
GCC	19	26.86	22.63	22.70	27.82	0.00	0.00
GCC	20	26.98	22.62	22.71	27.69	0.00	0.00
GCC	21	26.85	22.75	22.70	27.70	0.00	0.00
GCC	22	26.86	22.56	22.75	27.83	0.00	0.00
GCC	23	26.73	22.56	22.78	27.94	0.01	0.00
GCC	24	26.78	22.65	22.93	27.65	0.00	0.00
GCC	25	26.87	22.47	22.77	27.88	0.00	0.00
GCC	26	26.61	22.61	22.93	27.85	0.00	0.00
GCC	27	26.67	22.68	23.03	27.62	0.00	0.00
GCC	28	26.63	22.68	23.00	27.70	0.00	0.00
GCC	29	26.73	22.72	22.81	27.75	0.00	0.00
GCC	30	26.51	22.75	23.04	27.69	0.00	0.00
GCC	31	26.49	22.80	22.95	27.76	0.00	0.00
GCC	32	26.58	22.71	22.88	27.83	0.00	0.00
GCC	33	26.49	22.79	23.02	27.69	0.00	0.00
GCC	34	26.68	22.75	22.93	27.63	0.00	0.00
GCC	35	26.53	22.82	22.97	27.68	0.00	0.00
GCC	36	26.46	22.87	23.05	27.63	0.00	0.00
GCC	37	26.39	22.80	23.05	27.76	0.00	0.00
GCC	38	26.46	22.87	23.02	27.64	0.00	0.00
GCC	39	26.43	22.86	23.06	27.64	0.00	0.00
GCC	40	26.48	22.89	23.14	27.49	0.00	0.00
GCC	41	26.43	22.73	23.12	27.72	0.00	0.00
GCC	42	26.32	22.85	23.10	27.73	0.00	0.00
GCC	43	26.32	22.93	23.13	27.61	0.00	0.00
GCC	44	26.39	22.86	23.01	27.74	0.00	0.00
GCC	45	26.30	23.03	23.19	27.49	0.00	0.00
GCC	46	26.46	22.91	23.09	27.54	0.00	0.00
GCC	47	26.33	22.87	23.21	27.60	0.00	0.00
GCC	48	26.37	22.97	23.11	27.55	0.00	0.00
GCC	49	26.16	22.98	23.15	27.71	0.00	0.00
GCC	50	26.25	23.09	23.03	27.63	0.00	0.00
GCC	51	26.23	22.99	23.17	27.61	0.00	0.00
GCC	52	26.15	22.93	23.25	27.67	0.00	0.00
GCC	53	26.34	22.87	23.22	27.58	0.00	0.00
GCC	54	26.30	22.82	23.22	27.66	0.00	0.00
GCC	55	26.07	23.07	23.42	27.44	0.00	0.00
GCC	56	26.36	22.91	23.14	27.60	0.00	0.00
GCC	57	26.17	22.95	23.31	27.57	0.00	0.00
GCC	58	26.43	22.89	23.15	27.54	0.00	0.00
GCC	59	26.21	23.01	23.19	27.59	0.00	0.00
GCC	60	26.14	22.95	23.42	27.49	0.00	0.00
GCC	61	26.14	23.08	23.30	27.48	0.00	0.00
GCC	62	26.06	23.00	23.23	27.71	0.00	0.00
GCC	63	26.22	22.93	23.33	27.51	0.00	0.00
GCC	64	26.15	22.93	23.33	27.59	0.00	0.00
GCC	65	26.24	22.95	23.22	27.59	0.00	0.00
GCC	66	26.24	22.92	23.37	27.46	0.00	0.00
GCC	67	26.27	22.97	23.26	27.50	0.00	0.00
GCC	68	26.09	22.87	23.44	27.59	0.00	0.00
GCC	69	26.13	22.94	23.41	27.51	0.00	0.00
GCC	70	26.14	22.99	23.36	27.51	0.00	0.00
GCC	71	26.19	23.02	23.27	27.53	0.00	0.00
GCC	72	26.03	23.11	23.32	27.55	0.00	0.00
GCC	73	26.10	23.06	23.31	27.53	0.00	0.00
GCC	74	26.00	23.07	23.43	27.51	0.00	0.00
GCC	75	26.13	23.08	23.48	27.30	0.00	0.00
GCC	76	26.14	22.98	23.35	27.53	0.00	0.00
GCC	77	26.04	23.15	23.37	27.44	0.00	0.00
GCC	78	26.02	23.06	23.32	27.60	0.00	0.00
GCC	79	26.19	23.11	23.32	27.38	0.00	0.00
GCC	80	26.02	23.24	23.23	27.51	0.00	0.00
GCC	81	25.98	23.15	23.53	27.34	0.00	0.00
GCC	82	26.01	23.18	23.38	27.43	0.00	0.00
GCC	83	26.07	23.05	23.40	27.48	0.00	0.00
GCC	84	26.00	23.17	23.53	27.30	0.00	0.00
GCC	85	26.01	23.28	23.26	27.44	0.00	0.00
GCC	86	26.12	23.15	23.25	27.48	0.00	0.00
GCC	87	25.98	23.20	23.36	27.46	0.00	0.00
GCC	88	25.90	23.17	23.39	27.54	0.00	0.00
GCC	89	26.00	23.14	23.38	27.48	0.00	0.00
GCC	90	25.96	23.22	23.40	27.43	0.00	0.00
GCC	91	26.05	23.01	23.53	27.41	0.00	0.00
GCC	92	26.01	23.20	23.36	27.43	0.00	0.00
GCC	93	25.90	23.27	23.43	27.40	0.00	0.00
GCC	94	25.82	23.24	23.44	27.50	0.00	0.00
GCC	95	26.08	23.10	23.38	27.44	0.00	0.00
GCC	96	25.88	23.17	23.53	27.42	0.00	0.00
GCC	97	26.01	23.09	23.50	27.40	0.00	0.00
GCC	98	25.94	23.24	23.31	27.51	0.00	0.00
GCC	99	25.93	23.31	23.46	27.30	0.00	0.00
GCC	100	25.76	23.24	23.53	27.47	0.00	0.00
# ACGT content per cycle, read oriented. Use `grep ^GCT | cut -f 2-` to extract this part. The columns are: cycle; A,C,G,T base counts as a percentage of all A/C/G/T bases [%]
GCT	1	29.66	23.71	20.97	25.66
GCT	2	29.48	20.35	23.05	27.11
GCT	3	27.22	22.62	21.75	28.41
GCT	4	27.68	22.43	22.04	27.86
GCT	5	28.07	21.78	22.26	27.89
GCT	6	27.50	22.90	22.48	27.12
GCT	7	27.69	22.28	22.38	27.65
GCT	8	27.25	22.80	21.56	28.39
GCT	9	26.82	22.82	21.83	28.54
GCT	10	27.26	22.81	22.06	27.88
GCT	11	27.41	22.66	22.07	27.86
GCT	12	27.22	22.86	22.12	27.80
GCT	13	27.26	22.80	21.96	27.98
GCT	14	27.33	22.73	22.10	27.84
GCT	15	27.15	22.76	22.17	27.92
GCT	16	27.18	22.82	22.21	27.79
GCT	17	27.20	22.78	22.09	27.93
GCT	18	27.05	23.00	22.30	27.64
GCT	19	27.10	23.03	22.29	27.57
GCT	20	26.98	22.98	22.36	27.68
GCT	21	26.96	23.08	22.37	27.59
GCT	22	27.06	22.97	22.35	27.63
GCT	23	26.98	23.04	22.29	27.68
GCT	24	26.98	23.12	22.45	27.44
GCT	25	27.13	22.97	22.28	27.63
GCT	26	26.98	22.99	22.54	27.48
GCT	27	26.86	23.05	22.66	27.43
GCT	28	27.04	23.12	22.56	27.29
GCT	29	27.06	23.07	22.46	27.41
GCT	30	26.87	23.10	22.70	27.34
GCT	31	26.97	23.12	22.63	27.28
GCT	32	26.89	23.05	22.53	27.52
GCT	33	26.76	23.20	22.62	27.43
GCT	34	26.98	23.09	22.59	27.34
GCT	35	26.90	23.07	22.71	27.31
GCT	36	26.82	23.13	22.78	27.27
GCT	37	26.88	23.15	22.71	27.26
GCT	38	26.88	23.20	22.70	27.22
GCT	39	26.91	23.14	22.79	27.16
GCT	40	26.84	23.31	22.72	27.14
GCT	41	26.81	23.02	22.83	27.34
GCT	42	26.79	23.18	22.77	27.26
GCT	43	26.74	23.27	22.80	27.20
GCT	44	26.78	23.01	22.87	27.34
GCT	45	26.58	23.33	22.89	27.20
GCT	46	26.88	23.17	22.83	27.12
GCT	47	26.92	23.21	22.87	27.00
GCT	48	26.77	23.26	22.82	27.14
GCT	49	26.81	23.29	22.84	27.06
GCT	50	26.78	23.20	22.92	27.11
GCT	51	26.78	23.30	22.86	27.07
GCT	52	26.82	23.37	22.82	26.99
GCT	53	26.82	23.22	22.86	27.10
GCT	54	26.68	23.25	22.79	27.28
GCT	55	26.55	23.39	23.10	26.96
GCT	56	26.88	23.23	22.81	27.08
GCT	57	26.72	23.32	22.94	27.03
GCT	58	26.87	23.21	22.83	27.09
GCT	59	26.93	23.19	23.01	26.87
GCT	60	26.68	23.41	22.96	26.94
GCT	61	26.70	23.41	22.97	26.92
GCT	62	26.83	23.18	23.05	26.94
GCT	63	26.67	23.28	22.99	27.07
GCT	64	26.75	23.27	22.99	26.99
GCT	65	26.83	23.13	23.04	26.99
GCT	66	26.64	23.31	22.99	27.06
GCT	67	26.84	23.20	23.03	26.93
GCT	68	26.66	23.20	23.12	27.02
GCT	69	26.66	23.29	23.07	26.98
GCT	70	26.78	23.23	23.12	26.87
GCT	71	26.78	23.12	23.16	26.93
GCT	72	26.61	23.27	23.15	26.97
GCT	73	26.70	23.18	23.19	26.93
GCT	74	26.57	23.23	23.26	26.94
GCT	75	26.71	23.45	23.12	26.72
GCT	76	26.72	23.15	23.18	26.96
GCT	77	26.70	23.26	23.26	26.78
GCT	78	26.73	23.32	23.06	26.88
GCT	79	26.80	23.25	23.18	26.77
GCT	80	26.79	23.19	23.28	26.74
GCT	81	26.61	23.31	23.37	26.71
GCT	82	26.65	23.30	23.26	26.80
GCT	83	26.68	23.18	23.27	26.88
GCT	84	26.55	23.34	23.36	26.75
GCT	85	26.80	23.32	23.22	26.66
GCT	86	26.72	23.09	23.31	26.88
GCT	87	26.73	23.30	23.26	26.71
GCT	88	26.76	23.24	23.33	26.67
GCT	89	26.69	23.16	23.36	26.79
GCT	90	26.65	23.25	23.36	26.74
GCT	91	26.78	23.24	23.30	26.68
GCT	92	26.65	23.24	23.32	26.79
GCT	93	26.55	23.30	23.40	26.75
GCT	94	26.70	23.30	23.38	26.62
GCT	95	26.77	23.17	23.32	26.75
GCT	96	26.67	23.30	23.41	26.63
GCT	97	26.70	23.20	23.39	26.71
GCT	98	26.80	23.14	23.41	26.66
GCT	99	26.61	23.29	23.48	26.63
GCT	100	26.66	23.30	23.47	26.57
# ACGT content per cycle for first fragments. Use `grep ^FBC | cut -f 2-` to extract this part. The columns are: cycle; A,C,G,T base counts as a percentage of all A/C/G/T bases [%]; and N and O counts as a percentage of all A/C/G/T bases [%]
FBC	1	27.19	22.24	22.38	28.19	0.22	0.00
FBC	2	27.86	21.83	21.53	28.78	0.15	0.00
FBC	3	27.71	21.93	22.14	28.22	0.00	0.00
FBC	4	27.75	22.12	22.04	28.08	0.00	0.00
FBC	5	27.39	22.01	21.98	28.62	0.00	0.00
FBC	6	27.07	22.49	22.53	27.91	0.00	0.00
FBC	7	27.34	22.19	22.27	28.20	0.00	0.00
FBC	8	27.50	22.03	22.22	28.25	0.00	0.00
FBC	9	27.36	22.10	22.35	28.18	0.00	0.00
FBC	10	27.30	22.26	22.59	27.85	0.00	0.00
FBC	11	27.12	22.29	22.37	28.22	0.00	0.00
FBC	12	27.08	22.22	22.63	28.08	0.00	0.00
FBC	13	27.28	22.23	22.45	28.04	0.00	0.00
FBC	14	27.12	22.26	22.63	27.99	0.00	0.00
FBC	15	27.06	22.29	22.58	28.07	0.00	0.00
FBC	16	27.15	22.30	22.60	27.94	0.00	0.00
FBC	17	27.08	22.30	22.64	27.98	0.00	0.00
FBC	18	26.95	22.57	22.71	27.77	0.00	0.00
FBC	19	26.78	22.64	22.69	27.89	0.00	0.00
FBC	20	27.09	22.56	22.72	27.63	0.00	0.00
FBC	21	26.84	22.66	22.75	27.74	0.00	0.00
FBC	22	26.86	22.56	22.83	27.76	0.00	0.00
FBC	23	26.67	22.62	22.75	27.97	0.00	0.00
FBC	24	26.75	22.73	22.92	27.59	0.00	0.00
FBC	25	26.90	22.45	22.80	27.85	0.00	0.00
FBC	26	26.47	22.56	23.06	27.92	0.00	0.00
FBC	27	26.64	22.54	23.24	27.58	0.00	0.00
FBC	28	26.73	22.60	23.00	27.67	0.00	0.00
FBC	29	26.76	22.53	22.89	27.82	0.00	0.00
FBC	30	26.51	22.60	23.16	27.73	0.00	0.00
FBC	31	26.48	22.75	22.94	27.83	0.00	0.00
FBC	32	26.63	22.67	22.87	27.83	0.00	0.00
FBC	33	26.58	22.76	23.01	27.64	0.00	0.00
FBC	34	26.75	22.76	22.93	27.56	0.00	0.00
FBC	35	26.64	22.71	22.97	27.68	0.00	0.00
FBC	36	26.55	22.74	23.00	27.70	0.00	0.00
FBC	37	26.45	22.79	23.13	27.64	0.00	0.00
FBC	38	26.49	22.89	23.02	27.60	0.00	0.00
FBC	39	26.47	22.87	23.14	27.52	0.00	0.00
FBC	40	26.47	22.87	23.18	27.48	0.00	0.00
FBC	41	26.44	22.63	23.24	27.69	0.00	0.00
FBC	42	26.18	22.80	23.28	27.74	0.00	0.00
FBC	43	26.39	22.82	23.27	27.52	0.00	0.00
FBC	44	26.37	22.91	22.97	27.75	0.00	0.00
FBC	45	26.34	22.99	23.07	27.60	0.00	0.00
FBC	46	26.39	22.96	23.08	27.57	0.00	0.00
FBC	47	26.24	22.85	23.21	27.70	0.00	0.00
FBC	48	26.42	22.90	23.10	27.58	0.00	0.00
FBC	49	26.27	22.82	23.21	27.71	0.00	0.00
FBC	50	26.35	22.98	23.01	27.65	0.00	0.00
FBC	51	26.42	22.84	23.10	27.65	0.00	0.00
FBC	52	26.21	22.95	23.24	27.60	0.00	0.00
FBC	53	26.29	22.77	23.24	27.69	0.00	0.00
FBC	54	26.27	22.82	23.22	27.69	0.00	0.00
FBC	55	26.16	22.93	23.35	27.57	0.00	0.00
FBC	56	26.34	22.89	23.19	27.58	0.00	0.00
FBC	57	26.16	22.97	23.27	27.60	0.00	0.00
FBC	58	26.53	22.86	23.11	27.50	0.00	0.00
FBC	59	26.18	23.02	23.17	27.63	0.00	0.00
FBC	60	26.02	23.09	23.41	27.48	0.00	0.00
FBC	61	26.15	23.18	23.24	27.43	0.00	0.00
FBC	62	26.12	22.99	23.19	27.70	0.00	0.00
FBC	63	26.16	22.92	23.39	27.53	0.00	0.00
FBC	64	26.00	22.95	23.41	27.65	0.00	0.00
FBC	65	26.29	22.95	23.18	27.58	0.00	0.00
FBC	66	26.31	22.87	23.28	27.54	0.00	0.00
FBC	67	26.25	22.97	23.26	27.51	0.00	0.00
FBC	68	26.10	22.91	23.47	27.52	0.00	0.00
FBC	69	26.18	22.90	23.37	27.55	0.00	0.00
FBC	70	26.23	22.93	23.34	27.50	0.00	0.00
FBC	71	26.29	23.08	23.17	27.46	0.00	0.00
FBC	72	25.99	23.15	23.31	27.55	0.00	0.00
FBC	73	26.05	23.13	23.25	27.57	0.00	0.00
FBC	74	25.98	23.12	23.50	27.40	0.00	0.00
FBC	75	26.17	23.02	23.41	27.40	0.00	0.00
FBC	76	26.15	22.94	23.31	27.60	0.00	0.00
FBC	77	26.12	23.08	23.41	27.39	0.00	0.00
FBC	78	25.94	23.00	23.32	27.74	0.00	0.00
FBC	79	26.21	23.14	23.30	27.35	0.00	0.00
FBC	80	26.00	23.17	23.34	27.49	0.00	0.00
FBC	81	25.94	23.18	23.47	27.42	0.00	0.00
FBC	82	26.04	23.14	23.26	27.55	0.00	0.00
FBC	83	26.08	23.01	23.47	27.44	0.00	0.00
FBC	84	26.07	23.15	23.47	27.31	0.00	0.00
FBC	85	26.05	23.19	23.25	27.51	0.00	0.00
FBC	86	26.00	23.22	23.16	27.62	0.00	0.00
FBC	87	25.94	23.18	23.41	27.47	0.00	0.00
FBC	88	25.81	23.27	23.35	27.56	0.00	0.00
FBC	89	26.05	23.28	23.25	27.42	0.00	0.00
FBC	90	25.86	23.25	23.43	27.46	0.00	0.00
FBC	91	25.91	23.02	23.58	27.50	0.00	0.00
FBC	92	25.98	23.16	23.38	27.48	0.00	0.00
FBC	93	25.97	23.33	23.41	27.29	0.00	0.00
FBC	94	25.79	23.21	23.46	27.54	0.00	0.00
FBC	95	26.01	23.19	23.35	27.44	0.00	0.00
FBC	96	25.80	23.30	23.49	27.42	0.00	0.00
FBC	97	26.06	23.09	23.41	27.45	0.00	0.00
FBC	98	25.93	23.30	23.30	27.47	0.00	0.00
FBC	99	25.85	23.42	23.45	27.29	0.00	0.00
FBC	100	25.76	23.19	23.52	27.53	0.00	0.00
# ACGT raw counters for first fragments. Use `grep ^FTC | cut -f 2-` to extract this part. The columns are: A,C,G,T,N base counters
FTC	4721856	4070939	4115470	4940858	651
# ACGT content per cycle for last fragments. Use `grep ^LBC | cut -f 2-` to extract this part. The columns are: cycle; A,C,G,T base counts as a percentage of all A/C/G/T bases [%]; and N and O counts as a percentage of all A/C/G/T bases [%]
LBC	1	27.49	22.48	22.26	27.76	0.09	0.00
LBC	2	28.05	21.52	21.93	28.50	0.00	0.00
LBC	3	27.35	22.36	22.31	27.98	0.00	0.00
LBC	4	27.41	22.29	22.47	27.83	0.00	0.00
LBC	5	27.65	21.98	22.11	28.26	0.00	0.00
LBC	6	26.84	22.83	22.90	27.43	0.00	0.00
LBC	7	27.21	22.38	22.48	27.93	0.00	0.00
LBC	8	27.31	22.19	22.28	28.22	0.00	0.00
LBC	9	27.25	22.29	22.55	27.92	0.00	0.00
LBC	10	27.31	22.22	22.67	27.81	0.00	0.00
LBC	11	27.20	22.38	22.41	28.01	0.00	0.00
LBC	12	26.99	22.56	22.56	27.90	0.00	0.00
LBC	13	27.16	22.29	22.54	28.00	0.00	0.00
LBC	14	27.20	22.31	22.46	28.03	0.00	0.00
LBC	15	27.07	22.33	22.66	27.94	0.00	0.00
LBC	16	26.89	22.37	22.78	27.96	0.00	0.00
LBC	17	27.20	22.32	22.48	28.00	0.00	0.00
LBC	18	26.85	22.66	22.67	27.82	0.00	0.00
LBC	19	26.93	22.62	22.70	27.75	0.00	0.00
LBC	20	26.88	22.68	22.70	27.74	0.00	0.00
LBC	21	26.86	22.84	22.64	27.66	0.00	0.00
LBC	22	26.85	22.56	22.68	27.91	0.00	0.00
LBC	23	26.79	22.51	22.80	27.90	0.02	0.00
LBC	24	26.80	22.57	22.93	27.70	0.00	0.00
LBC	25	26.84	22.49	22.74	27.92	0.00	0.00
LBC	26	26.76	22.66	22.79	27.79	0.00	0.00
LBC	27	26.69	22.82	22.83	27.66	0.00	0.00
LBC	28	26.52	22.76	23.00	27.72	0.00	0.00
LBC	29	26.70	22.90	22.73	27.67	0.00	0.00
LBC	30	26.51	22.90	22.93	27.65	0.00	0.00
LBC	31	26.51	22.84	22.96	27.69	0.00	0.00
LBC	32	26.53	22.75	22.89	27.83	0.01	0.00
LBC	33	26.40	22.82	23.03	27.74	0.00	0.00
LBC	34	26.62	22.74	22.93	27.70	0.00	0.00
LBC	35	26.42	22.93	22.97	27.68	0.00	0.00
LBC	36	26.36	23.00	23.09	27.55	0.00	0.00
LBC	37	26.32	22.82	22.98	27.88	0.00	0.00
LBC	38	26.44	22.86	23.03	27.68	0.00	0.00
LBC	39	26.39	22.86	22.99	27.76	0.00	0.00
LBC	40	26.50	22.91	23.10	27.50	0.01	0.00
LBC	41	26.42	22.84	23.00	27.74	0.00	0.00
LBC	42	26.46	22.90	22.92	27.72	0.00	0.00
LBC	43	26.26	23.04	22.99	27.71	0.00	0.00
LBC	44	26.40	22.81	23.06	27.73	0.00	0.00
LBC	45	26.25	23.07	23.30	27.37	0.00	0.00
LBC	46	26.53	22.87	23.10	27.50	0.00	0.00
LBC	47	26.41	22.89	23.20	27.49	0.00	0.00
LBC	48	26.31	23.05	23.13	27.51	0.00	0.00
LBC	49	26.05	23.14	23.10	27.72	0.00	0.00
LBC	50	26.15	23.20	23.04	27.61	0.00	0.00
LBC	51	26.05	23.14	23.24	27.58	0.00	0.00
LBC	52	26.08	22.92	23.26	27.74	0.00	0.00
LBC	53	26.38	22.97	23.19	27.46	0.00	0.00
LBC	54	26.34	22.82	23.22	27.62	0.00	0.00
LBC	55	25.99	23.22	23.48	27.30	0.00	0.00
LBC	56	26.37	22.92	23.08	27.62	0.00	0.00
LBC	57	26.17	22.92	23.35	27.55	0.00	0.00
LBC	58	26.32	22.93	23.18	27.57	0.00	0.00
LBC	59	26.25	23.00	23.21	27.55	0.00	0.00
LBC	60	26.26	22.82	23.43	27.50	0.00	0.00
LBC	61	26.13	22.97	23.36	27.54	0.00	0.00
LBC	62	26.00	23.01	23.27	27.72	0.00	0.00
LBC	63	26.29	22.95	23.28	27.49	0.00	0.00
LBC	64	26.30	22.91	23.25	27.53	0.00	0.00
LBC	65	26.18	22.95	23.26	27.61	0.00	0.00
LBC	66	26.18	22.98	23.47	27.38	0.00	0.00
LBC	67	26.28	22.97	23.26	27.49	0.00	0.00
LBC	68	26.08	22.84	23.42	27.66	0.00	0.00
LBC	69	26.08	22.99	23.45	27.47	0.00	0.00
LBC	70	26.05	23.05	23.38	27.52	0.00	0.00
LBC	71	26.08	22.96	23.36	27.60	0.00	0.00
LBC	72	26.06	23.07	23.32	27.55	0.00	0.00
LBC	73	26.14	22.99	23.36	27.50	0.00	0.00
LBC	74	26.02	23.01	23.36	27.61	0.00	0.00
LBC	75	26.09	23.14	23.56	27.20	0.00	0.00
LBC	76	26.14	23.01	23.39	27.47	0.00	0.00
LBC	77	25.97	23.21	23.33	27.49	0.00	0.00
LBC	78	26.11	23.11	23.33	27.45	0.00	0.00
LBC	79	26.17	23.09	23.34	27.40	0.00	0.00
LBC	80	26.03	23.31	23.12	27.53	0.00	0.00
LBC	81	26.03	23.13	23.59	27.25	0.00	0.00
LBC	82	25.97	23.22	23.50	27.31	0.00	0.00
LBC	83	26.06	23.08	23.33	27.53	0.00	0.00
LBC	84	25.93	23.19	23.59	27.29	0.00	0.00
LBC	85	25.98	23.38	23.27	27.37	0.00	0.00
LBC	86	26.24	23.08	23.34	27.34	0.00	0.00
LBC	87	26.02	23.21	23.30	27.46	0.00	0.00
LBC	88	25.98	23.08	23.42	27.52	0.00	0.00
LBC	89	25.95	23.00	23.51	27.55	0.00	0.00
LBC	90	26.06	23.18	23.37	27.40	0.00	0.00
LBC	91	26.20	23.00	23.48	27.32	0.00	0.00
LBC	92	26.05	23.24	23.33	27.38	0.00	0.00
LBC	93	25.82	23.21	23.45	27.52	0.00	0.00
LBC	94	25.85	23.27	23.43	27.45	0.01	0.00
LBC	95	26.14	23.00	23.42	27.44	0.00	0.00
LBC	96	25.96	23.05	23.58	27.42	0.00	0.00
LBC	97	25.95	23.10	23.60	27.35	0.00	0.00
LBC	98	25.96	23.17	23.31	27.55	0.00	0.00
LBC	99	26.01	23.20	23.47	27.32	0.00	0.00
LBC	100	25.75	23.30	23.53	27.41	0.00	0.00
# ACGT raw counters for last fragments. Use `grep ^LTC | cut -f 2-` to extract this part. The columns are: A,C,G,T,N base counters
LTC	4719090	4079833	4118078	4932536	237
# Insert sizes. Use `grep ^IS | cut -f 2-` to extract this part. The columns are: insert size, pairs total, inward oriented pairs, outward oriented pairs, other pairs
IS	0	0	0	0	0
IS	1	0	0	0	0
IS	2	0	0	0	0
IS	3	0	0	0	0
IS	4	0	0	0	0
IS	5	0	0	0	0
IS	6	0	0	0	0
IS	7	0	0	0	0
IS	8	0	0	0	0
IS	9	0	0	0	0
IS	10	0	0	0	0
IS	11	2	0	2	0
IS	12	0	0	0	0
IS	13	0	0	0	0
IS	14	0	0	0	0
IS	15	0	0	0	0
IS	16	0	0	0	0
IS	17	0	0	0	0
IS	18	0	0	0	0
IS	19	0	0	0	0
IS	20	2	1	1	0
IS	21	0	0	0	0
IS	22	0	0	0	0
IS	23	0	0	0	0
IS	24	0	0	0	0
IS	25	0	0	0	0
IS	26	0	0	0	0
IS	27	0	0	0	0
IS	28	0	0	0	0
IS	29	0	0	0	0
IS	30	0	0	0	0
IS	31	1	1	0	0
IS	32	0	0	0	0
IS	33	0	0	0	0
IS	34	0	0	0	0
IS	35	0	0	0	0
IS	36	0	0	0	0
IS	37	1	0	1	0
IS	38	0	0	0	0
IS	39	0	0	0	0
IS	40	1	0	1	0
IS	41	2	0	2	0
IS	42	0	0	0	0
IS	43	0	0	0	0
IS	44	0	0	0	0
IS	45	1	1	0	0
IS	46	1	1	0	0
IS	47	0	0	0	0
IS	48	1	1	0	0
IS	49	0	0	0	0
IS	50	1	1	0	0
IS	51	1	0	1	0
IS	52	0	0	0	0
IS	53	1	0	1	0
IS	54	0	0	0	0
IS	55	0	0	0	0
IS	56	1	0	1	0
IS	57	2	1	1	0
IS	58	0	0	0	0
IS	59	0	0	0	0
IS	60	0	0	0	0
IS	61	0	0	0	0
IS	62	0	0	0	0
IS	63	1	0	1	0
IS	64	0	0	0	0
IS	65	0	0	0	0
IS	66	0	0	0	0
IS	67	0	0	0	0
IS	68	1	0	0	1
IS	69	0	0	0	0
IS	70	1	1	0	0
IS	71	2	1	1	0
IS	72	0	0	0	0
IS	73	0	0	0	0
IS	74	0	0	0	0
IS	75	0	0	0	0
IS	76	1	1	0	0
IS	77	2	1	1	0
IS	78	1	1	0	0
IS	79	0	0	0	0
IS	80	1	1	0	0
IS	81	0	0	0	0
IS	82	1	1	0	0
IS	83	0	0	0	0
IS	84	1	1	0	0
IS	85	9	9	0	0
IS	86	4	4	0	0
IS	87	8	8	0	0
IS	88	7	6	1	0
IS	89	13	13	0	0
IS	90	12	11	1	0
IS	91	12	12	0	0
IS	92	29	29	0	0
IS	93	33	33	0	0
IS	94	37	37	0	0
IS	95	37	37	0	0
IS	96	41	41	0	0
IS	97	41	41	0	0
IS	98	47	47	0	0
IS	99	72	70	2	0
IS	100	51	51	0	0
IS	101	76	76	0	0
IS	102	86	86	0	0
IS	103	96	96	0	0
IS	104	81	81	0	0
IS	105	91	91	0	0
IS	106	99	99	0	0
IS	107	122	122	0	0
IS	108	123	123	0	0
IS	109	151	151	0	0
IS	110	147	147	0	0
IS	111	166	166	0	0
IS	112	185	185	0	0
IS	113	219	219	0	0
IS	114	227	227	0	0
IS	115	227	227	0	0
IS	116	220	220	0	0
IS	117	232	232	0	0
IS	118	265	265	0	0
IS	119	271	271	0	0
IS	120	283	283	0	0
IS	121	359	359	0	0
IS	122	346	346	0	0
IS	123	346	346	0	0
IS	124	362	362	0	0
IS	125	398	398	0	0
IS	126	404	404	0	0
IS	127	424	424	0	0
IS	128	441	441	0	0
IS	129	484	484	0	0
IS	130	447	447	0	0
IS	131	445	445	0	0
IS	132	523	523	0	0
IS	133	498	498	0	0
IS	134	553	553	0	0
IS	135	537	537	0	0
IS	136	580	580	0	0
IS	137	663	663	0	0
IS	138	615	615	0	0
IS	139	646	646	0	0
IS	140	651	651	0	0
IS	141	643	643	0	0
IS	142	638	638	0	0
IS	143	692	692	0	0
IS	144	727	727	0	0
IS	145	699	699	0	0
IS	146	761	761	0	0
IS	147	702	702	0	0
IS	148	767	767	0	0
IS	149	770	770	0	0
IS	150	781	781	0	0
IS	151	833	833	0	0
IS	152	815	815	0	0
IS	153	895	894	0	1
IS	154	869	869	0	0
IS	155	861	861	0	0
IS	156	826	826	0	0
IS	157	828	828	0	0
IS	158	944	944	0	0
IS	159	890	890	0	0
IS	160	878	878	0	0
IS	161	892	892	0	0
IS	162	926	926	0	0
IS	163	926	926	0	0
IS	164	855	855	0	0
IS	165	934	934	0	0
IS	166	1011	1011	0	0
IS	167	981	981	0	0
IS	168	934	934	0	0
IS	169	951	951	0	0
IS	170	909	909	0	0
IS	171	1006	1006	0	0
IS	172	946	946	0	0
IS	173	950	950	0	0
IS	174	945	945	0	0
IS	175	965	965	0	0
IS	176	976	976	0	0
IS	177	956	955	0	1
IS	178	998	998	0	0
IS	179	1016	1016	0	0
IS	180	962	962	0	0
IS	181	1028	1028	0	0
IS	182	996	996	0	0
IS	183	976	976	0	0
IS	184	981	981	0	0
IS	185	970	970	0	0
IS	186	985	985	0	0
IS	187	972	972	0	0
IS	188	973	973	0	0
IS	189	1022	1022	0	0
IS	190	968	968	0	0
IS	191	997	997	0	0
IS	192	940	940	0	0
IS	193	959	959	0	0
IS	194	1033	1033	0	0
IS	195	995	995	0	0
IS	196	987	987	0	0
IS	197	1011	1011	0	0
IS	198	935	935	0	0
IS	199	993	993	0	0
IS	200	997	997	0	0
IS	201	940	940	0	0
IS	202	978	978	0	0
IS	203	939	939	0	0
IS	204	925	925	0	0
IS	205	995	995	0	0
IS	206	954	954	0	0
IS	207	941	941	0	0
IS	208	1013	1013	0	0
IS	209	886	886	0	0
IS	210	910	910	0	0
IS	211	933	933	0	0
IS	212	915	915	0	0
IS	213	909	909	0	0
IS	214	961	961	0	0
IS	215	918	918	0	0
IS	216	929	929	0	0
IS	217	953	953	0	0
IS	218	883	882	1	0
IS	219	833	833	0	0
IS	220	906	905	1	0
IS	221	856	856	0	0
IS	222	918	918	0	0
IS	223	843	843	0	0
IS	224	830	830	0	0
IS	225	861	861	0	0
IS	226	870	870	0	0
IS	227	867	867	0	0
IS	228	877	877	0	0
IS	229	785	785	0	0
IS	230	834	834	0	0
IS	231	837	837	0	0
IS	232	797	797	0	0
IS	233	833	833	0	0
IS	234	790	790	0	0
IS	235	824	824	0	0
IS	236	809	809	0	0
IS	237	798	798	0	0
IS	238	816	816	0	0
IS	239	808	808	0	0
IS	240	750	750	0	0
IS	241	776	776	0	0
IS	242	788	788	0	0
IS	243	817	817	0	0
IS	244	715	715	0	0
IS	245	748	748	0	0
IS	246	795	795	0	0
IS	247	704	704	0	0
IS	248	701	701	0	0
IS	249	698	698	0	0
IS	250	726	726	0	0
IS	251	724	724	0	0
IS	252	717	717	0	0
IS	253	696	696	0	0
IS	254	680	680	0	0
IS	255	720	720	0	0
IS	256	633	633	0	0
IS	257	668	668	0	0
IS	258	719	719	0	0
IS	259	726	726	0	0
IS	260	689	689	0	0
IS	261	628	628	0	0
IS	262	664	664	0	0
IS	263	638	638	0	0
IS	264	672	672	0	0
IS	265	630	630	0	0
IS	266	647	647	0	0
IS	267	627	627	0	0
IS	268	635	635	0	0
IS	269	602	602	0	0
IS	270	614	614	0	0
IS	271	593	593	0	0
IS	272	650	650	0	0
IS	273	631	631	0	0
IS	274	584	584	0	0
IS	275	609	609	0	0
IS	276	566	566	0	0
IS	277	614	614	0	0
IS	278	595	595	0	0
IS	279	562	562	0	0
IS	280	552	552	0	0
IS	281	565	565	0	0
IS	282	543	543	0	0
IS	283	548	548	0	0
IS	284	524	524	0	0
IS	285	534	534	0	0
IS	286	574	574	0	0
IS	287	529	529	0	0
IS	288	517	517	0	0
IS	289	539	539	0	0
IS	290	511	511	0	0
IS	291	519	519	0	0
IS	292	512	512	0	0
IS	293	457	457	0	0
IS	294	491	491	0	0
IS	295	473	473	0	0
IS	296	476	476	0	0
IS	297	486	486	0	0
IS	298	470	470	0	0
IS	299	480	480	0	0
IS	300	454	454	0	0
IS	301	432	432	0	0
IS	302	471	471	0	0
IS	303	408	408	0	0
IS	304	424	424	0	0
IS	305	457	457	0	0
IS	306	431	431	0	0
IS	307	437	437	0	0
IS	308	453	453	0	0
IS	309	448	448	0	0
IS	310	414	414	0	0
IS	311	416	416	0	0
IS	312	406	406	0	0
IS	313	423	423	0	0
IS	314	383	383	0	0
IS	315	430	430	0	0
IS	316	392	392	0	0
IS	317	379	379	0	0
IS	318	387	387	0	0
IS	319	377	377	0	0
IS	320	366	366	0	0
IS	321	364	364	0	0
IS	322	350	350	0	0
IS	323	364	364	0	0
IS	324	374	374	0	0
IS	325	358	358	0	0
IS	326	355	355	0	0
IS	327	364	364	0	0
IS	328	355	355	0	0
IS	329	349	349	0	0
IS	330	374	374	0	0
IS	331	335	335	0	0
IS	332	343	343	0	0
IS	333	326	326	0	0
IS	334	331	331	0	0
IS	335	345	345	0	0
IS	336	330	330	0	0
IS	337	342	342	0	0
IS	338	293	293	0	0
IS	339	318	318	0	0
IS	340	327	327	0	0
IS	341	298	298	0	0
IS	342	280	280	0	0
IS	343	309	309	0	0
IS	344	248	248	0	0
IS	345	287	287	0	0
IS	346	288	288	0	0
IS	347	284	284	0	0
IS	348	270	270	0	0
IS	349	270	270	0	0
IS	350	282	282	0	0
IS	351	306	306	0	0
IS	352	251	251	0	0
IS	353	253	253	0	0
IS	354	262	262	0	0
IS	355	256	256	0	0
IS	356	272	272	0	0
IS	357	264	264	0	0
IS	358	279	279	0	0
IS	359	245	245	0	0
IS	360	264	264	0	0
IS	361	231	231	0	0
IS	362	211	211	0	0
IS	363	211	211	0	0
IS	364	239	239	0	0
IS	365	205	205	0	0
IS	366	227	227	0	0
IS	367	229	229	0	0
IS	368	238	238	0	0
IS	369	213	213	0	0
IS	370	196	196	0	0
IS	371	200	200	0	0
IS	372	207	207	0	0
IS	373	220	220	0	0
IS	374	209	209	0	0
IS	375	203	203	0	0
IS	376	208	208	0	0
IS	377	181	181	0	0
IS	378	186	186	0	0
IS	379	184	184	0	0
IS	380	203	203	0	0
IS	381	198	198	0	0
IS	382	196	196	0	0
IS	383	162	162	0	0
IS	384	176	175	0	1
IS	385	165	165	0	0
IS	386	171	171	0	0
IS	387	170	170	0	0
IS	388	193	193	0	0
IS	389	157	157	0	0
IS	390	161	161	0	0
IS	391	169	169	0	0
IS	392	162	162	0	0
IS	393	156	156	0	0
IS	394	140	140	0	0
IS	395	133	133	0	0
IS	396	147	147	0	0
IS	397	147	147	0	0
IS	398	156	156	0	0
IS	399	157	157	0	0
IS	400	148	148	0	0
IS	401	137	137	0	0
IS	402	123	123	0	0
IS	403	137	137	0	0
IS	404	118	118	0	0
IS	405	133	133	0	0
IS	406	127	127	0	0
IS	407	117	117	0	0
IS	408	111	111	0	0
IS	409	137	137	0	0
IS	410	121	121	0	0
IS	411	108	108	0	0
IS	412	107	107	0	0
IS	413	105	105	0	0
IS	414	124	124	0	0
IS	415	92	92	0	0
IS	416	110	110	0	0
IS	417	125	125	0	0
IS	418	96	96	0	0
IS	419	108	108	0	0
IS	420	103	103	0	0
IS	421	104	104	0	0
IS	422	97	97	0	0
IS	423	102	102	0	0
IS	424	101	101	0	0
IS	425	122	122	0	0
IS	426	99	99	0	0
IS	427	88	88	0	0
IS	428	100	100	0	0
IS	429	94	94	0	0
IS	430	88	88	0	0
IS	431	88	88	0	0
IS	432	68	68	0	0
IS	433	81	81	0	0
IS	434	76	76	0	0
IS	435	97	97	0	0
IS	436	104	104	0	0
IS	437	78	78	0	0
IS	438	77	77	0	0
IS	439	72	72	0	0
IS	440	72	72	0	0
IS	441	79	79	0	0
IS	442	57	57	0	0
IS	443	77	77	0	0
IS	444	79	79	0	0
IS	445	72	72	0	0
IS	446	69	69	0	0
IS	447	62	62	0	0
IS	448	64	64	0	0
IS	449	79	79	0	0
IS	450	66	66	0	0
IS	451	67	67	0	0
IS	452	60	60	0	0
IS	453	55	55	0	0
IS	454	63	63	0	0
IS	455	73	73	0	0
IS	456	57	57	0	0
IS	457	51	51	0	0
IS	458	59	59	0	0
IS	459	55	55	0	0
IS	460	48	48	0	0
IS	461	63	63	0	0
IS	462	55	55	0	0
IS	463	49	49	0	0
IS	464	56	56	0	0
IS	465	56	56	0	0
IS	466	50	50	0	0
IS	467	57	57	0	0
IS	468	50	50	0	0
IS	469	38	38	0	0
IS	470	40	40	0	0
IS	471	45	45	0	0
IS	472	48	48	0	0
IS	473	51	51	0	0
IS	474	44	44	0	0
IS	475	52	52	0	0
IS	476	57	57	0	0
IS	477	48	48	0	0
IS	478	35	35	0	0
IS	479	33	33	0	0
IS	480	32	32	0	0
IS	481	42	42	0	0
IS	482	43	43	0	0
IS	483	41	41	0	0
IS	484	35	35	0	0
IS	485	41	41	0	0
IS	486	44	44	0	0
IS	487	31	31	0	0
IS	488	36	36	0	0
IS	489	32	32	0	0
IS	490	27	27	0	0
IS	491	32	32	0	0
IS	492	34	34	0	0
IS	493	33	33	0	0
IS	494	35	35	0	0
IS	495	26	26	0	0
IS	496	24	24	0	0
IS	497	24	24	0	0
IS	498	38	38	0	0
# Read lengths. Use `grep ^RL | cut -f 2-` to extract this part. The columns are: read length, count
RL	31	10
RL	32	6
RL	33	14
RL	34	10
RL	35	8
RL	36	12
RL	37	6
RL	38	10
RL	39	4
RL	40	4
RL	41	6
RL	42	6
RL	43	8
RL	44	6
RL	45	4
RL	47	8
RL	48	6
RL	49	2
RL	50	10
RL	52	2
RL	53	14
RL	54	4
RL	55	2
RL	56	8
RL	57	6
RL	58	2
RL	59	6
RL	60	2
RL	61	4
RL	62	12
RL	63	2
RL	64	4
RL	66	8
RL	68	2
RL	69	8
RL	70	8
RL	71	6
RL	72	4
RL	73	6
RL	74	6
RL	75	2
RL	76	2
RL	77	10
RL	78	6
RL	80	4
RL	81	4
RL	82	4
RL	83	6
RL	84	8
RL	85	28
RL	86	12
RL	87	20
RL	88	16
RL	89	32
RL	90	26
RL	91	28
RL	92	62
RL	93	72
RL	94	76
RL	95	76
RL	96	90
RL	97	88
RL	98	100
RL	99	146
RL	100	356006
# Read lengths - first fragments. Use `grep ^FRL | cut -f 2-` to extract this part. The columns are: read length, count
FRL	31	5
FRL	32	3
FRL	33	7
FRL	34	5
FRL	35	4
FRL	36	6
FRL	37	3
FRL	38	5
FRL	39	2
FRL	40	2
FRL	41	3
FRL	42	3
FRL	43	4
FRL	44	3
FRL	45	2
FRL	47	4
FRL	48	3
FRL	49	1
FRL	50	5
FRL	52	1
FRL	53	7
FRL	54	2
FRL	55	1
FRL	56	4
FRL	57	3
FRL	58	1
FRL	59	3
FRL	60	1
FRL	61	2
FRL	62	6
FRL	63	1
FRL	64	2
FRL	66	4
FRL	68	1
FRL	69	4
FRL	70	4
FRL	71	3
FRL	72	2
FRL	73	3
FRL	74	3
FRL	75	1
FRL	76	1
FRL	77	5
FRL	78	3
FRL	80	2
FRL	81	2
FRL	82	2
FRL	83	3
FRL	84	4
FRL	85	14
FRL	86	6
FRL	87	10
FRL	88	8
FRL	89	16
FRL	90	13
FRL	91	14
FRL	92	31
FRL	93	36
FRL	94	38
FRL	95	38
FRL	96	45
FRL	97	44
FRL	98	50
FRL	99	73
FRL	100	178003
# Read lengths - last fragments. Use `grep ^LRL | cut -f 2-` to extract this part. The columns are: read length, count
LRL	31	5
LRL	32	3
LRL	33	7
LRL	34	5
LRL	35	4
LRL	36	6
LRL	37	3
LRL	38	5
LRL	39	2
LRL	40	2
LRL	41	3
LRL	42	3
LRL	43	4
LRL	44	3
LRL	45	2
LRL	47	4
LRL	48	3
LRL	49	1
LRL	50	5
LRL	52	1
LRL	53	7
LRL	54	2
LRL	55	1
LRL	56	4
LRL	57	3
LRL	58	1
LRL	59	3
LRL	60	1
LRL	61	2
LRL	62	6
LRL	63	1
LRL	64	2
LRL	66	4
LRL	68	1
LRL	69	4
LRL	70	4
LRL	71	3
LRL	72	2
LRL	73	3
LRL	74	3
LRL	75	1
LRL	76	1
LRL	77	5
LRL	78	3
LRL	80	2
LRL	81	2
LRL	82	2
LRL	83	3
LRL	84	4
LRL	85	14
LRL	86	6
LRL	87	10
LRL	88	8
LRL	89	16
LRL	90	13
LRL	91	14
LRL	92	31
LRL	93	36
LRL	94	38
LRL	95	38
LRL	96	45
LRL	97	44
LRL	98	50
LRL	99	73
LRL	100	178003
# Mapping qualities for reads !(UNMAP|SECOND|SUPPL|QCFAIL|DUP). Use `grep ^MAPQ | cut -f 2-` to extract this part. The columns are: mapq, count
MAPQ	0	31620
MAPQ	1	71
MAPQ	2	26
MAPQ	3	137
MAPQ	4	40
MAPQ	5	32
MAPQ	6	52
MAPQ	7	94
MAPQ	8	41
MAPQ	9	193
MAPQ	10	106
MAPQ	11	26
MAPQ	12	46
MAPQ	13	97
MAPQ	14	25
MAPQ	15	111
MAPQ	16	49
MAPQ	17	43
MAPQ	18	61
MAPQ	19	120
MAPQ	20	144
MAPQ	21	228
MAPQ	22	273
MAPQ	23	329
MAPQ	24	629
MAPQ	25	1261
MAPQ	26	48
MAPQ	27	2849
MAPQ	28	13
MAPQ	29	21
MAPQ	30	33
MAPQ	31	66
MAPQ	32	16
MAPQ	33	150
MAPQ	34	22
MAPQ	35	23
MAPQ	36	46
MAPQ	37	108
MAPQ	38	36
MAPQ	39	249
MAPQ	40	3011
MAPQ	41	45
MAPQ	42	122
MAPQ	43	115
MAPQ	44	97
MAPQ	45	377
MAPQ	46	213
MAPQ	47	479
MAPQ	48	678
MAPQ	49	547
MAPQ	50	2344
MAPQ	51	104
MAPQ	52	259
MAPQ	53	88
MAPQ	54	112
MAPQ	55	298
MAPQ	56	14
MAPQ	57	412
MAPQ	58	11
MAPQ	59	33
MAPQ	60	308264
# Indel distribution. Use `grep ^ID | cut -f 2-` to extract this part. The columns are: length, number of insertions, number of deletions
ID	1	893	1163
ID	2	177	230
ID	3	85	138
ID	4	78	91
ID	5	39	25
ID	6	17	23
ID	7	7	3
ID	8	11	14
ID	9	5	9
ID	10	6	15
ID	11	3	5
ID	12	2	6
ID	13	4	2
ID	14	1	2
ID	15	1	3
ID	16	0	8
ID	17	0	3
ID	18	0	4
ID	19	0	1
ID	20	0	1
ID	21	0	1
ID	23	0	1
ID	24	0	2
ID	27	0	2
ID	29	0	1
ID	33	0	1
ID	36	0	1
# Indels per cycle. Use `grep ^IC | cut -f 2-` to extract this part. The columns are: cycle, number of insertions (fwd), .. (rev) , number of deletions (fwd), .. (rev)
IC	3	0	0	2	5
IC	4	2	8	4	0
IC	5	3	2	4	5
IC	6	6	5	6	10
IC	7	3	5	3	8
IC	8	6	9	7	8
IC	9	8	5	8	8
IC	10	6	5	10	3
IC	11	6	6	8	9
IC	12	5	3	10	7
IC	13	5	13	4	8
IC	14	8	6	9	16
IC	15	8	10	7	5
IC	16	6	8	13	9
IC	17	7	13	13	7
IC	18	11	1	4	14
IC	19	8	12	11	8
IC	20	7	6	8	9
IC	21	10	7	10	10
IC	22	9	5	10	10
IC	23	8	7	5	12
IC	24	6	9	10	12
IC	25	7	5	8	13
IC	26	10	9	12	7
IC	27	7	7	6	16
IC	28	7	12	8	14
IC	29	6	9	8	9
IC	30	6	2	10	11
IC	31	6	10	11	15
IC	32	2	6	9	10
IC	33	7	11	12	7
IC	34	4	8	20	7
IC	35	7	6	17	10
IC	36	5	9	3	10
IC	37	8	5	10	3
IC	38	7	8	8	14
IC	39	10	10	11	8
IC	40	8	10	11	7
IC	41	5	9	13	9
IC	42	7	17	8	11
IC	43	11	5	12	11
IC	44	5	9	8	7
IC	45	13	7	6	12
IC	46	14	8	9	7
IC	47	6	9	9	11
IC	48	9	7	10	6
IC	49	10	5	9	10
IC	50	4	9	10	9
IC	51	8	6	10	12
IC	52	6	2	10	5
IC	53	10	8	8	8
IC	54	12	3	11	14
IC	55	8	7	12	8
IC	56	12	7	9	12
IC	57	13	15	19	8
IC	58	10	3	10	9
IC	59	6	6	14	7
IC	60	6	15	10	11
IC	61	5	5	11	6
IC	62	5	7	13	10
IC	63	4	7	10	7
IC	64	9	7	12	10
IC	65	4	12	9	10
IC	66	11	7	9	9
IC	67	7	10	8	9
IC	68	13	9	10	8
IC	69	9	5	6	9
IC	70	10	7	18	5
IC	71	7	3	12	7
IC	72	5	11	11	8
IC	73	10	5	9	7
IC	74	5	7	12	7
IC	75	8	4	7	9
IC	76	14	6	7	15
IC	77	7	6	9	7
IC	78	4	4	7	12
IC	79	7	7	7	13
IC	80	10	8	16	14
IC	81	6	9	9	11
IC	82	12	8	6	14
IC	83	10	3	13	9
IC	84	11	9	12	14
IC	85	7	8	11	16
IC	86	6	3	7	11
IC	87	11	3	9	7
IC	88	6	5	12	9
IC	89	5	3	9	7
IC	90	6	3	10	2
IC	91	4	3	8	7
IC	92	4	9	2	13
IC	93	7	3	6	7
IC	94	2	2	5	5
IC	95	7	2	7	5
IC	96	1	5	11	17
IC	97	6	0	8	3
# Coverage distribution. Use `grep ^COV | cut -f 2-` to extract this part.
COV	[1-1]	1	20410372
COV	[2-2]	2	4816120
COV	[3-3]	3	1190585
COV	[4-4]	4	315162
COV	[5-5]	5	88317
COV	[6-6]	6	29461
COV	[7-7]	7	10742
COV	[8-8]	8	4183
COV	[9-9]	9	1983
COV	[10-10]	10	1306
COV	[11-11]	11	733
COV	[12-12]	12	409
COV	[13-13]	13	256
COV	[14-14]	14	184
COV	[15-15]	15	139
COV	[16-16]	16	90
COV	[17-17]	17	47
COV	[18-18]	18	23
COV	[19-19]	19	26
COV	[20-20]	20	1
# GC-depth. Use `grep ^GCD | cut -f 2-` to extract this part. The columns are: GC%, unique sequence percentiles, 10th, 25th, 50th, 75th and 90th depth percentile
GCD	0.0	0.209	0.005	0.005	0.005	0.005	0.005
GCD	7.2	0.211	0.060	0.060	0.060	0.060	0.060
GCD	13.0	0.214	0.010	0.010	0.010	0.010	0.010
GCD	17.0	0.235	0.005	0.010	0.010	0.010	0.025
GCD	18.0	0.243	0.015	0.015	0.015	0.020	0.020
GCD	19.0	0.245	0.005	0.005	0.005	0.005	0.005
GCD	20.0	0.256	0.005	0.005	0.005	0.009	0.010
GCD	21.0	0.274	0.005	0.005	0.010	0.015	0.015
GCD	22.0	0.310	0.007	0.010	0.010	0.010	0.010
GCD	23.0	0.363	0.005	0.010	0.010	0.010	0.014
GCD	24.0	0.417	0.005	0.005	0.010	0.010	0.010
GCD	25.0	0.551	0.005	0.010	0.010	0.010	0.015
GCD	26.0	0.731	0.010	0.010	0.010	0.010	0.020
GCD	27.0	0.890	0.005	0.010	0.010	0.020	0.020
GCD	28.0	1.263	0.005	0.010	0.010	0.020	0.030
GCD	29.0	1.722	0.005	0.010	0.020	0.030	0.050
GCD	30.0	2.400	0.010	0.010	0.020	0.040	0.060
GCD	31.0	3.757	0.010	0.010	0.020	0.040	0.060
GCD	32.0	5.409	0.010	0.010	0.030	0.050	0.080
GCD	33.0	7.485	0.010	0.020	0.030	0.060	0.090
GCD	34.0	10.538	0.010	0.020	0.030	0.060	0.099
GCD	35.0	13.731	0.010	0.020	0.040	0.070	0.100
GCD	36.0	17.181	0.010	0.020	0.040	0.070	0.100
GCD	37.0	21.199	0.010	0.020	0.040	0.070	0.100
GCD	38.0	26.109	0.010	0.015	0.030	0.060	0.098
GCD	39.0	30.273	0.010	0.020	0.040	0.065	0.100
GCD	40.0	34.129	0.010	0.020	0.040	0.070	0.110
GCD	41.0	38.679	0.010	0.020	0.040	0.070	0.100
GCD	42.0	42.588	0.010	0.020	0.040	0.070	0.110
GCD	43.0	46.392	0.010	0.020	0.040	0.065	0.100
GCD	44.0	50.775	0.010	0.010	0.030	0.060	0.090
GCD	45.0	54.281	0.010	0.020	0.030	0.065	0.100
GCD	46.0	57.553	0.010	0.020	0.037	0.065	0.100
GCD	47.0	60.877	0.010	0.010	0.030	0.060	0.090
GCD	48.0	63.687	0.010	0.020	0.040	0.060	0.100
GCD	49.0	66.740	0.010	0.020	0.030	0.070	0.104
GCD	50.0	70.176	0.010	0.010	0.020	0.055	0.095
GCD	51.0	72.816	0.010	0.015	0.030	0.065	0.100
GCD	52.0	75.470	0.010	0.015	0.030	0.060	0.105
GCD	53.0	77.938	0.010	0.020	0.040	0.066	0.100
GCD	54.0	80.466	0.010	0.020	0.030	0.070	0.100
GCD	55.0	82.731	0.010	0.020	0.040	0.070	0.120
GCD	56.0	85.063	0.010	0.015	0.030	0.060	0.100
GCD	57.0	87.161	0.010	0.020	0.040	0.075	0.120
GCD	58.0	89.172	0.010	0.020	0.040	0.080	0.120
GCD	59.0	91.007	0.010	0.020	0.040	0.070	0.110
GCD	60.0	92.749	0.010	0.020	0.040	0.070	0.110
GCD	61.0	94.328	0.010	0.020	0.040	0.070	0.110
GCD	62.0	95.880	0.010	0.010	0.030	0.060	0.100
GCD	63.0	96.963	0.010	0.010	0.030	0.060	0.090
GCD	64.0	97.780	0.010	0.010	0.020	0.050	0.080
GCD	65.0	98.422	0.010	0.010	0.020	0.050	0.080
GCD	66.0	98.886	0.010	0.010	0.020	0.045	0.070
GCD	67.0	99.196	0.010	0.010	0.015	0.030	0.050
GCD	68.0	99.410	0.010	0.010	0.015	0.030	0.050
GCD	69.0	99.588	0.010	0.010	0.010	0.020	0.030
GCD	70.0	99.674	0.010	0.010	0.010	0.020	0.030
GCD	71.0	99.760	0.010	0.010	0.010	0.020	0.030
GCD	72.0	99.843	0.010	0.010	0.010	0.010	0.017
GCD	73.0	99.893	0.010	0.010	0.010	0.010	0.020
GCD	74.0	99.945	0.010	0.010	0.010	0.010	0.010
GCD	75.0	99.982	0.007	0.010	0.010	0.010	0.015
GCD	76.0	99.987	0.010	0.010	0.015	0.020	0.020
GCD	77.0	99.995	0.010	0.010	0.010	0.010	0.010
GCD	78.0	99.997	0.010	0.010	0.010	0.010	0.010
GCD	79.0	100.000	0.005	0.005	0.005	0.005	0.005
