chr1	248956422	9037919	2072
chr10	133797422	4233050	1039
chr11	135086622	4699201	1200
chr11_KI270721v1_random	100316	1038	0
chr12	133275309	4781258	1159
chr13	114364328	2033660	547
chr14	107043718	2661950	625
chr14_GL000009v2_random	201709	6269	1
chr14_GL000225v1_random	211173	5261	15
chr14_KI270722v1_random	194050	713	1
chr14_GL000194v1_random	191469	2860	0
chr14_KI270723v1_random	38115	881	4
chr14_KI270724v1_random	39555	637	0
chr14_KI270725v1_random	172810	822	0
chr14_KI270726v1_random	43739	38	0
chr15	101991189	2857660	649
chr15_KI270727v1_random	448248	19363	6
chr16	90338345	2778507	706
chr16_KI270728v1_random	1872759	36751	12
chr17	83257441	4074947	1005
chr17_GL000205v2_random	185591	11083	7
chr17_KI270729v1_random	280839	3264	6
chr17_KI270730v1_random	112551	910	5
chr18	80373285	1541000	389
chr19	58617616	3405859	870
chr1_KI270706v1_random	175055	6442	0
chr1_KI270707v1_random	32032	151	0
chr1_KI270708v1_random	127682	428	0
chr1_KI270709v1_random	66860	2034	2
chr1_KI270710v1_random	40176	110	0
chr1_KI270711v1_random	42210	14261	2
chr1_KI270712v1_random	176043	2042	1
chr1_KI270713v1_random	40745	2919	1
chr1_KI270714v1_random	41717	2590	0
chr2	242193529	6133287	1509
chr20	64444167	2176078	537
chr21	46709983	979959	294
chr22	50818468	1525048	421
chr22_KI270731v1_random	150754	4194	2
chr22_KI270732v1_random	41543	540	0
chr22_KI270733v1_random	179772	6580	3
chr22_KI270734v1_random	165050	5749	4
chr22_KI270735v1_random	42811	625	1
chr22_KI270736v1_random	181920	2363	29
chr22_KI270737v1_random	103838	375	1
chr22_KI270738v1_random	99375	250	1
chr22_KI270739v1_random	73985	91	0
chr2_KI270715v1_random	161471	195	0
chr2_KI270716v1_random	153799	164	0
chr3	198295559	5046786	1209
chr3_GL000221v1_random	155397	8185	0
chr4	190214555	3687330	857
chr4_GL000008v2_random	209709	6001	1
chr5	181538259	4056819	1065
chr5_GL000208v1_random	92689	258	0
chr6	170805979	4470103	1028
chr7	159345973	4354125	1109
chr8	145138636	3114283	795
chr9	138394717	3842360	923
chr9_KI270717v1_random	40062	159	0
chr9_KI270718v1_random	38054	1582	3
chr9_KI270719v1_random	176845	1630	2
chr9_KI270720v1_random	39050	2466	0
chr1_KI270762v1_alt	354444	6180	2
chr1_KI270766v1_alt	256271	17558	5
chr1_KI270760v1_alt	109528	565	0
chr1_KI270765v1_alt	185285	1561	0
chr1_GL383518v1_alt	182439	11949	3
chr1_GL383519v1_alt	110268	11167	2
chr1_GL383520v2_alt	366580	5278	1
chr1_KI270764v1_alt	50258	164	0
chr1_KI270763v1_alt	911658	9718	4
chr1_KI270759v1_alt	425601	1548	0
chr1_KI270761v1_alt	165834	6575	0
chr2_KI270770v1_alt	136240	397	0
chr2_KI270773v1_alt	70887	239	0
chr2_KI270774v1_alt	223625	3227	1
chr2_KI270769v1_alt	120616	2479	3
chr2_GL383521v1_alt	143390	403	0
chr2_KI270772v1_alt	133041	970	1
chr2_KI270775v1_alt	138019	288	0
chr2_KI270771v1_alt	110395	208	0
chr2_KI270768v1_alt	110099	1335	1
chr2_GL582966v2_alt	96131	353	0
chr2_GL383522v1_alt	123821	3034	0
chr2_KI270776v1_alt	174166	1305	1
chr2_KI270767v1_alt	161578	763	0
chr3_JH636055v2_alt	173151	5260	3
chr3_KI270783v1_alt	109187	244	0
chr3_KI270780v1_alt	224108	1261	0
chr3_GL383526v1_alt	180671	1876	0
chr3_KI270777v1_alt	173649	1226	0
chr3_KI270778v1_alt	248252	375	0
chr3_KI270781v1_alt	113034	410	0
chr3_KI270779v1_alt	205312	2938	1
chr3_KI270782v1_alt	162429	2156	0
chr3_KI270784v1_alt	184404	2383	0
chr4_KI270790v1_alt	220246	530	0
chr4_GL383528v1_alt	376187	584	0
chr4_KI270787v1_alt	111943	282	0
chr4_GL000257v2_alt	586476	17532	2
chr4_KI270788v1_alt	158965	286	0
chr4_GL383527v1_alt	164536	5690	0
chr4_KI270785v1_alt	119912	263	0
chr4_KI270789v1_alt	205944	1228	0
chr4_KI270786v1_alt	244096	371	0
chr5_KI270793v1_alt	126136	1064	1
chr5_KI270792v1_alt	179043	4155	1
chr5_KI270791v1_alt	195710	7681	5
chr5_GL383532v1_alt	82728	83	0
chr5_GL949742v1_alt	226852	484	0
chr5_KI270794v1_alt	164558	2104	0
chr5_GL339449v2_alt	1612928	33269	1
chr5_GL383530v1_alt	101241	220	0
chr5_KI270796v1_alt	172708	397	0
chr5_GL383531v1_alt	173459	360	0
chr5_KI270795v1_alt	131892	1714	0
chr6_GL000250v2_alt	4672374	29818	9
chr6_KI270800v1_alt	175808	745	0
chr6_KI270799v1_alt	152148	231	0
chr6_GL383533v1_alt	124736	787	1
chr6_KI270801v1_alt	870480	11520	2
chr6_KI270802v1_alt	75005	299	0
chr6_KB021644v2_alt	185823	662	0
chr6_KI270797v1_alt	197536	6680	3
chr6_KI270798v1_alt	271782	5282	0
chr7_KI270804v1_alt	157952	511	0
chr7_KI270809v1_alt	209586	7275	2
chr7_KI270806v1_alt	158166	4787	1
chr7_GL383534v2_alt	119183	2770	0
chr7_KI270803v1_alt	1111570	25944	7
chr7_KI270808v1_alt	271455	2303	2
chr7_KI270807v1_alt	126434	562	0
chr7_KI270805v1_alt	209988	1042	0
chr8_KI270818v1_alt	145606	664	0
chr8_KI270812v1_alt	282736	1362	1
chr8_KI270811v1_alt	292436	1052	2
chr8_KI270821v1_alt	985506	16687	2
chr8_KI270813v1_alt	300230	18737	0
chr8_KI270822v1_alt	624492	10478	1
chr8_KI270814v1_alt	141812	706	0
chr8_KI270810v1_alt	374415	873	0
chr8_KI270819v1_alt	133535	1537	1
chr8_KI270820v1_alt	36640	325	0
chr8_KI270817v1_alt	158983	2041	0
chr8_KI270816v1_alt	305841	7807	2
chr8_KI270815v1_alt	132244	683	0
chr9_GL383539v1_alt	162988	1224	1
chr9_GL383540v1_alt	71551	3264	1
chr9_GL383541v1_alt	171286	2958	2
chr9_GL383542v1_alt	60032	1160	1
chr9_KI270823v1_alt	439082	4362	0
chr10_GL383545v1_alt	179254	2376	1
chr10_KI270824v1_alt	181496	1168	0
chr10_GL383546v1_alt	309802	4882	1
chr10_KI270825v1_alt	188315	7339	1
chr11_KI270832v1_alt	210133	7891	2
chr11_KI270830v1_alt	177092	1482	0
chr11_KI270831v1_alt	296895	8082	2
chr11_KI270829v1_alt	204059	5314	1
chr11_GL383547v1_alt	154407	267	0
chr11_JH159136v1_alt	200998	8573	0
chr11_JH159137v1_alt	191409	2921	1
chr11_KI270827v1_alt	67707	316	0
chr11_KI270826v1_alt	186169	791	0
chr12_GL877875v1_alt	167313	3191	1
chr12_GL877876v1_alt	408271	5135	1
chr12_KI270837v1_alt	40090	1406	0
chr12_GL383549v1_alt	120804	279	0
chr12_KI270835v1_alt	238139	2226	0
chr12_GL383550v2_alt	169178	1261	0
chr12_GL383552v1_alt	138655	1053	0
chr12_GL383553v2_alt	152874	5193	2
chr12_KI270834v1_alt	119498	1529	1
chr12_GL383551v1_alt	184319	548	0
chr12_KI270833v1_alt	76061	4593	1
chr12_KI270836v1_alt	56134	172	0
chr13_KI270840v1_alt	191684	3413	2
chr13_KI270839v1_alt	180306	688	0
chr13_KI270843v1_alt	103832	194	0
chr13_KI270841v1_alt	169134	294	0
chr13_KI270838v1_alt	306913	3930	2
chr13_KI270842v1_alt	37287	160	0
chr14_KI270844v1_alt	322166	9429	2
chr14_KI270847v1_alt	1511111	44618	11
chr14_KI270845v1_alt	180703	1189	1
chr14_KI270846v1_alt	1351393	4435	3
chr15_KI270852v1_alt	478999	19544	7
chr15_KI270851v1_alt	263054	19070	1
chr15_KI270848v1_alt	327382	10899	0
chr15_GL383554v1_alt	296527	7493	3
chr15_KI270849v1_alt	244917	4440	0
chr15_GL383555v2_alt	388773	3978	1
chr15_KI270850v1_alt	430880	8103	2
chr16_KI270854v1_alt	134193	2579	0
chr16_KI270856v1_alt	63982	203	0
chr16_KI270855v1_alt	232857	8282	3
chr16_KI270853v1_alt	2659700	80841	15
chr16_GL383556v1_alt	192462	7527	1
chr16_GL383557v1_alt	89672	3311	1
chr17_GL383563v3_alt	375691	1723	1
chr17_KI270862v1_alt	391357	8821	1
chr17_KI270861v1_alt	196688	13659	0
chr17_KI270857v1_alt	2877074	97734	23
chr17_JH159146v1_alt	278131	13328	3
chr17_JH159147v1_alt	70345	3134	0
chr17_GL383564v2_alt	133151	10779	4
chr17_GL000258v2_alt	1821992	22839	9
chr17_GL383565v1_alt	223995	461	0
chr17_KI270858v1_alt	235827	679	0
chr17_KI270859v1_alt	108763	667	0
chr17_GL383566v1_alt	90219	353	0
chr17_KI270860v1_alt	178921	2323	0
chr18_KI270864v1_alt	111737	168	0
chr18_GL383567v1_alt	289831	1724	2
chr18_GL383570v1_alt	164789	378	0
chr18_GL383571v1_alt	198278	2067	1
chr18_GL383568v1_alt	104552	256	0
chr18_GL383569v1_alt	167950	491	0
chr18_GL383572v1_alt	159547	637	0
chr18_KI270863v1_alt	167999	2166	1
chr19_KI270868v1_alt	61734	1132	2
chr19_KI270865v1_alt	52969	177	0
chr19_GL383573v1_alt	385657	4120	2
chr19_GL383575v2_alt	170222	2419	0
chr19_GL383576v1_alt	188024	2096	2
chr19_GL383574v1_alt	155864	3409	0
chr19_KI270866v1_alt	43156	2277	0
chr19_KI270867v1_alt	233762	5246	2
chr19_GL949746v1_alt	987716	19837	5
chr20_GL383577v2_alt	128386	520	0
chr20_KI270869v1_alt	118774	4101	1
chr20_KI270871v1_alt	58661	1843	1
chr20_KI270870v1_alt	183433	6148	2
chr21_GL383578v2_alt	63917	144	0
chr21_KI270874v1_alt	166743	347	0
chr21_KI270873v1_alt	143900	1287	0
chr21_GL383579v2_alt	201197	326	0
chr21_GL383580v2_alt	74653	610	0
chr21_GL383581v2_alt	116689	5735	3
chr21_KI270872v1_alt	82692	3123	0
chr22_KI270875v1_alt	259914	4852	2
chr22_KI270878v1_alt	186262	2556	1
chr22_KI270879v1_alt	304135	12890	7
chr22_KI270876v1_alt	263666	5205	2
chr22_KI270877v1_alt	101331	3064	0
chr22_GL383583v2_alt	96924	2303	0
chr22_GL383582v2_alt	162811	4959	0
chrX_KI270880v1_alt	284869	495	0
chrX_KI270881v1_alt	144206	2170	0
chr19_KI270882v1_alt	248807	1944	0
chr19_KI270883v1_alt	170399	1968	1
chr19_KI270884v1_alt	157053	1740	0
chr19_KI270885v1_alt	171027	2263	0
chr19_KI270886v1_alt	204239	1782	0
chr19_KI270887v1_alt	209512	1986	1
chr19_KI270888v1_alt	155532	2206	0
chr19_KI270889v1_alt	170698	2163	0
chr19_KI270890v1_alt	184499	1630	1
chr19_KI270891v1_alt	170680	2203	0
chr1_KI270892v1_alt	162212	6601	1
chr2_KI270894v1_alt	214158	1431	1
chr2_KI270893v1_alt	161218	729	0
chr3_KI270895v1_alt	162896	2380	1
chr4_KI270896v1_alt	378547	4043	0
chr5_KI270897v1_alt	1144418	19873	3
chr5_KI270898v1_alt	130957	1874	0
chr6_GL000251v2_alt	4795265	78033	17
chr7_KI270899v1_alt	190869	635	0
chr8_KI270901v1_alt	136959	641	0
chr8_KI270900v1_alt	318687	852	1
chr11_KI270902v1_alt	106711	644	1
chr11_KI270903v1_alt	214625	1581	1
chr12_KI270904v1_alt	572349	11853	4
chr15_KI270906v1_alt	196384	4227	1
chr15_KI270905v1_alt	5161414	83140	25
chr17_KI270907v1_alt	137721	815	0
chr17_KI270910v1_alt	157099	4862	1
chr17_KI270909v1_alt	325800	18123	2
chr17_JH159148v1_alt	88070	854	0
chr17_KI270908v1_alt	1423190	38180	6
chr18_KI270912v1_alt	174061	539	0
chr18_KI270911v1_alt	157710	601	0
chr19_GL949747v2_alt	729520	9042	2
chr22_KB663609v1_alt	74013	1660	2
chrX_KI270913v1_alt	274009	750	1
chr19_KI270914v1_alt	205194	2095	1
chr19_KI270915v1_alt	170665	2245	0
chr19_KI270916v1_alt	184516	1668	0
chr19_KI270917v1_alt	190932	2305	2
chr19_KI270918v1_alt	123111	1131	0
chr19_KI270919v1_alt	170701	2551	0
chr19_KI270920v1_alt	198005	2744	0
chr19_KI270921v1_alt	282224	2097	0
chr19_KI270922v1_alt	187935	2977	0
chr19_KI270923v1_alt	189352	2821	1
chr3_KI270924v1_alt	166540	3764	1
chr4_KI270925v1_alt	555799	2344	1
chr6_GL000252v2_alt	4604811	69617	23
chr8_KI270926v1_alt	229282	1492	0
chr11_KI270927v1_alt	218612	1127	2
chr19_GL949748v2_alt	1064304	5489	3
chr22_KI270928v1_alt	176103	5510	3
chr19_KI270929v1_alt	186203	1951	0
chr19_KI270930v1_alt	200773	1372	0
chr19_KI270931v1_alt	170148	2343	1
chr19_KI270932v1_alt	215732	2120	0
chr19_KI270933v1_alt	170537	1571	1
chr19_GL000209v2_alt	177381	1503	0
chr3_KI270934v1_alt	163458	2533	1
chr6_GL000253v2_alt	4677643	48457	6
chr19_GL949749v2_alt	1091841	4462	3
chr3_KI270935v1_alt	197351	2786	1
chr6_GL000254v2_alt	4827813	66975	13
chr19_GL949750v2_alt	1066390	4387	1
chr3_KI270936v1_alt	164170	2505	0
chr6_GL000255v2_alt	4606388	66619	20
chr19_GL949751v2_alt	1002683	5099	0
chr3_KI270937v1_alt	165607	2483	0
chr6_GL000256v2_alt	4929269	63779	19
chr19_GL949752v1_alt	987100	21325	7
chr6_KI270758v1_alt	76752	505	0
chr19_GL949753v2_alt	796479	13983	7
chr19_KI270938v1_alt	1066800	24937	2
chrM	16569	13182	3
chrUn_KI270302v1	2274	0	0
chrUn_KI270304v1	2165	8	0
chrUn_KI270303v1	1942	12	0
chrUn_KI270305v1	1472	3	0
chrUn_KI270322v1	21476	19	0
chrUn_KI270320v1	4416	34	0
chrUn_KI270310v1	1201	14	0
chrUn_KI270316v1	1444	1	0
chrUn_KI270315v1	2276	5	0
chrUn_KI270312v1	998	2	0
chrUn_KI270311v1	12399	15	0
chrUn_KI270317v1	37690	8	0
chrUn_KI270412v1	1179	8	0
chrUn_KI270411v1	2646	18	0
chrUn_KI270414v1	2489	4	0
chrUn_KI270419v1	1029	4	0
chrUn_KI270418v1	2145	4	0
chrUn_KI270420v1	2321	4	0
chrUn_KI270424v1	2140	4	0
chrUn_KI270417v1	2043	6	0
chrUn_KI270422v1	1445	0	0
chrUn_KI270423v1	981	4	0
chrUn_KI270425v1	1884	0	0
chrUn_KI270429v1	1361	7	0
chrUn_KI270442v1	392061	6652	6
chrUn_KI270466v1	1233	430	1
chrUn_KI270465v1	1774	27	0
chrUn_KI270467v1	3920	1814	0
chrUn_KI270435v1	92983	393	1
chrUn_KI270438v1	112505	6482	8
chrUn_KI270468v1	4055	9	0
chrUn_KI270510v1	2415	14	0
chrUn_KI270509v1	2318	16	0
chrUn_KI270518v1	2186	18	0
chrUn_KI270508v1	1951	23	0
chrUn_KI270516v1	1300	12	0
chrUn_KI270512v1	22689	110	1
chrUn_KI270519v1	138126	696	3
chrUn_KI270522v1	5674	7	0
chrUn_KI270511v1	8127	23	0
chrUn_KI270515v1	6361	62	0
chrUn_KI270507v1	5353	31	0
chrUn_KI270517v1	3253	21	0
chrUn_KI270529v1	1899	2	0
chrUn_KI270528v1	2983	3	0
chrUn_KI270530v1	2168	3	0
chrUn_KI270539v1	993	0	0
chrUn_KI270538v1	91309	331	0
chrUn_KI270544v1	1202	13	0
chrUn_KI270548v1	1599	0	0
chrUn_KI270583v1	1400	10	0
chrUn_KI270587v1	2969	55	0
chrUn_KI270580v1	1553	13	0
chrUn_KI270581v1	7046	19	0
chrUn_KI270579v1	31033	55	0
chrUn_KI270589v1	44474	253	1
chrUn_KI270590v1	4685	47	0
chrUn_KI270584v1	4513	30	0
chrUn_KI270582v1	6504	22	0
chrUn_KI270588v1	6158	41	0
chrUn_KI270593v1	3041	2	0
chrUn_KI270591v1	5796	85	0
chrUn_KI270330v1	1652	96	0
chrUn_KI270329v1	1040	2	0
chrUn_KI270334v1	1368	0	0
chrUn_KI270333v1	2699	297	0
chrUn_KI270335v1	1048	2	0
chrUn_KI270338v1	1428	0	0
chrUn_KI270340v1	1428	4	0
chrUn_KI270336v1	1026	70	0
chrUn_KI270337v1	1121	323	0
chrUn_KI270363v1	1803	2	0
chrUn_KI270364v1	2855	8	0
chrUn_KI270362v1	3530	4	0
chrUn_KI270366v1	8320	10	0
chrUn_KI270378v1	1048	0	0
chrUn_KI270379v1	1045	1	0
chrUn_KI270389v1	1298	2	0
chrUn_KI270390v1	2387	8	0
chrUn_KI270387v1	1537	4	0
chrUn_KI270395v1	1143	6	0
chrUn_KI270396v1	1880	6	0
chrUn_KI270388v1	1216	0	0
chrUn_KI270394v1	970	4	0
chrUn_KI270386v1	1788	0	0
chrUn_KI270391v1	1484	4	0
chrUn_KI270383v1	1750	2	0
chrUn_KI270393v1	1308	10	0
chrUn_KI270384v1	1658	3	0
chrUn_KI270392v1	971	3	0
chrUn_KI270381v1	1930	2	0
chrUn_KI270385v1	990	0	0
chrUn_KI270382v1	4215	2	0
chrUn_KI270376v1	1136	0	0
chrUn_KI270374v1	2656	0	0
chrUn_KI270372v1	1650	3	0
chrUn_KI270373v1	1451	0	0
chrUn_KI270375v1	2378	4	0
chrUn_KI270371v1	2805	4	0
chrUn_KI270448v1	7992	37	0
chrUn_KI270521v1	7642	22	0
chrUn_GL000195v1	182896	1722	1
chrUn_GL000219v1	179198	3810	1
chrUn_GL000220v1	161802	5676	5
chrUn_GL000224v1	179693	2800	1
chrUn_KI270741v1	157432	532	0
chrUn_GL000226v1	15008	139	0
chrUn_GL000213v1	164239	4045	1
chrUn_KI270743v1	210658	2012	1
chrUn_KI270744v1	168472	12175	2
chrUn_KI270745v1	41891	475	0
chrUn_KI270746v1	66486	5552	3
chrUn_KI270747v1	198735	339	0
chrUn_KI270748v1	93321	303	0
chrUn_KI270749v1	158759	1391	0
chrUn_KI270750v1	148850	4434	0
chrUn_KI270751v1	150742	3910	1
chrUn_KI270752v1	27745	0	0
chrUn_KI270753v1	62944	463	0
chrUn_KI270754v1	40191	523	0
chrUn_KI270755v1	36723	43	0
chrUn_KI270756v1	79590	270	2
chrUn_KI270757v1	71251	439	0
chrUn_GL000214v1	137718	5001	0
chrUn_KI270742v1	186739	12878	0
chrUn_GL000216v2	176608	3692	8
chrUn_GL000218v1	161147	5258	2
chrX	156040895	3883358	919
chrY	57227415	54058	49
chrY_KI270740v1_random	37240	0	0
*	0	0	53898
