chr1	248956422	5679394	224
chr10	133797422	2278685	129
chr11	135086622	2624086	174
chr11_KI270721v1_random	100316	469	0
chr12	133275309	2624801	133
chr13	114364328	1099794	62
chr14	107043718	1621740	77
chr14_GL000009v2_random	201709	4042	0
chr14_GL000225v1_random	211173	11647	46
chr14_KI270722v1_random	194050	529	0
chr14_GL000194v1_random	191469	2197	0
chr14_KI270723v1_random	38115	1831	5
chr14_KI270724v1_random	39555	1386	1
chr14_KI270725v1_random	172810	2552	0
chr14_KI270726v1_random	43739	3814	1
chr15	101991189	1851311	82
chr15_KI270727v1_random	448248	12126	2
chr16	90338345	1760712	89
chr16_KI270728v1_random	1872759	34183	6
chr17	83257441	2452359	103
chr17_GL000205v2_random	185591	4062	0
chr17_KI270729v1_random	280839	4707	4
chr17_KI270730v1_random	112551	1302	7
chr18	80373285	889425	39
chr19	58617616	2121169	571
chr1_KI270706v1_random	175055	4947	0
chr1_KI270707v1_random	32032	108	0
chr1_KI270708v1_random	127682	453	0
chr1_KI270709v1_random	66860	1481	3
chr1_KI270710v1_random	40176	124	0
chr1_KI270711v1_random	42210	69220	0
chr1_KI270712v1_random	176043	2159	0
chr1_KI270713v1_random	40745	2155	0
chr1_KI270714v1_random	41717	1775	0
chr2	242193529	4086551	213
chr20	64444167	1060692	82
chr21	46709983	570882	44
chr22	50818468	824484	40
chr22_KI270731v1_random	150754	2647	0
chr22_KI270732v1_random	41543	1060	0
chr22_KI270733v1_random	179772	18739	1
chr22_KI270734v1_random	165050	2862	2
chr22_KI270735v1_random	42811	937	3
chr22_KI270736v1_random	181920	3788	19
chr22_KI270737v1_random	103838	525	0
chr22_KI270738v1_random	99375	259	1
chr22_KI270739v1_random	73985	63	0
chr2_KI270715v1_random	161471	104	0
chr2_KI270716v1_random	153799	165	0
chr3	198295559	3023635	166
chr3_GL000221v1_random	155397	6272	0
chr4	190214555	2441526	165
chr4_GL000008v2_random	209709	4967	0
chr5	181538259	2503515	146
chr5_GL000208v1_random	92689	192	0
chr6	170805979	2492694	83
chr7	159345973	2571465	326
chr8	145138636	1801612	86
chr9	138394717	2164454	87
chr9_KI270717v1_random	40062	905	0
chr9_KI270718v1_random	38054	934	0
chr9_KI270719v1_random	176845	2144	0
chr9_KI270720v1_random	39050	1775	0
chr1_KI270762v1_alt	354444	3089	1
chr1_KI270766v1_alt	256271	27849	0
chr1_KI270760v1_alt	109528	269	0
chr1_KI270765v1_alt	185285	2053	1
chr1_GL383518v1_alt	182439	6447	0
chr1_GL383519v1_alt	110268	5511	0
chr1_GL383520v2_alt	366580	2743	0
chr1_KI270764v1_alt	50258	115	0
chr1_KI270763v1_alt	911658	6753	1
chr1_KI270759v1_alt	425601	1648	0
chr1_KI270761v1_alt	165834	4175	0
chr2_KI270770v1_alt	136240	164	0
chr2_KI270773v1_alt	70887	484	0
chr2_KI270774v1_alt	223625	1324	0
chr2_KI270769v1_alt	120616	1247	0
chr2_GL383521v1_alt	143390	236	0
chr2_KI270772v1_alt	133041	1325	0
chr2_KI270775v1_alt	138019	171	0
chr2_KI270771v1_alt	110395	135	0
chr2_KI270768v1_alt	110099	940	0
chr2_GL582966v2_alt	96131	1144	0
chr2_GL383522v1_alt	123821	3458	0
chr2_KI270776v1_alt	174166	766	0
chr2_KI270767v1_alt	161578	362	0
chr3_JH636055v2_alt	173151	2405	0
chr3_KI270783v1_alt	109187	159	0
chr3_KI270780v1_alt	224108	1213	0
chr3_GL383526v1_alt	180671	1167	0
chr3_KI270777v1_alt	173649	1432	0
chr3_KI270778v1_alt	248252	230	0
chr3_KI270781v1_alt	113034	234	0
chr3_KI270779v1_alt	205312	2139	1
chr3_KI270782v1_alt	162429	890	0
chr3_KI270784v1_alt	184404	1201	0
chr4_KI270790v1_alt	220246	405	0
chr4_GL383528v1_alt	376187	395	1
chr4_KI270787v1_alt	111943	156	0
chr4_GL000257v2_alt	586476	16646	1
chr4_KI270788v1_alt	158965	203	0
chr4_GL383527v1_alt	164536	2809	0
chr4_KI270785v1_alt	119912	161	0
chr4_KI270789v1_alt	205944	635	0
chr4_KI270786v1_alt	244096	170	0
chr5_KI270793v1_alt	126136	518	0
chr5_KI270792v1_alt	179043	1227	0
chr5_KI270791v1_alt	195710	2600	0
chr5_GL383532v1_alt	82728	116	0
chr5_GL949742v1_alt	226852	309	0
chr5_KI270794v1_alt	164558	1336	0
chr5_GL339449v2_alt	1612928	31764	0
chr5_GL383530v1_alt	101241	150	0
chr5_KI270796v1_alt	172708	186	0
chr5_GL383531v1_alt	173459	193	0
chr5_KI270795v1_alt	131892	1573	0
chr6_GL000250v2_alt	4672374	16462	0
chr6_KI270800v1_alt	175808	935	0
chr6_KI270799v1_alt	152148	157	0
chr6_GL383533v1_alt	124736	794	0
chr6_KI270801v1_alt	870480	6128	1
chr6_KI270802v1_alt	75005	120	0
chr6_KB021644v2_alt	185823	213	0
chr6_KI270797v1_alt	197536	2036	1
chr6_KI270798v1_alt	271782	3005	0
chr7_KI270804v1_alt	157952	279	0
chr7_KI270809v1_alt	209586	4769	0
chr7_KI270806v1_alt	158166	2898	0
chr7_GL383534v2_alt	119183	3297	0
chr7_KI270803v1_alt	1111570	35774	3
chr7_KI270808v1_alt	271455	1046	0
chr7_KI270807v1_alt	126434	252	0
chr7_KI270805v1_alt	209988	500	0
chr8_KI270818v1_alt	145606	283	0
chr8_KI270812v1_alt	282736	535	0
chr8_KI270811v1_alt	292436	516	0
chr8_KI270821v1_alt	985506	6889	0
chr8_KI270813v1_alt	300230	14531	0
chr8_KI270822v1_alt	624492	6134	1
chr8_KI270814v1_alt	141812	355	0
chr8_KI270810v1_alt	374415	431	0
chr8_KI270819v1_alt	133535	981	0
chr8_KI270820v1_alt	36640	158	0
chr8_KI270817v1_alt	158983	812	0
chr8_KI270816v1_alt	305841	4980	0
chr8_KI270815v1_alt	132244	1064	0
chr9_GL383539v1_alt	162988	515	0
chr9_GL383540v1_alt	71551	1505	1
chr9_GL383541v1_alt	171286	1298	0
chr9_GL383542v1_alt	60032	521	0
chr9_KI270823v1_alt	439082	2149	0
chr10_GL383545v1_alt	179254	1676	1
chr10_KI270824v1_alt	181496	1727	0
chr10_GL383546v1_alt	309802	2737	0
chr10_KI270825v1_alt	188315	2922	0
chr11_KI270832v1_alt	210133	3143	1
chr11_KI270830v1_alt	177092	1441	0
chr11_KI270831v1_alt	296895	4247	0
chr11_KI270829v1_alt	204059	3195	0
chr11_GL383547v1_alt	154407	210	0
chr11_JH159136v1_alt	200998	6724	0
chr11_JH159137v1_alt	191409	2289	0
chr11_KI270827v1_alt	67707	158	0
chr11_KI270826v1_alt	186169	350	0
chr12_GL877875v1_alt	167313	2039	0
chr12_GL877876v1_alt	408271	7229	0
chr12_KI270837v1_alt	40090	2452	0
chr12_GL383549v1_alt	120804	143	0
chr12_KI270835v1_alt	238139	3479	1
chr12_GL383550v2_alt	169178	1426	0
chr12_GL383552v1_alt	138655	382	0
chr12_GL383553v2_alt	152874	2049	1
chr12_KI270834v1_alt	119498	4414	0
chr12_GL383551v1_alt	184319	258	0
chr12_KI270833v1_alt	76061	2125	0
chr12_KI270836v1_alt	56134	80	0
chr13_KI270840v1_alt	191684	3071	0
chr13_KI270839v1_alt	180306	619	0
chr13_KI270843v1_alt	103832	93	0
chr13_KI270841v1_alt	169134	204	0
chr13_KI270838v1_alt	306913	1426	0
chr13_KI270842v1_alt	37287	55	0
chr14_KI270844v1_alt	322166	5037	1
chr14_KI270847v1_alt	1511111	21771	1
chr14_KI270845v1_alt	180703	587	0
chr14_KI270846v1_alt	1351393	35641	8
chr15_KI270852v1_alt	478999	12432	0
chr15_KI270851v1_alt	263054	13518	1
chr15_KI270848v1_alt	327382	6701	1
chr15_GL383554v1_alt	296527	6502	0
chr15_KI270849v1_alt	244917	3179	0
chr15_GL383555v2_alt	388773	1525	0
chr15_KI270850v1_alt	430880	6566	2
chr16_KI270854v1_alt	134193	975	0
chr16_KI270856v1_alt	63982	157	0
chr16_KI270855v1_alt	232857	3280	0
chr16_KI270853v1_alt	2659700	62062	3
chr16_GL383556v1_alt	192462	3165	0
chr16_GL383557v1_alt	89672	1427	0
chr17_GL383563v3_alt	375691	1008	0
chr17_KI270862v1_alt	391357	2653	0
chr17_KI270861v1_alt	196688	8218	0
chr17_KI270857v1_alt	2877074	107718	5
chr17_JH159146v1_alt	278131	7393	0
chr17_JH159147v1_alt	70345	1600	1
chr17_GL383564v2_alt	133151	4697	0
chr17_GL000258v2_alt	1821992	24457	0
chr17_GL383565v1_alt	223995	273	0
chr17_KI270858v1_alt	235827	428	0
chr17_KI270859v1_alt	108763	279	0
chr17_GL383566v1_alt	90219	213	0
chr17_KI270860v1_alt	178921	1139	0
chr18_KI270864v1_alt	111737	145	0
chr18_GL383567v1_alt	289831	1055	0
chr18_GL383570v1_alt	164789	278	0
chr18_GL383571v1_alt	198278	1715	0
chr18_GL383568v1_alt	104552	170	0
chr18_GL383569v1_alt	167950	186	0
chr18_GL383572v1_alt	159547	377	0
chr18_KI270863v1_alt	167999	912	0
chr19_KI270868v1_alt	61734	699	0
chr19_KI270865v1_alt	52969	450	0
chr19_GL383573v1_alt	385657	4758	0
chr19_GL383575v2_alt	170222	3128	0
chr19_GL383576v1_alt	188024	2514	0
chr19_GL383574v1_alt	155864	1374	0
chr19_KI270866v1_alt	43156	755	0
chr19_KI270867v1_alt	233762	2560	0
chr19_GL949746v1_alt	987716	9560	1
chr20_GL383577v2_alt	128386	291	1
chr20_KI270869v1_alt	118774	1843	0
chr20_KI270871v1_alt	58661	810	0
chr20_KI270870v1_alt	183433	3094	0
chr21_GL383578v2_alt	63917	106	0
chr21_KI270874v1_alt	166743	206	0
chr21_KI270873v1_alt	143900	399	0
chr21_GL383579v2_alt	201197	276	0
chr21_GL383580v2_alt	74653	388	0
chr21_GL383581v2_alt	116689	3384	0
chr21_KI270872v1_alt	82692	772	0
chr22_KI270875v1_alt	259914	5852	0
chr22_KI270878v1_alt	186262	1096	0
chr22_KI270879v1_alt	304135	4038	0
chr22_KI270876v1_alt	263666	3177	0
chr22_KI270877v1_alt	101331	1049	0
chr22_GL383583v2_alt	96924	911	0
chr22_GL383582v2_alt	162811	2738	0
chrX_KI270880v1_alt	284869	552	1
chrX_KI270881v1_alt	144206	1173	0
chr19_KI270882v1_alt	248807	725	0
chr19_KI270883v1_alt	170399	1659	0
chr19_KI270884v1_alt	157053	760	0
chr19_KI270885v1_alt	171027	1851	0
chr19_KI270886v1_alt	204239	728	0
chr19_KI270887v1_alt	209512	1553	0
chr19_KI270888v1_alt	155532	992	0
chr19_KI270889v1_alt	170698	1761	0
chr19_KI270890v1_alt	184499	673	0
chr19_KI270891v1_alt	170680	1846	0
chr1_KI270892v1_alt	162212	4242	0
chr2_KI270894v1_alt	214158	4263	0
chr2_KI270893v1_alt	161218	331	0
chr3_KI270895v1_alt	162896	1462	0
chr4_KI270896v1_alt	378547	3889	0
chr5_KI270897v1_alt	1144418	22770	2
chr5_KI270898v1_alt	130957	1856	0
chr6_GL000251v2_alt	4795265	48935	3
chr7_KI270899v1_alt	190869	327	0
chr8_KI270901v1_alt	136959	223	0
chr8_KI270900v1_alt	318687	791	0
chr11_KI270902v1_alt	106711	16434	2
chr11_KI270903v1_alt	214625	2411	2
chr12_KI270904v1_alt	572349	12186	2
chr15_KI270906v1_alt	196384	3653	0
chr15_KI270905v1_alt	5161414	59228	1
chr17_KI270907v1_alt	137721	374	0
chr17_KI270910v1_alt	157099	1112	0
chr17_KI270909v1_alt	325800	32003	1
chr17_JH159148v1_alt	88070	1316	0
chr17_KI270908v1_alt	1423190	24379	0
chr18_KI270912v1_alt	174061	234	0
chr18_KI270911v1_alt	157710	387	0
chr19_GL949747v2_alt	729520	4875	0
chr22_KB663609v1_alt	74013	722	0
chrX_KI270913v1_alt	274009	619	1
chr19_KI270914v1_alt	205194	1067	0
chr19_KI270915v1_alt	170665	1848	0
chr19_KI270916v1_alt	184516	761	0
chr19_KI270917v1_alt	190932	2005	0
chr19_KI270918v1_alt	123111	1246	0
chr19_KI270919v1_alt	170701	2061	0
chr19_KI270920v1_alt	198005	1540	0
chr19_KI270921v1_alt	282224	868	0
chr19_KI270922v1_alt	187935	2101	0
chr19_KI270923v1_alt	189352	1625	0
chr3_KI270924v1_alt	166540	1782	0
chr4_KI270925v1_alt	555799	1179	0
chr6_GL000252v2_alt	4604811	44190	3
chr8_KI270926v1_alt	229282	778	0
chr11_KI270927v1_alt	218612	8427	1
chr19_GL949748v2_alt	1064304	2643	0
chr22_KI270928v1_alt	176103	2692	0
chr19_KI270929v1_alt	186203	2107	0
chr19_KI270930v1_alt	200773	847	0
chr19_KI270931v1_alt	170148	2581	0
chr19_KI270932v1_alt	215732	1068	0
chr19_KI270933v1_alt	170537	1412	0
chr19_GL000209v2_alt	177381	579	0
chr3_KI270934v1_alt	163458	1411	0
chr6_GL000253v2_alt	4677643	33032	0
chr19_GL949749v2_alt	1091841	2668	0
chr3_KI270935v1_alt	197351	1876	0
chr6_GL000254v2_alt	4827813	40181	3
chr19_GL949750v2_alt	1066390	2360	0
chr3_KI270936v1_alt	164170	1434	0
chr6_GL000255v2_alt	4606388	45722	3
chr19_GL949751v2_alt	1002683	3144	0
chr3_KI270937v1_alt	165607	1679	0
chr6_GL000256v2_alt	4929269	41314	0
chr19_GL949752v1_alt	987100	10409	1
chr6_KI270758v1_alt	76752	247	0
chr19_GL949753v2_alt	796479	5609	0
chr19_KI270938v1_alt	1066800	12025	1
chrM	16569	23411	1
chrUn_KI270302v1	2274	1	0
chrUn_KI270304v1	2165	1	0
chrUn_KI270303v1	1942	6	0
chrUn_KI270305v1	1472	4	0
chrUn_KI270322v1	21476	17	0
chrUn_KI270320v1	4416	26	0
chrUn_KI270310v1	1201	19	0
chrUn_KI270316v1	1444	3	0
chrUn_KI270315v1	2276	0	0
chrUn_KI270312v1	998	2	0
chrUn_KI270311v1	12399	6	0
chrUn_KI270317v1	37690	2	0
chrUn_KI270412v1	1179	2	0
chrUn_KI270411v1	2646	2	0
chrUn_KI270414v1	2489	2	0
chrUn_KI270419v1	1029	0	0
chrUn_KI270418v1	2145	5	0
chrUn_KI270420v1	2321	9	0
chrUn_KI270424v1	2140	0	0
chrUn_KI270417v1	2043	2	0
chrUn_KI270422v1	1445	0	0
chrUn_KI270423v1	981	0	0
chrUn_KI270425v1	1884	3	0
chrUn_KI270429v1	1361	10	0
chrUn_KI270442v1	392061	7215	10
chrUn_KI270466v1	1233	811	0
chrUn_KI270465v1	1774	17	0
chrUn_KI270467v1	3920	2789	0
chrUn_KI270435v1	92983	428	1
chrUn_KI270438v1	112505	5732	7
chrUn_KI270468v1	4055	3	0
chrUn_KI270510v1	2415	26	0
chrUn_KI270509v1	2318	15	0
chrUn_KI270518v1	2186	9	0
chrUn_KI270508v1	1951	15	0
chrUn_KI270516v1	1300	6	0
chrUn_KI270512v1	22689	106	0
chrUn_KI270519v1	138126	566	0
chrUn_KI270522v1	5674	17	0
chrUn_KI270511v1	8127	22	0
chrUn_KI270515v1	6361	44	0
chrUn_KI270507v1	5353	19	0
chrUn_KI270517v1	3253	16	0
chrUn_KI270529v1	1899	8	0
chrUn_KI270528v1	2983	0	0
chrUn_KI270530v1	2168	0	0
chrUn_KI270539v1	993	0	0
chrUn_KI270538v1	91309	370	0
chrUn_KI270544v1	1202	8	0
chrUn_KI270548v1	1599	0	0
chrUn_KI270583v1	1400	1	0
chrUn_KI270587v1	2969	106	0
chrUn_KI270580v1	1553	13	0
chrUn_KI270581v1	7046	15	0
chrUn_KI270579v1	31033	31	0
chrUn_KI270589v1	44474	288	1
chrUn_KI270590v1	4685	41	0
chrUn_KI270584v1	4513	25	0
chrUn_KI270582v1	6504	27	0
chrUn_KI270588v1	6158	18	0
chrUn_KI270593v1	3041	9	0
chrUn_KI270591v1	5796	73	0
chrUn_KI270330v1	1652	187	0
chrUn_KI270329v1	1040	0	0
chrUn_KI270334v1	1368	6	0
chrUn_KI270333v1	2699	212	0
chrUn_KI270335v1	1048	2	0
chrUn_KI270338v1	1428	3	0
chrUn_KI270340v1	1428	12	0
chrUn_KI270336v1	1026	47	0
chrUn_KI270337v1	1121	190	0
chrUn_KI270363v1	1803	1	0
chrUn_KI270364v1	2855	2	0
chrUn_KI270362v1	3530	5	0
chrUn_KI270366v1	8320	20	0
chrUn_KI270378v1	1048	0	0
chrUn_KI270379v1	1045	0	0
chrUn_KI270389v1	1298	1	0
chrUn_KI270390v1	2387	0	0
chrUn_KI270387v1	1537	0	0
chrUn_KI270395v1	1143	6	0
chrUn_KI270396v1	1880	1	0
chrUn_KI270388v1	1216	1	0
chrUn_KI270394v1	970	2	0
chrUn_KI270386v1	1788	0	0
chrUn_KI270391v1	1484	0	0
chrUn_KI270383v1	1750	0	0
chrUn_KI270393v1	1308	7	0
chrUn_KI270384v1	1658	3	0
chrUn_KI270392v1	971	0	0
chrUn_KI270381v1	1930	1	0
chrUn_KI270385v1	990	2	0
chrUn_KI270382v1	4215	16	0
chrUn_KI270376v1	1136	2	0
chrUn_KI270374v1	2656	4	0
chrUn_KI270372v1	1650	0	0
chrUn_KI270373v1	1451	0	0
chrUn_KI270375v1	2378	2	0
chrUn_KI270371v1	2805	0	0
chrUn_KI270448v1	7992	39	0
chrUn_KI270521v1	7642	10	0
chrUn_GL000195v1	182896	1238	0
chrUn_GL000219v1	179198	3268	0
chrUn_GL000220v1	161802	14911	1
chrUn_GL000224v1	179693	3027	0
chrUn_KI270741v1	157432	327	0
chrUn_GL000226v1	15008	193	0
chrUn_GL000213v1	164239	2451	0
chrUn_KI270743v1	210658	1572	0
chrUn_KI270744v1	168472	12889	1
chrUn_KI270745v1	41891	658	0
chrUn_KI270746v1	66486	4588	1
chrUn_KI270747v1	198735	1107	0
chrUn_KI270748v1	93321	282	0
chrUn_KI270749v1	158759	840	0
chrUn_KI270750v1	148850	1171	0
chrUn_KI270751v1	150742	4748	1
chrUn_KI270752v1	27745	1	0
chrUn_KI270753v1	62944	251	0
chrUn_KI270754v1	40191	418	0
chrUn_KI270755v1	36723	31	0
chrUn_KI270756v1	79590	404	2
chrUn_KI270757v1	71251	470	0
chrUn_GL000214v1	137718	6155	0
chrUn_KI270742v1	186739	7598	0
chrUn_GL000216v2	176608	5485	17
chrUn_GL000218v1	161147	1800	0
chrX	156040895	2586832	113
chrY	57227415	40138	89
chrY_KI270740v1_random	37240	0	0
*	0	0	21406
