# This file was produced by samtools stats (1.23+htslib-1.23) and can be plotted using plot-bamstats
# This file contains statistics for all reads.
# The command line was:  stats data/AFR/YRI/NA18498/aligned/NA18498.bam
# CHK, Checksum	[2]Read Names	[3]Sequences	[4]Qualities
# CHK, CRC32 of reads which passed filtering followed by addition (32bit overflow)
CHK	57280407	6bf8ad63	b75e3932
# Summary Numbers. Use `grep ^SN | cut -f 2-` to extract this part.
SN	raw total sequences:	79374090	# excluding supplementary and secondary reads
SN	filtered sequences:	0
SN	sequences:	79374090
SN	is sorted:	1	# sorted by coordinate
SN	1st fragments:	39687045
SN	last fragments:	39687045
SN	reads mapped:	79134455
SN	reads mapped and paired:	79129872	# paired-end technology bit set + both mates mapped
SN	reads unmapped:	239635
SN	reads properly paired:	78879710	# proper-pair bit set
SN	reads paired:	79374090	# paired-end technology bit set
SN	reads duplicated:	0	# PCR or optical duplicate bit set
SN	reads MQ0:	7431343	# mapped and MQ=0
SN	reads QC failed:	0
SN	non-primary alignments:	0
SN	supplementary alignments:	42646
SN	total length:	6018038050	# ignores clipping
SN	total first fragment length:	3009019025	# ignores clipping
SN	total last fragment length:	3009019025	# ignores clipping
SN	bases mapped:	5999871834	# ignores clipping
SN	bases mapped (cigar):	5963656256	# more accurate
SN	bases trimmed:	0
SN	bases duplicated:	0
SN	mismatches:	40257385	# from NM fields
SN	error rate:	6.750454e-03	# mismatches / bases mapped (cigar)
SN	average length:	76
SN	average first fragment length:	76
SN	average last fragment length:	76
SN	maximum length:	76
SN	maximum first fragment length:	76
SN	maximum last fragment length:	76
SN	average quality:	34.4
SN	insert size average:	144.0
SN	insert size standard deviation:	47.1
SN	inward oriented pairs:	39427320
SN	outward oriented pairs:	49769
SN	pairs with other orientation:	7274
SN	pairs on different chromosomes:	80573
SN	percentage of properly paired reads (%):	99.4
# First Fragment Qualities. Use `grep ^FFQ | cut -f 2-` to extract this part.
# Columns correspond to qualities and rows to cycles. First column is the cycle number.
FFQ	1	75150	0	0	0	0	0	0	0	1298	439	1398	1785	1512	2346	15298	1276	2406	3038	3748	2975	17355	3113	14233	31341	28639	19728	1550	49525	76603	86780	30208	174261	41793	261558	193521	606827	933999	1535054	5039126	30409444	19718	0
FFQ	2	58816	0	0	0	0	58	581	1011	1496	2914	3673	5816	3262	7290	8769	4137	6686	7421	11323	11509	18545	26642	18595	40599	38468	41508	40255	46399	81404	72886	75650	163171	93351	287483	280952	592175	1168376	2242471	4283741	29930023	9589	0
FFQ	3	673	0	0	0	14	123	1155	1055	2487	3790	4801	7839	3893	9033	8083	6746	10054	10207	17892	17249	19623	36948	19237	39351	42404	42131	41532	54292	75973	74057	82499	161874	99127	293646	294902	590508	1183360	2323560	4276524	29821559	8844	0
FFQ	4	1880	0	0	0	38	227	1372	1537	3757	4705	5489	8163	4648	9232	9132	8373	11294	12363	19040	19392	20350	38764	20706	38720	41898	41899	41667	62513	75327	75069	87652	165014	106575	319562	321199	613735	1289376	2458929	4246980	29493592	6876	0
FFQ	5	957	0	0	0	53	255	1615	2129	3952	4816	5435	8465	5386	9809	8939	10360	12062	14194	22366	19824	22059	38829	22290	36913	43259	42600	42259	68175	71940	73532	89317	164933	105509	334403	326584	609508	1308484	2504578	4247167	29398127	5962	0
FFQ	6	150	0	0	0	123	362	1727	2853	4166	4551	5058	6550	5407	8199	8209	9148	9755	14581	16614	19501	22810	31604	24509	40568	47128	45011	50786	87904	72449	68283	102493	167442	102878	378260	325517	629654	1342560	2615597	4099268	29313619	1751	0
FFQ	7	20	0	0	0	211	301	1797	2582	3965	4943	5616	7455	5659	8643	9919	8981	9806	15283	17049	20886	23916	34984	27915	45140	48153	48709	53766	86651	87462	75773	118995	185738	111721	420422	341262	693353	1452589	2698318	4177033	28830006	2023	0
FFQ	8	11	0	0	0	186	263	1189	1992	2929	4317	4754	6171	5270	8876	9907	8445	9612	15420	17045	21506	24139	36086	29594	47416	49580	49991	56619	87674	92272	81278	128492	193505	120970	453198	364232	735403	1549377	2855357	4208614	28403416	1939	0
FFQ	9	0	0	0	0	302	228	1486	2283	3267	5258	5606	6974	5795	9500	10846	8794	9881	16222	18592	23426	25762	39095	31577	50972	52038	54000	61569	91659	102988	88002	144696	210766	131632	509813	389588	788364	1646341	3011322	4277464	27849000	1937	0
FFQ	10	0	0	0	0	413	353	1911	3030	4161	6628	7433	8851	7519	11610	14000	10340	10711	18575	20350	26400	28527	43498	34755	56261	56160	57985	66947	96841	116080	93354	163406	223308	144295	565989	413941	828185	1729668	3158487	4319837	27335499	1737	0
FFQ	11	0	0	0	0	384	553	2898	3721	5190	5452	6606	7522	6244	9342	8896	12360	10619	16974	19561	21717	23599	33442	30658	36832	45956	51829	63260	84358	88452	84582	154461	234178	141909	491595	408485	832986	1674618	3234777	3825178	28005585	2266	0
FFQ	12	0	0	0	0	400	433	2046	2910	4210	5239	6099	6861	5880	8881	9179	11149	9704	16013	19072	21424	23316	34797	31739	40076	47186	53797	63580	88183	98879	94356	167814	244124	156281	530361	433728	897253	1769978	3362930	3827707	27589058	2402	0
FFQ	13	0	0	0	0	361	339	1802	2831	3936	5461	6499	7195	6132	9316	10232	10986	9686	16887	19757	22831	24620	37333	33170	43346	49797	56271	67303	92810	109333	100910	182286	255985	167425	571134	452250	942519	1844175	3465063	3840982	27213471	2611	0
FFQ	14	0	0	0	0	449	308	1681	2730	3512	5347	6701	7507	6225	9972	10650	10891	9779	17227	20339	23991	26269	39818	35317	45229	54013	60204	72053	100511	115260	109133	203551	267302	185477	626859	493484	1010906	1963203	3731685	3703556	26703543	2363	0
FFQ	15	1	0	0	0	486	328	1618	2958	3533	5945	7260	7596	6766	10634	11127	11266	9840	17829	20570	25647	27705	41690	36966	46916	57069	62821	75071	105283	122243	113755	216029	275184	195221	665394	512675	1042251	2028933	3850009	3718613	26347531	2282	0
FFQ	16	0	0	0	0	723	998	4145	5250	7268	7543	9130	10246	8294	12772	11348	16962	14009	21947	26058	28283	32553	40606	39583	43913	60680	67513	82135	110116	112633	114518	221948	278234	201444	668757	536906	1041671	2065221	3974354	3752606	26054394	2284	0
FFQ	17	0	0	0	0	717	724	3088	4504	5578	7724	9302	10237	8376	12735	12385	15239	13037	22090	25310	29736	33626	45126	42379	49502	65379	72111	86377	117955	130278	128246	244834	296634	222377	732910	569231	1123811	2183619	4120103	3799245	25439780	2740	0
FFQ	18	5	0	0	0	599	582	2771	4077	5056	7314	9335	10116	8406	12310	13006	14481	13057	21173	25338	29605	32754	44864	43351	49724	65766	71724	85084	121298	128769	136709	256251	291139	253132	733876	627211	1251065	2379973	4654798	3246291	25033983	2052	0
FFQ	19	0	0	0	0	659	579	2361	4237	4930	7541	9465	10234	8850	13439	13783	14694	13176	22075	25856	31333	33932	48127	45336	52087	69117	75187	89655	127803	136465	143428	273933	303157	266286	781262	654767	1291414	2461523	4822782	3240571	24585033	1968	0
FFQ	20	0	0	3	0	590	505	2074	3923	4184	7298	9148	9619	8371	13257	13553	14441	13174	22257	26671	32390	35651	48700	47026	53380	72941	78112	93525	135630	141551	149287	290006	312365	280844	821526	692282	1345099	2551742	5005121	3179503	24169390	1906	0
FFQ	21	0	0	42	0	900	1246	4404	5539	8079	8168	10512	11586	9520	14797	12851	18714	16287	24839	28639	32753	39278	44523	48058	48657	73314	78512	96296	132062	130082	139737	288998	305502	272720	821684	698259	1314512	2553655	5068472	3264894	24057227	1727	0
FFQ	22	0	0	72	0	849	893	3243	5308	6380	8810	11317	11966	9932	15607	14085	17652	15366	25615	29899	35092	41952	50836	51415	53405	80474	85444	102497	147680	150013	158109	324864	329190	308924	909595	765677	1429373	2734065	5372579	3196402	23180471	1994	0
FFQ	23	15	0	111	0	949	765	2858	5408	5660	9337	11798	12274	10336	16442	14746	17511	15324	25870	30981	37183	43943	54559	54398	57132	86576	89827	108184	159103	162362	169847	349454	346119	330838	969316	810544	1494361	2844602	5514589	3182467	22639183	2073	0
FFQ	24	0	0	199	0	936	717	2639	5448	5038	9373	12128	12110	10546	16974	15370	17510	15397	26469	30858	38734	45136	57127	56212	59804	90900	92928	112532	166901	170755	177006	368002	358346	346423	1022227	847801	1549615	2952758	5711007	3140266	22138958	1895	0
FFQ	25	0	0	332	0	1030	737	2492	5762	4888	9565	12772	12563	10889	18554	16509	17881	15686	27681	31885	40605	48726	60474	59153	62856	95852	97161	118569	176621	181119	185665	390041	373946	364044	1078936	883699	1599384	3038472	5839186	3166324	21635015	1971	0
FFQ	26	0	0	594	0	1816	2643	7194	8953	11821	12232	16962	18215	13158	25302	16560	25330	22753	33066	37040	47007	65966	58461	67527	60912	105394	113837	135605	190935	181167	201954	421185	393454	399060	1132112	971548	1672668	3191193	6117718	3262911	20640558	2234	0
FFQ	27	0	0	670	0	1667	1755	4763	7783	8906	12349	16738	17884	13898	26268	18117	23483	21157	33510	37212	48528	66894	65839	70791	68064	113447	119446	142092	208234	202914	224114	452876	419815	434409	1208640	1026736	1773789	3324552	6315229	3297749	19853569	3158	0
FFQ	28	0	0	787	0	1675	1380	4087	8004	7227	12289	16569	17369	13838	27600	19213	23275	20493	34832	38522	50928	69149	70524	74452	72037	121385	125131	149545	223125	217468	242056	486114	440955	468918	1285301	1094189	1860698	3477134	6544558	3235612	19127680	2926	0
FFQ	29	0	0	975	0	1759	1325	4074	8776	7085	12574	17345	17669	14424	29854	20428	23665	20815	36257	39254	54149	73232	75373	78479	76006	130396	132138	157968	236929	231939	254215	516032	455614	491972	1352216	1139677	1914229	3571870	6669764	3224417	18591257	2894	0
FFQ	30	0	0	1308	0	1886	1350	4220	9772	6991	13904	19565	19028	15295	33055	21436	25554	21734	38221	42259	58193	78668	80410	84264	80046	140143	140018	167097	255579	246462	269079	553831	480493	524874	1440848	1209948	1996425	3715792	6890600	3088191	17907892	2614	0
FFQ	31	0	0	1775	0	3205	4584	10927	12510	15689	17274	23230	24618	17263	35779	22031	35829	31581	45240	49094	65845	94018	77161	92624	79516	146464	157199	181306	263939	241787	285849	569452	502560	559547	1457807	1299684	2095620	3908130	6969805	3250856	17033939	3308	0
FFQ	32	0	0	1671	0	2994	3101	8088	13221	12426	18169	24560	25983	18371	40206	23348	34393	30645	47234	51851	70087	98493	87930	99931	88516	163126	168743	194912	294848	271630	321523	623010	541988	615873	1576225	1384834	2224302	4093172	7222751	3210081	15968629	4385	0
FFQ	33	0	0	1625	0	3082	2811	7303	14087	11151	19222	26756	27241	19533	44911	26083	34763	30831	49551	53136	75837	105153	96568	107177	96599	174874	179046	206576	315579	294651	343082	666014	570599	651059	1662587	1446632	2298028	4188264	7307719	3169822	15343316	4279	0
FFQ	34	0	0	1640	0	3367	2724	7349	16218	10868	20669	30292	29480	21223	50496	28371	36670	33088	53510	57203	82698	114380	106036	115502	104017	193407	191966	224125	342611	319692	367338	719982	600583	695823	1772796	1533515	2382956	4331978	7463603	3029384	14571140	3933	0
FFQ	35	0	0	1807	0	3437	2604	7015	17122	10325	22073	31187	30089	21816	54012	30030	37976	33889	54779	58579	86455	118527	111636	120029	108076	201379	198317	232951	356383	336981	379650	750973	624883	717222	1844653	1568249	2424560	4395992	7517106	3031435	14120216	3693	0
FFQ	36	0	0	2150	0	5941	8811	18667	20462	23957	26923	35862	38286	24984	58731	31422	53346	48239	65991	70128	98173	142764	110330	135314	112843	214715	227842	256699	376382	335701	418539	779073	667159	790864	1872896	1720253	2604368	4704846	7575968	3071139	12908670	3804	0
FFQ	37	0	0	2058	0	5764	6428	14858	22858	19721	29659	39866	42035	26387	68147	33639	53855	48614	71724	74975	108834	155949	127931	151458	128354	243159	247564	280345	427467	381501	469243	860527	722230	864262	2022713	1823027	2732347	4847774	7678380	3000086	11819931	5089	0
FFQ	38	0	0	2071	0	6017	5875	13648	25756	17934	31190	43622	45063	28453	76277	36978	55653	50985	76245	79953	118191	165246	141383	163535	139345	265510	264377	301680	462605	414951	505075	923504	767163	921862	2138462	1916914	2826159	4968873	7733294	2860507	11056294	4793	0
FFQ	39	0	0	2157	0	6335	5411	13214	28909	16814	34124	47715	47348	30371	83499	40179	57811	54159	79847	84308	127184	175991	152151	173047	147416	284465	277926	319162	491859	443977	529688	973146	804049	959565	2235140	1976941	2888120	5027106	7711157	2796048	10521389	4522	0
FFQ	40	0	0	2653	0	7011	5599	13914	34278	17412	37946	54547	52954	32491	94931	43321	63490	58824	87650	90643	140180	193068	166890	186881	159107	310416	297830	343189	529178	477202	560228	1041696	840677	1004430	2357841	2057492	2933773	5103858	7695531	2648085	9899935	4091	0
FFQ	41	0	0	3714	0	11954	17611	34091	35829	38401	45607	58755	65550	36316	102041	45937	84393	76888	101366	103025	156241	228424	165460	205937	165982	320579	334768	371287	543899	480608	603111	1064252	897814	1083786	2351498	2191164	3076353	5281223	7446685	2669876	9142455	3682	0
FFQ	42	0	0	3799	0	9028	10605	23539	33813	28498	43267	58830	62973	35900	105402	45511	74235	66878	96169	98556	148995	218733	168923	198475	170714	313682	328563	363927	538267	481761	613740	1028482	882014	1074563	2261557	2083027	3071123	5186411	7450272	3097042	9159328	7555	0
FFQ	43	0	0	4251	0	8836	8831	20858	36606	24425	44901	61268	65031	37822	112747	49494	74388	68805	100120	102099	158732	225827	183725	210420	184071	333794	343906	382464	572481	513894	652902	1078205	918932	1128645	2334079	2140968	3129803	5210823	7404354	3028094	8677761	7451	0
FFQ	44	0	0	5455	0	9068	8262	19956	45432	22788	47975	69263	73282	39340	126476	54317	77550	75713	104336	107200	171576	239914	198456	222689	196567	357057	359789	403520	602349	544642	679022	1128640	952285	1165593	2417812	2191391	3173218	5244094	7339770	2969765	8187499	7542	0
FFQ	45	8	0	8356	0	9248	7998	18750	45143	21571	49802	69174	71557	40414	133192	57864	79897	73377	109820	110830	177489	248540	210744	233224	208351	372008	375178	419978	628132	571759	701766	1170850	988855	1189640	2499643	2214260	3194879	5247596	7258406	2958453	7853284	7545	0
FFQ	46	0	0	15024	0	14821	22224	42933	43224	45644	54410	72563	81243	44446	134403	54917	103524	94451	122796	125892	190701	286047	207178	249097	210774	377589	417297	453145	647846	571943	773741	1210680	1088778	1337610	2451085	2363027	3352238	5375919	6955163	2855056	7181818	6394	0
FFQ	47	0	0	66928	0	14823	17311	36976	51663	39339	62191	84425	94875	47743	158279	60735	105575	97738	134277	133687	210968	306850	233148	273341	235058	417531	440502	485203	710201	629040	830316	1301255	1154208	1404367	2580594	2415071	3428637	5379806	6844080	2772730	6366480	7983	0
FFQ	48	0	0	184783	0	14177	14170	33538	59399	34205	66870	92086	102866	51969	176070	68405	106910	101920	140705	139114	227386	323229	255875	291564	254617	447480	461380	510511	748696	667560	865910	1368866	1207829	1460486	2675333	2479297	3470982	5361609	6703629	2650458	5804484	7855	0
FFQ	49	0	0	393485	0	13471	12049	28641	60251	29347	65687	90880	99893	50624	178732	71138	103537	98960	139449	138229	226971	320360	259427	291903	258701	449699	463443	512087	754611	678814	871102	1406899	1231122	1494605	2719010	2509011	3506341	5365191	6626575	2610421	5492274	7622	0
FFQ	50	0	0	771870	0	12697	11506	26621	59664	27279	65040	87913	96713	49781	180288	72981	103437	97864	140077	139392	230096	321658	270351	297653	264985	461395	469900	520310	770584	693956	874883	1456516	1266783	1513368	2799975	2531563	3491463	5319411	6451762	2520300	5151605	7292	0
FFQ	51	0	0	1367996	0	19190	28668	53530	52352	52522	64396	87034	103740	52494	172372	63690	126151	116784	148733	150224	236362	352784	255016	303296	256586	450309	504980	544459	769808	683590	945813	1409975	1314141	1606275	2627504	2627353	3593726	5404790	6140312	2414911	4518197	7137	0
FFQ	52	0	0	1506841	0	19126	22756	49072	66450	46592	77375	105439	126548	56925	213590	72793	131363	123877	165997	160969	266599	386508	290554	336702	288060	506276	535830	586239	845329	753134	1004432	1507501	1375446	1661623	2776205	2655638	3625918	5313458	5878146	2255920	3822365	7813	0
FFQ	53	4660	0	1707216	0	17694	18030	41242	73099	38679	79684	109771	130101	59552	228723	82412	125142	119604	164727	159579	270633	386792	304108	340722	302081	509547	538606	594698	851256	777310	1009577	1527431	1407575	1676083	2807793	2618856	3649398	5246094	5736635	2344015	3555821	8431	0
FFQ	54	2572	0	2041988	0	16960	15333	37117	78037	34265	81364	111617	131757	60247	238181	87932	124848	119835	167132	160987	277263	389825	316999	348562	314651	522191	545941	602176	867957	797487	1015193	1570802	1436052	1708843	2859624	2642525	3639219	5164800	5548651	2254471	3279650	8074	0
FFQ	55	840	0	2602849	0	15601	14364	33012	73657	30158	76875	102522	123003	56792	232372	90075	118929	115559	162547	156013	272171	379271	321966	344516	316510	516616	537796	595236	861534	797037	995545	1600062	1458815	1702921	2910511	2625492	3608620	5078335	5386486	2211649	3084600	7780	0
FFQ	56	0	0	3474009	0	22668	34926	63836	59381	60259	71918	99212	124739	62273	212776	72720	142354	137508	170685	175209	275126	413445	302557	348533	299943	504243	581964	622071	866214	776530	1096910	1513173	1511813	1815169	2650323	2711105	3682543	5093712	5017274	1983430	2557770	7313	0
FFQ	57	0	0	3668979	0	20761	25529	54311	71436	48955	80647	111221	141140	62364	244792	81369	143391	137569	181763	178666	297363	429858	329935	378446	332095	546548	603716	651517	926075	834956	1151666	1589847	1563818	1865211	2754593	2710392	3730339	4962378	4731524	1837007	2124741	7411	0
FFQ	58	0	0	3960530	0	20748	22724	51741	88994	43883	92238	128000	163422	68388	285963	97669	149591	146876	195295	187402	324650	459435	364689	406759	360947	583424	631265	682223	971687	884063	1179058	1654558	1596879	1900721	2813202	2700613	3652947	4749356	4430054	1714082	1837229	6898	0
FFQ	59	0	0	4412013	0	20331	20063	47667	96792	39879	96410	131559	168462	69929	302048	108169	148921	147714	198161	188865	333461	464721	381924	414846	376824	593429	633732	689000	979144	900423	1166796	1690283	1620534	1910013	2843320	2677383	3595368	4597289	4213020	1653976	1664020	6548	0
FFQ	60	0	0	5168846	0	18442	17827	40037	85410	33761	86499	113700	149743	63561	278288	105037	138737	138852	188560	179834	317240	439037	377603	402109	373833	575232	616834	670427	957119	888296	1138702	1713485	1633270	1903978	2866980	2648388	3546988	4495219	4063386	1606665	1548314	6248	0
FFQ	61	0	0	6331262	0	24818	38878	73112	65543	64879	76498	110227	147154	68852	252063	77276	159591	158984	189271	196886	315973	470986	349316	389202	336724	550496	645772	688750	939321	859762	1220599	1581346	1662319	1964536	2550603	2668948	3527218	4391061	3720913	1404043	1309140	6261	0
FFQ	62	0	0	6577614	0	22671	28947	63491	81543	52665	88341	126033	170991	68783	295896	90988	161789	160339	203803	198516	344863	494803	383498	425433	374077	601023	674041	720927	1007277	927338	1277160	1669487	1710233	2011164	2644724	2647993	3502881	4166780	3370713	1209027	1017065	5278	0
FFQ	63	0	0	6939767	0	20954	23715	55951	93325	43755	93626	132355	180572	70173	317604	103792	159341	162713	207263	198901	357149	500448	402490	440257	397645	614017	680856	732810	1023728	949012	1283276	1696445	1727681	2030489	2655681	2588160	3433929	3995129	3182899	1168038	896330	4946	0
FFQ	64	0	0	7534172	0	17008	17109	43395	86080	34829	88319	124047	174550	67101	338096	117946	131489	139249	182514	172409	324968	482154	387078	398583	389211	555767	636316	698385	930422	926683	1168535	1660612	1720708	1932816	2660733	2407141	3441038	4041740	3212889	1385142	913406	6482	0
FFQ	65	0	0	8715630	0	14957	15656	34210	69384	28184	72739	97701	144467	57323	281905	107420	118632	128456	166746	159868	300975	434911	372871	377966	376454	525043	603069	657532	892195	885083	1115004	1677090	1724443	1917377	2660567	2373105	3349585	3887044	3037621	1311271	830284	6239	0
FFQ	66	0	0	10597659	0	16400	27749	55350	47523	48694	57295	89116	128529	57677	239024	64688	131345	141768	162294	177119	287015	458255	336693	351259	316233	491690	627007	676474	886063	847988	1225835	1498613	1733856	1939383	2236705	2309207	3231944	3599637	2645894	1060684	694987	5979	0
FFQ	67	0	0	10937427	0	16902	22501	53630	64764	41387	72676	109699	163336	59991	309674	88059	134124	141457	173405	173500	313963	486880	365605	383268	354101	526051	636531	697754	918028	902835	1225139	1564444	1769388	1919442	2324077	2218933	3130011	3356873	2346824	922215	543468	4765	0
FFQ	68	0	0	11476288	0	15930	18036	47792	76972	34667	80440	118188	177202	63024	345374	112614	129306	138588	176100	167754	321652	488957	384095	392684	378072	523281	625963	692994	901206	914847	1179638	1574589	1772725	1890247	2326425	2111149	3033181	3200179	2175435	897383	468061	4674	0
FFQ	69	0	0	12428052	0	14304	15287	41087	76378	28224	76305	110543	168754	60364	331823	122522	119946	131628	167635	157416	307363	459109	379223	378642	382905	496536	589865	657777	846822	878191	1093348	1576481	1765211	1875521	2306139	2038532	2935022	3058072	2033645	863941	413134	4393	0
FFQ	70	0	0	14318851	0	9850	11490	25239	42061	18223	46537	63157	104122	39411	204692	85478	93906	106810	134936	128669	244799	361356	320575	315326	333843	408176	500267	548303	719979	744158	932890	1569379	1757435	1844493	2296650	1985239	2874377	2971576	1945158	845448	378590	4249	0
FFQ	71	0	0	18206935	0	5697	10720	23788	16602	20451	23772	44525	63323	32546	130268	39635	116183	158733	162265	212208	257803	416889	362466	374768	359900	460217	693755	653160	993826	783280	1409043	1286572	1705999	1728762	1486056	1522074	2273383	1854465	921944	360232	96704	2657	0
FFQ	72	773	0	18537227	0	7074	11227	29354	26109	20716	33625	61619	92376	35854	192732	61332	118938	151374	165892	201100	280189	452275	377207	410521	394990	474199	704680	691160	992871	821508	1378528	1309364	1707347	1649728	1518648	1418683	2062788	1659294	776109	296280	71908	1780	0
FFQ	73	1011	0	19008495	0	6794	9288	27978	32661	17518	39485	66748	103349	37682	222220	82484	116283	147657	164466	190950	287808	459600	381951	424924	416225	469533	692655	692743	957842	819517	1295495	1297631	1687654	1566515	1516224	1329156	1941390	1567122	698796	274938	57624	1548	0
FFQ	74	0	0	19760568	0	4803	5966	19499	29647	11253	33028	53261	84775	32627	185762	87669	114207	146617	163122	183308	283011	448400	379798	424451	424593	451725	662602	672383	912804	779917	1207426	1285300	1667905	1522655	1496658	1265785	1836088	1461086	625277	243273	44923	1182	0
FFQ	75	0	0	21192337	0	1277	2383	4276	3726	3882	7050	10429	18271	10043	32261	17842	169515	252340	238687	245278	374366	523258	474218	471806	419227	488560	707974	665799	913988	708775	1146458	1224229	1375821	1509366	1183885	1141585	1506291	1117437	531253	167176	41478	846	0
FFQ	76	0	0	23007030	0	0	0	0	0	0	0	0	0	0	0	0	714149	653818	835259	664123	471000	669699	888110	599595	607013	720962	738326	607712	967845	366614	932363	530480	1089898	500976	782478	607453	815670	592629	231998	153948	30164	1268	0
# Last Fragment Qualities. Use `grep ^LFQ | cut -f 2-` to extract this part.
# Columns correspond to qualities and rows to cycles. First column is the cycle number.
LFQ	1	1544	0	0	0	0	0	0	0	847	0	0	0	973	5185	21509	0	0	3433	0	3244	13528	4702	16070	50453	30435	14429	0	55626	102557	86091	27768	221941	40656	293796	169064	725052	990245	1168574	2527998	32858960	252365	0
LFQ	2	4171	0	0	0	0	0	0	0	1184	0	1335	4263	2652	15703	13640	2409	5374	4107	11235	6376	22728	27193	26627	47701	28820	42054	52153	59518	106406	94207	81800	221954	118926	369920	311293	711886	1337579	1929900	1803615	32103329	116987	0
LFQ	3	1405	0	0	0	31	37	661	396	2138	1010	3121	6289	4730	17997	16495	3523	6637	6277	12958	11462	24503	32992	27559	51794	30522	45663	54572	64720	113897	89802	95740	228829	124280	404828	324973	718226	1371063	2003314	2226987	31449293	108321	0
LFQ	4	1629	0	0	0	98	112	1263	959	3045	2257	4352	6327	5728	15195	13677	5478	7493	8620	14868	14900	22002	34934	26831	47385	33912	43640	52452	70407	106726	86944	95980	223619	127131	408224	334917	719076	1423872	2086721	2505665	31035894	94712	0
LFQ	5	0	0	0	0	155	302	1829	1645	3658	3300	5340	6998	7087	15801	11806	6644	8410	10147	16771	16264	23098	35191	27551	43969	36194	43683	52086	74849	100952	85659	97806	221111	127099	417267	340605	714013	1453413	2135542	2510089	30951685	79026	0
LFQ	6	0	0	0	0	254	453	2041	2517	4253	4475	6139	7405	9027	19460	9633	7020	9147	10852	18394	17106	27470	36168	28604	38159	37638	43328	56672	74796	98153	73616	101142	216642	113180	445530	320157	662104	1426878	2127047	2572579	30998356	60650	0
LFQ	7	0	0	0	0	308	409	1949	2105	3734	4012	5789	7764	7863	20835	14689	6856	7986	10253	17048	17557	27009	38041	30630	47309	38166	46578	61623	75774	115480	83483	121000	231320	122231	479154	328389	713262	1492985	2211285	2644748	30572563	76858	0
LFQ	8	0	0	0	0	286	320	1409	1754	3264	3156	4649	7045	6160	18234	15281	6710	7323	9942	15990	16849	24189	37383	29762	49324	38656	45712	61427	75966	116735	86483	123791	235006	127434	486908	340529	740889	1540291	2287364	2700167	30339526	81131	0
LFQ	9	0	0	0	0	391	267	1583	1526	2305	3068	4772	6176	5687	18433	16317	6707	7051	10126	15362	17311	25022	38168	30837	52089	39971	47506	63916	77481	122063	90460	129710	240974	130186	503496	345043	760382	1565165	2338224	2762857	30123800	82613	0
LFQ	10	0	0	0	0	591	293	1484	2948	2854	4253	6173	8817	6030	20376	18478	7681	7325	11494	17021	19350	25924	39962	32734	55474	44153	48142	65943	84394	125923	92773	139506	245448	136613	526799	355989	778768	1604743	2416734	2793194	29858860	79801	0
LFQ	11	0	0	0	0	593	584	2552	2543	4019	4685	6585	7984	8244	21454	10354	7948	9260	11887	18044	20655	31138	39536	33078	41347	44605	51604	65953	85490	111512	85698	133194	243810	132312	531648	362361	762362	1650957	2482139	3065599	29518771	76540	0
LFQ	12	0	0	0	0	496	430	1928	2427	3560	4253	6187	8129	7049	21803	15085	7562	8480	11858	16302	21422	29605	41642	34086	50940	45802	52852	71107	87011	126838	95476	148065	259056	144151	570696	380737	826606	1728909	2609353	3132040	29024033	91069	0
LFQ	13	0	0	0	0	565	424	1860	2221	3223	3960	5635	7564	6317	21933	17410	7258	7629	11329	15443	20604	29304	42236	34446	55599	46618	53603	73030	87909	136289	100862	156347	268080	153731	592341	393723	864388	1781652	2699368	3184723	28704714	94707	0
LFQ	14	0	0	0	0	653	683	2297	2452	3374	4402	6450	7127	6764	23663	19990	8769	7875	12819	16353	21732	31238	44436	37188	60314	49472	56611	78006	93272	143252	108617	166605	278168	163698	628470	414795	891528	1837729	2822882	3208680	28333260	93421	0
LFQ	15	0	0	0	0	641	352	1637	2441	3188	4005	6173	7954	6390	23893	21276	7121	6917	11466	15093	21242	31230	45601	36438	62736	49434	57905	80659	93741	150989	112496	173661	289980	169180	656753	423733	918749	1887293	2897117	3267355	28050809	91397	0
LFQ	16	0	0	0	0	839	1015	3690	3380	5760	5843	9183	11120	10815	34486	13863	10181	13036	15120	23840	26425	46717	50783	44913	50581	58072	73941	89582	111484	143738	129184	190918	314285	203115	702411	508621	1107681	2176019	2907534	3602912	26903696	82262	0
LFQ	17	0	0	0	0	829	808	3179	3044	4489	5509	8698	10614	9705	33819	20758	9757	11748	15154	21959	27741	44056	53406	45851	64855	60042	72927	94507	114213	164764	139845	207932	334785	217348	745726	531041	1181693	2293613	3051204	3721423	26265513	94490	0
LFQ	18	0	0	0	0	1001	704	2644	2826	3510	5535	8333	9208	8878	34074	24366	9872	10380	15632	20411	28314	43394	57155	48605	71364	61820	75980	99793	117170	179359	147181	221327	351936	230301	785754	558356	1229119	2370939	3168425	3714239	25871169	97971	0
LFQ	19	0	0	0	0	1237	1118	3361	3680	4360	6964	9561	10512	9747	36454	27689	12027	11192	17721	21150	30393	44207	60441	49948	76139	64965	77889	103023	121436	185085	153051	227583	360096	237065	816882	572576	1254319	2422709	3262238	3793880	25498240	98107	0
LFQ	20	906468	0	3	0	1121	815	2791	4089	4385	6912	9941	10713	9415	37388	28633	11202	11166	17274	20933	30614	45000	59976	48549	76260	64613	74812	102525	116588	187324	140251	232672	341632	214301	823198	514403	1070690	2212541	3345366	3657921	25150421	94139	0
LFQ	21	6467501	0	13	0	1333	1833	4761	4575	7403	7695	10481	13039	13426	36941	15225	12455	14902	17970	27137	31291	50932	56247	49925	55001	65361	81260	99031	127985	153478	156568	219060	347915	241521	765744	591360	1234665	2058949	2854058	3584961	20128205	76838	0
LFQ	22	0	0	21	0	1317	1341	4083	4906	6479	8371	12072	15563	13353	54232	27662	12399	15007	20055	26968	36396	64890	71335	62074	79958	79371	100345	127104	153199	214052	199042	283963	433473	309947	978347	730386	1507746	2537022	3625381	4148091	23614868	106226	0
LFQ	23	5912	0	36	0	1478	1322	3905	5147	5871	8916	13060	14627	13134	55930	34658	13370	14407	21625	27198	39181	65154	77112	64992	91750	82583	104355	135953	158932	234361	209834	303656	457335	329799	1035118	762667	1568508	2650302	3768371	4157400	23040665	108421	0
LFQ	24	7690	0	62	0	1658	1811	4431	5361	6266	8674	12314	14155	11530	48417	27499	14695	15413	22737	26978	38574	62162	68019	61373	77590	83582	103646	126868	162524	201231	212297	300501	405542	347399	938362	772593	1506074	2478362	3882084	3662331	23840756	125484	0
LFQ	25	3456	0	117	0	1634	1438	3837	5736	5425	8682	12463	14819	11373	49334	29051	14098	14673	22539	26779	39804	62792	70239	61296	80318	85501	105396	131555	169469	208696	221173	314608	417123	363182	976062	785905	1536812	2520405	3978087	3686357	23525522	121289	0
LFQ	26	0	0	216	0	2185	3319	7329	7379	10289	11156	15872	18479	17174	56265	18505	17451	20223	25065	33728	44085	74365	66905	63744	61965	85876	105422	128918	163324	186820	178917	297189	370363	297777	957488	659396	1204179	2408498	4032236	3412740	24545511	76692	0
LFQ	27	0	0	240	0	1734	1886	4379	5380	6259	8339	12004	15163	12207	44955	20452	14651	16891	22867	28555	39184	62173	63586	60883	65063	82452	101699	121086	163088	179239	196768	294574	353067	330883	876548	688777	1299965	2463924	4356598	3023588	24552410	95528	0
LFQ	28	0	0	289	0	2543	2271	5439	6851	6601	9500	14536	16163	12252	49535	25763	18375	17153	26490	30425	42380	67496	67123	65296	73607	89683	106657	130018	172827	192861	208610	320773	367315	352269	931868	730722	1350616	2536260	4556877	2928735	24056214	94652	0
LFQ	29	0	0	358	0	2015	1844	4477	6293	5527	9061	12936	16246	11440	49073	25835	15274	16202	24302	27901	42735	66494	69707	64806	75039	91768	109373	131823	179215	200286	216078	335583	375722	364375	961933	749372	1386284	2578807	4669679	2934616	23758116	96450	0
LFQ	30	28	0	496	0	2302	4382	8128	11864	6131	11408	15289	19862	12396	60122	29472	18393	19231	28310	30802	48614	72626	75570	70767	78770	99174	116259	139411	187746	209226	223361	356059	383690	379445	1010664	779968	1412954	2633451	4846434	2840126	23353952	90162	0
LFQ	31	0	0	692	0	3046	4021	8874	8277	11320	11882	17113	21800	17837	59988	18373	20101	23756	28655	36651	49456	83446	69274	70297	60910	97958	118747	136783	184689	191539	202995	345037	370827	362093	1001633	758587	1327531	2559006	4707771	2663555	23972156	60369	0
LFQ	32	0	0	662	0	4451	3594	8724	9173	9031	13177	18541	23410	16358	66408	25929	21471	22235	31567	35170	52498	84492	77113	75763	73372	105287	124254	145775	197415	211908	225028	374027	391118	390699	1055548	798695	1395600	2626922	4910551	2651841	23333794	69649	0
LFQ	33	0	0	645	0	2998	2692	6666	9673	8044	13098	18174	23554	15015	69255	29951	20101	20829	30877	34358	54819	86932	81157	78332	80473	112544	130325	155451	211747	226550	243095	403069	405674	420174	1104686	842385	1450122	2693357	5092116	2607531	22818767	70311	0
LFQ	34	0	0	652	0	3287	2585	6524	10630	7658	14290	18711	25181	14857	74317	32539	20949	21068	31898	34719	57231	91630	84871	80574	84768	118461	134453	161136	221146	236282	252391	424878	418411	437166	1147613	868309	1489031	2749137	5229263	2577711	22415621	70685	0
LFQ	35	0	0	774	0	3503	2691	6784	11458	7538	14699	19521	26696	15176	75675	33632	22963	23138	34914	36304	61521	94808	89498	84657	87801	125789	139323	166166	231084	244644	258752	443034	426096	454457	1185663	901486	1517325	2799574	5382122	2497126	22072636	67078	0
LFQ	36	0	0	955	0	5093	6406	12828	11527	15025	15289	21924	31185	21764	77568	21718	26760	31417	36775	45555	64255	106843	82625	88696	71196	125701	150050	166859	234382	226372	259559	432132	428506	467035	1169010	936790	1546812	2885092	5357281	2548954	21877323	54980	0
LFQ	37	0	0	910	0	4880	4826	10675	12948	11651	16477	22730	32373	18851	85530	28376	27448	29636	39058	43936	69763	112021	92541	96053	85009	138356	159357	181064	258235	254532	288915	481538	455707	512021	1249589	996266	1640216	2971189	5612883	2478444	21074896	59859	0
LFQ	38	0	0	895	0	4874	4349	9529	14090	10098	17123	22780	33838	18052	87422	33143	28126	29097	40575	43555	72475	112262	97048	99229	93834	145530	163908	188597	270652	267353	303326	501176	470137	535350	1285459	1032982	1683480	3029768	5750724	2455934	20636550	62123	0
LFQ	39	0	0	942	0	5185	4203	9459	15535	9636	18496	23709	35485	17655	92164	35622	29205	29598	41913	44056	76219	117659	102130	103335	97452	153532	171055	195754	282157	279893	315399	527754	483285	558426	1334167	1071954	1725939	3085141	5899718	2392705	20204950	60763	0
LFQ	40	0	0	1087	0	5526	4303	9863	17706	9561	20077	25491	38759	18084	98273	37877	30426	31255	44461	44884	80670	123497	107388	107893	102275	162562	178220	204581	296561	292602	326921	555747	496664	578968	1385497	1104252	1757899	3140611	6037001	2332821	19781362	57617	0
LFQ	41	0	0	1401	0	8021	10348	18498	15900	19404	20215	28775	43878	27500	103222	25428	35560	43166	47572	57647	86120	141511	101222	113109	85032	164333	192120	207952	301707	276671	334579	544947	508421	602329	1360484	1148150	1806461	3247343	5936458	2412779	19518989	49310	0
LFQ	42	0	0	1391	0	7959	8061	17695	19384	15999	22355	29853	51188	23485	112530	32672	36993	45946	50701	55505	96689	147981	116367	124549	102242	182114	204378	224887	330755	307927	367238	594871	538239	648207	1439493	1214020	1885474	3332229	6182729	2339793	18678531	53727	0
LFQ	43	0	0	1454	0	8139	7176	15344	21954	14123	24299	31711	51722	23025	120214	39207	38831	41939	54154	56229	98154	150798	121550	128923	113960	192342	214204	234975	350295	327366	389362	632072	559364	682224	1498521	1260589	1946504	3393303	6321664	2288729	18133470	53923	0
LFQ	44	0	0	1676	0	8546	7211	14880	23775	13399	25622	32263	54038	22284	123602	41131	40032	42926	55444	56710	102263	155867	126609	133805	118329	202012	220451	243011	365387	339525	401602	656379	571979	707070	1540853	1302767	1983747	3450566	6446495	2233292	17721089	52966	0
LFQ	45	0	0	2201	0	14470	8404	15905	29289	13496	28097	37040	58249	23569	131097	44010	42686	46351	60781	60995	109970	161982	131632	141478	122403	212469	227637	251681	381639	349952	413169	681721	585875	725979	1578357	1339772	2005156	3494703	6570733	2144540	17340058	50035	0
LFQ	46	0	0	3228	0	14886	19205	30553	22793	30609	27664	39066	67492	41906	131083	33151	53427	71691	67971	84770	123151	192481	139197	160497	116799	222352	273418	272362	412275	353728	494319	686352	652152	898773	1522827	1643283	2509511	4299322	6980418	2758486	14114394	70049	0
LFQ	47	0	0	10429	0	14211	15156	27267	27131	25558	30613	42055	75003	36017	149905	40464	55856	69294	73907	83200	133139	201834	150168	177061	136177	242958	290042	291681	452038	384986	533566	747541	687293	947776	1619282	1706742	2594277	4354124	7115272	2667533	13351008	73370	0
LFQ	48	0	0	26178	0	14180	13783	25378	30121	22974	33132	42707	78675	33632	155316	46207	58063	69074	76621	83165	139266	204329	159177	183850	147678	255327	296392	302542	470317	403083	553282	779022	706690	979430	1665383	1758392	2643936	4390124	7191616	2604275	12915696	73210	0
LFQ	49	0	0	53318	0	14865	13592	25995	34837	22296	35930	44972	85296	33297	165330	50464	60199	71897	79647	83772	147924	214246	167827	193224	156059	270929	311041	314920	495324	425060	570854	824533	729701	1016135	1732474	1824709	2693366	4464890	7316508	2456547	12360464	68120	0
LFQ	50	0	0	98525	0	16178	14403	26965	37620	22471	37775	46540	90177	33912	168527	51480	64315	75847	83058	87030	153085	218407	173153	199006	159696	280421	315835	322239	507676	432639	583147	844325	744237	1044338	1768860	1890300	2708621	4509217	7310970	2333217	12114734	59986	0
LFQ	51	0	0	171911	0	2312	4776	12607	14316	21202	21176	24686	27794	43464	82979	30482	32396	46858	49017	76520	72528	115379	142732	116978	126552	157035	201799	192621	326832	278644	363692	358422	748264	437248	1095106	988776	1991531	3624500	4221666	7367887	15727325	309187	0
LFQ	52	0	0	188317	0	2401	3813	9709	10397	15537	18572	25091	27026	35929	94684	45101	28686	38806	46962	69660	71349	114951	146964	129569	154626	156048	206731	213500	323135	320785	398101	377238	777203	464696	1150714	998932	2086913	3646795	4208044	7380537	15304808	333079	0
LFQ	53	0	0	211876	0	2847	3929	9594	9829	14246	17836	25692	27437	33879	100348	59764	27895	36634	46880	65812	73237	112534	151202	134833	176650	157840	209357	227555	324879	354627	412994	395171	803855	481451	1193852	1008659	2146155	3692938	4231579	7356562	14943439	339510	0
LFQ	54	0	0	247584	0	3200	4348	9768	9838	14143	17786	26778	28519	33313	104609	68109	27961	36519	47041	65126	75248	115669	154305	138756	188770	160093	213083	234738	326957	370768	420385	411118	818278	498639	1229353	1015265	2180469	3715114	4252288	7304213	14719877	333100	0
LFQ	55	0	0	308273	0	3429	4603	9742	9683	14151	17396	26470	28399	33560	110571	69889	28206	36974	47257	66385	75947	121542	153650	140252	193035	162332	215552	240738	326313	379872	425346	422353	822716	511426	1251625	1021282	2194030	3731631	4273394	7243493	14574309	322811	0
LFQ	56	0	0	407975	0	3309	5842	13088	12974	19235	21315	28938	28798	38782	109892	42426	26549	33655	39598	60288	66949	119257	126985	111183	132321	124877	169574	196942	248058	328687	283792	363112	693323	394781	1187164	794811	1728925	3114193	3707221	4903765	19827601	99449	0
LFQ	57	1613	0	436837	0	3479	4458	11038	11776	15326	20211	30734	32129	33447	121410	67564	25326	28786	40236	54108	70104	118360	136421	119724	168437	130075	174797	211741	256411	374177	313834	397379	723765	423069	1250208	823057	1830942	3187032	3784619	4901799	19160667	117233	0
LFQ	58	0	0	479075	0	3793	4012	10146	11342	14021	19937	31164	33076	31164	128424	84699	24173	27542	40590	51161	70953	121132	142706	123029	187866	135465	181886	222204	261237	400207	330302	420605	744461	444541	1293244	844384	1879508	3226892	3840418	4879889	18739971	122984	0
LFQ	59	0	0	548910	0	4058	3975	10029	11915	12991	20519	31527	33672	30303	129427	91162	24745	27221	41163	50393	73664	120140	145361	123441	196122	138633	183296	228214	267182	411516	340284	444414	759277	464757	1341308	867756	1919677	3277231	3916507	4827311	18362154	122782	0
LFQ	60	0	0	676742	0	3916	3690	9036	11292	11869	19163	29271	31295	28086	122354	89779	24205	26298	40869	48677	72686	118604	145953	122246	198314	140803	183056	229822	269800	415917	342199	460446	767148	476210	1373298	882096	1942914	3307509	3973296	4791367	18084568	121693	0
LFQ	61	0	0	890401	0	4885	8002	16942	15773	23673	25505	35135	35745	43844	132411	45520	32119	40685	47759	70519	81976	147389	144819	130854	142977	149545	205517	238279	297475	370436	349862	454883	777223	499405	1353148	933523	1923885	3382854	4003315	4954415	17476284	101601	0
LFQ	62	1299	0	939807	0	5257	6184	14692	14907	19057	24879	38321	41548	37794	150901	72264	31603	35796	49304	64021	87206	149951	157687	141913	182099	159190	215821	258365	310544	420513	387896	501475	809222	539005	1432431	970416	2027864	3448384	4089735	4890715	16734068	116061	0
LFQ	63	0	0	1016957	0	5540	5727	13564	15482	17256	25706	40169	44197	36318	160849	92427	31646	34443	51112	62166	90498	152903	166662	146510	204607	166265	222086	270428	319565	450885	406783	536562	837664	568066	1491162	996590	2085397	3497098	4151101	4814214	16217430	119187	0
LFQ	64	0	0	1137457	0	5517	5354	12732	16171	15665	25922	40361	44701	34632	163014	103517	31322	33381	51853	60800	92757	154685	172439	147897	217033	170891	226660	277770	325075	466768	414131	565307	853637	586950	1539791	1020871	2123129	3525676	4218857	4745249	15801465	119685	0
LFQ	65	0	0	1351577	0	5193	5128	11476	14875	14005	24121	36683	40288	31314	148529	94308	29804	32078	50574	57996	91066	149652	168333	143526	212371	172596	223997	274836	326798	459830	415980	583540	853477	599572	1572342	1036839	2136783	3540699	4269991	4672207	15557864	118759	0
LFQ	66	0	0	1690469	0	5934	9289	19503	17663	25676	27215	40887	42849	44529	153798	47668	38223	46982	56052	79719	98857	180573	160904	149706	152120	176583	246349	284134	350011	416204	427349	569981	863138	634636	1528092	1095387	2131960	3614988	4292223	4778049	14906547	99384	0
LFQ	67	0	0	1764004	0	6143	7029	17218	17813	20570	27982	44773	49805	38919	173230	74040	37700	41699	58458	72182	104628	182269	175127	160843	190115	187730	256681	302254	366977	463082	464372	618015	896902	672144	1606718	1129897	2231793	3668634	4364129	4710864	14157231	111157	0
LFQ	68	0	0	1873394	0	6388	6284	15527	19098	17883	29181	46403	52970	36648	183164	94049	37865	39526	60068	69197	109098	184110	184492	166410	211416	196583	262876	312324	376859	490236	482204	654598	918098	703637	1662897	1163057	2285425	3698412	4416575	4621328	13632635	114797	0
LFQ	69	0	0	2054275	0	6328	5880	14484	20090	16186	29992	46347	54047	35002	185900	102422	38035	39354	61932	67875	112701	188116	191196	168261	222438	204879	267466	319787	387788	506394	490885	693962	933276	732649	1724795	1193898	2321992	3722740	4492461	4460913	13164196	111198	0
LFQ	70	1	0	2376435	0	5545	4988	11993	17652	13143	25844	39390	46255	29655	159146	88913	36380	37364	59746	63161	109185	180482	185796	162757	216326	204963	264251	316046	387598	494783	488076	719532	935383	754803	1765401	1218834	2338353	3737380	4552199	4343915	12836464	107560	0
LFQ	71	0	0	2917267	0	5309	7223	16470	13790	19426	22128	39478	42798	31878	149143	44675	42081	48277	60492	81650	113027	206932	169630	162396	153775	197486	283099	324638	398376	459932	506141	694961	957445	805644	1690646	1287513	2378359	3849406	4554553	4546059	11892080	97423	0
LFQ	72	0	0	3026794	0	6076	5743	15868	17886	16241	26108	45144	52734	29453	173752	69116	42634	43922	63556	73186	120264	211162	181729	172653	185734	211108	290867	337555	418540	499310	540497	753282	980822	850635	1762719	1329034	2466556	3875093	4598543	4421612	11174645	106806	0
LFQ	73	1	0	3195585	0	6139	4766	14681	20281	14209	29480	47638	57652	29688	187483	87318	43212	41957	66310	70550	125971	215019	193574	177680	207161	220622	295671	347929	428378	528466	554543	796877	1007090	881180	1830015	1360503	2516155	3889586	4621325	4280775	10609972	106518	0
LFQ	74	2	0	3481981	0	5524	3941	12324	20302	11738	28406	43058	52670	26495	173815	88522	43734	41374	68143	67554	128586	216086	197950	177581	215991	226247	295401	348153	430985	536983	549120	831735	1023262	904618	1883245	1383571	2542722	3898313	4634645	4147002	10167243	104332	0
LFQ	75	2	0	4029614	0	2610	2076	5436	9234	5812	13484	20679	23910	13830	84943	45198	42688	40014	66503	63872	126167	208357	193128	171149	209094	221898	289011	337046	421041	515680	531801	852906	1024649	913708	1908068	1390978	2538012	3869569	4619230	4046360	9943987	101649	0
LFQ	76	0	0	5244362	0	0	0	0	0	0	0	0	0	0	0	0	97966	157040	148602	237909	227491	419689	407496	331524	347007	329939	452051	567064	570743	804946	570117	796561	1632043	721175	2521466	1393546	2626067	4336821	3641747	4173123	5956375	67710	0
# GC Content of first fragments. Use `grep ^GCF | cut -f 2-` to extract this part.
GCF	0.50	123
GCF	1.76	77
GCF	2.76	45
GCF	3.27	46
GCF	4.27	40
GCF	5.78	37
GCF	7.04	32
GCF	7.79	19
GCF	8.54	20
GCF	9.55	34
GCF	10.30	48
GCF	10.80	52
GCF	11.31	59
GCF	11.81	159
GCF	12.31	181
GCF	12.81	200
GCF	13.32	526
GCF	13.82	556
GCF	14.32	1567
GCF	14.82	1632
GCF	15.33	1712
GCF	15.83	4426
GCF	16.33	4529
GCF	16.83	4637
GCF	17.34	10618
GCF	17.84	10867
GCF	18.34	22995
GCF	18.84	23297
GCF	19.35	23604
GCF	19.85	44499
GCF	20.35	45077
GCF	20.85	78199
GCF	21.36	78935
GCF	21.86	79633
GCF	22.36	128298
GCF	22.86	129295
GCF	23.37	130211
GCF	23.87	196419
GCF	24.37	197407
GCF	24.87	282401
GCF	25.38	283302
GCF	25.88	284873
GCF	26.38	386318
GCF	26.88	387924
GCF	27.39	507913
GCF	27.89	509311
GCF	28.39	510973
GCF	28.89	643307
GCF	29.40	644992
GCF	29.90	646649
GCF	30.40	795420
GCF	30.90	797213
GCF	31.41	959073
GCF	31.91	961034
GCF	32.41	962886
GCF	32.91	1133361
GCF	33.42	1135390
GCF	33.92	1136930
GCF	34.42	1310601
GCF	34.92	1312172
GCF	35.43	1482717
GCF	35.93	1484294
GCF	36.43	1485806
GCF	36.93	1639043
GCF	37.44	1640808
GCF	37.94	1762030
GCF	38.44	1763504
GCF	38.94	1764878
GCF	39.45	1833315
GCF	39.95	1833685
GCF	40.45	1833948
GCF	40.95	1862013
GCF	41.46	1861562
GCF	41.96	1858040
GCF	42.46	1857135
GCF	42.96	1856063
GCF	43.47	1826982
GCF	43.97	1825397
GCF	44.47	1823865
GCF	44.97	1775446
GCF	45.48	1773880
GCF	45.98	1723362
GCF	46.48	1722121
GCF	46.98	1720322
GCF	47.49	1660705
GCF	47.99	1659189
GCF	48.49	1598118
GCF	48.99	1597772
GCF	49.50	1596536
GCF	50.00	1524922
GCF	50.50	1523969
GCF	51.01	1523862
GCF	51.51	1446422
GCF	52.01	1446019
GCF	52.51	1376223
GCF	53.02	1375716
GCF	53.52	1374819
GCF	54.02	1319611
GCF	54.52	1319087
GCF	55.03	1257218
GCF	55.53	1256806
GCF	56.03	1256253
GCF	56.53	1187804
GCF	57.04	1187362
GCF	57.54	1186380
GCF	58.04	1095861
GCF	58.54	1095118
GCF	59.05	982278
GCF	59.55	981133
GCF	60.05	979730
GCF	60.55	856080
GCF	61.06	854951
GCF	61.56	853729
GCF	62.06	729059
GCF	62.56	728218
GCF	63.07	606576
GCF	63.57	605660
GCF	64.07	604574
GCF	64.57	493793
GCF	65.08	492870
GCF	65.58	390896
GCF	66.08	390313
GCF	66.58	389400
GCF	67.09	301081
GCF	67.59	300252
GCF	68.09	299675
GCF	68.59	224325
GCF	69.10	223723
GCF	69.60	163607
GCF	70.10	163109
GCF	70.60	162641
GCF	71.11	113834
GCF	71.61	113511
GCF	72.11	113124
GCF	72.61	78000
GCF	73.12	77696
GCF	73.62	52056
GCF	74.12	51758
GCF	74.62	51627
GCF	75.13	33712
GCF	75.63	33532
GCF	76.13	22050
GCF	76.63	21907
GCF	77.14	21802
GCF	77.64	14095
GCF	78.14	13977
GCF	78.64	13907
GCF	79.15	8995
GCF	79.65	8923
GCF	80.15	5729
GCF	80.65	5697
GCF	81.16	5665
GCF	81.66	3635
GCF	82.16	3612
GCF	82.66	2351
GCF	83.17	2341
GCF	83.67	2308
GCF	84.17	1297
GCF	84.67	1286
GCF	85.18	1275
GCF	85.68	689
GCF	86.18	692
GCF	86.68	339
GCF	87.19	333
GCF	87.69	305
GCF	88.19	148
GCF	88.69	142
GCF	89.20	136
GCF	89.70	39
GCF	90.20	42
GCF	90.70	26
GCF	91.21	23
GCF	91.71	19
GCF	92.21	6
GCF	92.71	5
GCF	93.22	4
GCF	93.72	2
GCF	94.97	0
GCF	96.48	1
GCF	97.74	0
GCF	99.25	2
# GC Content of last fragments. Use `grep ^GCL | cut -f 2-` to extract this part.
GCL	0.50	317
GCL	1.76	72
GCL	3.02	32
GCL	4.27	21
GCL	5.78	19
GCL	7.04	15
GCL	7.79	10
GCL	8.54	11
GCL	9.30	22
GCL	9.80	23
GCL	10.30	42
GCL	10.80	48
GCL	11.31	55
GCL	11.81	162
GCL	12.31	178
GCL	12.81	197
GCL	13.32	476
GCL	13.82	506
GCL	14.32	1366
GCL	14.82	1441
GCL	15.33	1520
GCL	15.83	4010
GCL	16.33	4121
GCL	16.83	4239
GCL	17.34	9789
GCL	17.84	10060
GCL	18.34	21008
GCL	18.84	21322
GCL	19.35	21643
GCL	19.85	40791
GCL	20.35	41381
GCL	20.85	72389
GCL	21.36	73186
GCL	21.86	73933
GCL	22.36	120461
GCL	22.86	121428
GCL	23.37	122359
GCL	23.87	186217
GCL	24.37	187191
GCL	24.87	269299
GCL	25.38	270175
GCL	25.88	271821
GCL	26.38	372261
GCL	26.88	373832
GCL	27.39	490657
GCL	27.89	492045
GCL	28.39	493732
GCL	28.89	626871
GCL	29.40	628676
GCL	29.90	630375
GCL	30.40	778863
GCL	30.90	780701
GCL	31.41	945092
GCL	31.91	947020
GCL	32.41	948924
GCL	32.91	1120328
GCL	33.42	1122264
GCL	33.92	1123645
GCL	34.42	1304069
GCL	34.92	1305748
GCL	35.43	1480753
GCL	35.93	1482576
GCL	36.43	1484323
GCL	36.93	1639888
GCL	37.44	1641703
GCL	37.94	1765507
GCL	38.44	1766848
GCL	38.94	1768009
GCL	39.45	1843533
GCL	39.95	1843830
GCL	40.45	1843978
GCL	40.95	1878770
GCL	41.46	1877944
GCL	41.96	1879941
GCL	42.46	1879023
GCL	42.96	1878147
GCL	43.47	1859081
GCL	43.97	1857142
GCL	44.47	1855720
GCL	44.97	1796867
GCL	45.48	1795368
GCL	45.98	1739759
GCL	46.48	1738499
GCL	46.98	1736897
GCL	47.49	1670077
GCL	47.99	1668697
GCL	48.49	1597490
GCL	48.99	1597224
GCL	49.50	1595982
GCL	50.00	1527146
GCL	50.50	1526300
GCL	51.01	1526192
GCL	51.51	1461271
GCL	52.01	1460620
GCL	52.51	1400820
GCL	53.02	1400143
GCL	53.52	1399563
GCL	54.02	1347281
GCL	54.52	1346817
GCL	55.03	1297510
GCL	55.53	1296847
GCL	56.03	1296087
GCL	56.53	1211985
GCL	57.04	1211538
GCL	57.54	1210568
GCL	58.04	1114142
GCL	58.54	1113414
GCL	59.05	990814
GCL	59.55	989535
GCL	60.05	988105
GCL	60.55	852002
GCL	61.06	850959
GCL	61.56	849832
GCL	62.06	717664
GCL	62.56	716709
GCL	63.07	591547
GCL	63.57	590520
GCL	64.07	589589
GCL	64.57	476141
GCL	65.08	475359
GCL	65.58	373781
GCL	66.08	373109
GCL	66.58	372145
GCL	67.09	283966
GCL	67.59	283281
GCL	68.09	282862
GCL	68.59	209049
GCL	69.10	208340
GCL	69.60	148711
GCL	70.10	148336
GCL	70.60	147938
GCL	71.11	103518
GCL	71.61	103125
GCL	72.11	102814
GCL	72.61	69192
GCL	73.12	68908
GCL	73.62	45466
GCL	74.12	45207
GCL	74.62	45094
GCL	75.13	29948
GCL	75.63	29789
GCL	76.13	19376
GCL	76.63	19269
GCL	77.14	19146
GCL	77.64	12680
GCL	78.14	12616
GCL	78.64	12528
GCL	79.15	8136
GCL	79.65	8110
GCL	80.15	5302
GCL	80.65	5257
GCL	81.16	5218
GCL	81.66	3315
GCL	82.16	3296
GCL	82.66	2100
GCL	83.17	2084
GCL	83.67	2064
GCL	84.17	1131
GCL	84.67	1109
GCL	85.18	1102
GCL	85.68	589
GCL	86.18	587
GCL	86.68	297
GCL	87.19	286
GCL	87.69	267
GCL	88.19	128
GCL	88.69	121
GCL	89.20	114
GCL	89.95	43
GCL	90.70	15
GCL	91.21	16
GCL	91.71	14
GCL	92.21	8
GCL	92.71	7
GCL	93.22	8
GCL	93.72	7
GCL	94.22	5
GCL	95.73	1
GCL	97.74	2
GCL	99.25	3
# ACGT content per cycle. Use `grep ^GCC | cut -f 2-` to extract this part. The columns are: cycle; A,C,G,T base counts as a percentage of all A/C/G/T bases [%]; and N and O counts as a percentage of all A/C/G/T bases [%]
GCC	1	28.65	21.14	21.19	29.01	0.10	0.00
GCC	2	27.81	22.14	22.04	28.01	0.08	0.00
GCC	3	27.19	22.66	22.58	27.57	0.00	0.00
GCC	4	27.10	22.87	22.68	27.35	0.00	0.00
GCC	5	27.48	22.35	22.43	27.74	0.00	0.00
GCC	6	27.04	22.80	22.87	27.29	0.00	0.00
GCC	7	27.42	22.56	22.49	27.53	0.00	0.00
GCC	8	27.64	22.36	22.27	27.73	0.00	0.00
GCC	9	27.48	22.36	22.43	27.73	0.00	0.00
GCC	10	27.53	22.44	22.37	27.65	0.00	0.00
GCC	11	27.42	22.42	22.46	27.70	0.00	0.00
GCC	12	27.39	22.57	22.36	27.68	0.00	0.00
GCC	13	27.55	22.36	22.32	27.77	0.00	0.00
GCC	14	27.44	22.48	22.31	27.78	0.00	0.00
GCC	15	27.39	22.55	22.41	27.65	0.00	0.00
GCC	16	27.35	22.55	22.46	27.63	0.00	0.00
GCC	17	27.31	22.54	22.49	27.66	0.00	0.00
GCC	18	27.25	22.61	22.55	27.59	0.00	0.00
GCC	19	27.26	22.66	22.48	27.59	0.00	0.00
GCC	20	27.27	22.64	22.51	27.57	1.16	0.00
GCC	21	27.18	22.67	22.68	27.47	8.87	0.00
GCC	22	27.22	22.68	22.62	27.48	0.00	0.00
GCC	23	27.20	22.69	22.62	27.49	0.01	0.00
GCC	24	27.13	22.82	22.64	27.41	0.01	0.00
GCC	25	27.17	22.73	22.58	27.52	0.00	0.00
GCC	26	27.14	22.81	22.61	27.44	0.00	0.00
GCC	27	27.01	22.88	22.70	27.40	0.00	0.00
GCC	28	27.19	22.76	22.61	27.43	0.00	0.00
GCC	29	27.05	22.78	22.74	27.43	0.00	0.00
GCC	30	26.99	22.85	22.68	27.49	0.00	0.00
GCC	31	26.97	22.89	22.74	27.40	0.00	0.00
GCC	32	27.05	22.84	22.66	27.45	0.00	0.00
GCC	33	27.01	22.93	22.67	27.39	0.00	0.00
GCC	34	26.99	22.83	22.76	27.42	0.00	0.00
GCC	35	27.04	22.87	22.68	27.41	0.00	0.00
GCC	36	26.92	22.95	22.71	27.43	0.00	0.00
GCC	37	26.94	22.98	22.67	27.41	0.00	0.00
GCC	38	26.91	22.89	22.74	27.46	0.00	0.00
GCC	39	26.89	22.98	22.69	27.44	0.00	0.00
GCC	40	26.90	22.91	22.75	27.44	0.00	0.00
GCC	41	26.88	22.91	22.81	27.40	0.00	0.00
GCC	42	26.91	22.97	22.74	27.39	0.00	0.00
GCC	43	26.87	22.92	22.77	27.45	0.00	0.00
GCC	44	26.86	23.00	22.78	27.36	0.00	0.00
GCC	45	26.80	23.00	22.76	27.44	0.00	0.00
GCC	46	26.80	23.12	22.75	27.33	0.00	0.00
GCC	47	26.80	23.00	22.88	27.32	0.00	0.00
GCC	48	26.77	23.11	22.77	27.35	0.00	0.00
GCC	49	26.81	23.09	22.79	27.31	0.00	0.00
GCC	50	26.74	23.05	22.86	27.35	0.00	0.00
GCC	51	26.73	23.08	22.87	27.32	0.00	0.00
GCC	52	26.79	23.13	22.81	27.27	0.00	0.00
GCC	53	26.76	23.11	22.78	27.36	0.01	0.00
GCC	54	26.69	23.16	22.90	27.24	0.00	0.00
GCC	55	26.74	23.10	22.85	27.31	0.00	0.00
GCC	56	26.66	23.19	22.84	27.31	0.00	0.00
GCC	57	26.68	23.14	22.85	27.34	0.00	0.00
GCC	58	26.74	23.11	22.84	27.31	0.00	0.00
GCC	59	26.72	23.21	22.86	27.20	0.00	0.00
GCC	60	26.67	23.21	22.92	27.20	0.00	0.00
GCC	61	26.67	23.19	22.96	27.17	0.00	0.00
GCC	62	26.67	23.25	22.91	27.17	0.00	0.00
GCC	63	26.66	23.21	22.93	27.20	0.00	0.00
GCC	64	26.63	23.22	22.96	27.18	0.00	0.00
GCC	65	26.61	23.25	23.05	27.09	0.00	0.00
GCC	66	26.64	23.29	23.03	27.04	0.00	0.00
GCC	67	26.61	23.32	23.03	27.05	0.00	0.00
GCC	68	26.60	23.33	23.03	27.04	0.00	0.00
GCC	69	26.53	23.37	23.10	27.00	0.00	0.00
GCC	70	26.53	23.39	23.11	26.97	0.00	0.00
GCC	71	26.47	23.43	23.16	26.94	0.00	0.00
GCC	72	26.41	23.49	23.20	26.90	0.00	0.00
GCC	73	26.46	23.48	23.18	26.89	0.00	0.00
GCC	74	26.43	23.47	23.20	26.90	0.00	0.00
GCC	75	26.31	23.59	23.32	26.78	0.00	0.00
GCC	76	26.08	23.84	23.54	26.55	0.00	0.00
# ACGT content per cycle, read oriented. Use `grep ^GCT | cut -f 2-` to extract this part. The columns are: cycle; A,C,G,T base counts as a percentage of all A/C/G/T bases [%]
GCT	1	29.31	22.78	19.55	28.36
GCT	2	29.47	21.40	22.77	26.36
GCT	3	27.44	22.69	22.55	27.32
GCT	4	26.86	23.09	22.45	27.59
GCT	5	27.12	22.16	22.62	28.10
GCT	6	27.19	22.84	22.83	27.14
GCT	7	27.41	22.30	22.76	27.53
GCT	8	27.48	22.50	22.13	27.88
GCT	9	27.10	22.59	22.20	28.11
GCT	10	27.41	22.65	22.17	27.78
GCT	11	27.20	22.66	22.22	27.92
GCT	12	27.16	22.90	22.03	27.92
GCT	13	27.27	22.66	22.02	28.06
GCT	14	27.18	22.75	22.03	28.04
GCT	15	27.16	22.87	22.10	27.87
GCT	16	27.11	22.83	22.19	27.87
GCT	17	27.05	22.80	22.23	27.92
GCT	18	26.98	22.93	22.23	27.87
GCT	19	26.99	22.97	22.17	27.86
GCT	20	27.04	22.91	22.24	27.81
GCT	21	26.97	22.95	22.40	27.68
GCT	22	27.06	22.95	22.35	27.63
GCT	23	27.03	22.96	22.36	27.65
GCT	24	27.03	23.10	22.36	27.51
GCT	25	27.11	22.98	22.33	27.59
GCT	26	27.11	22.98	22.43	27.47
GCT	27	27.00	23.10	22.48	27.42
GCT	28	27.22	22.96	22.41	27.40
GCT	29	27.07	22.96	22.57	27.41
GCT	30	26.97	23.02	22.50	27.50
GCT	31	27.01	23.06	22.57	27.37
GCT	32	27.11	22.98	22.52	27.39
GCT	33	27.10	23.09	22.51	27.30
GCT	34	27.11	22.97	22.62	27.30
GCT	35	27.12	23.02	22.54	27.32
GCT	36	27.02	23.10	22.56	27.33
GCT	37	27.06	23.10	22.54	27.29
GCT	38	27.04	22.98	22.65	27.33
GCT	39	26.99	23.09	22.58	27.33
GCT	40	27.04	22.98	22.67	27.31
GCT	41	27.07	22.98	22.74	27.21
GCT	42	27.08	23.04	22.67	27.21
GCT	43	27.00	22.97	22.71	27.32
GCT	44	26.99	23.06	22.71	27.23
GCT	45	26.95	23.08	22.68	27.29
GCT	46	26.99	23.13	22.74	27.14
GCT	47	27.01	22.99	22.88	27.11
GCT	48	26.93	23.10	22.78	27.19
GCT	49	26.99	23.08	22.80	27.14
GCT	50	26.96	23.00	22.91	27.13
GCT	51	26.95	23.02	22.93	27.10
GCT	52	27.02	23.04	22.90	27.05
GCT	53	26.94	23.02	22.86	27.17
GCT	54	26.87	23.11	22.96	27.06
GCT	55	26.96	22.99	22.96	27.09
GCT	56	26.91	23.06	22.97	27.06
GCT	57	26.92	23.00	22.98	27.10
GCT	58	26.99	22.98	22.97	27.06
GCT	59	26.97	23.09	22.99	26.95
GCT	60	26.91	23.13	23.00	26.96
GCT	61	26.95	23.08	23.07	26.90
GCT	62	26.91	23.14	23.02	26.93
GCT	63	26.90	23.11	23.03	26.96
GCT	64	26.92	23.06	23.12	26.90
GCT	65	26.88	23.07	23.24	26.81
GCT	66	26.92	23.14	23.18	26.76
GCT	67	26.91	23.17	23.18	26.75
GCT	68	26.89	23.19	23.18	26.75
GCT	69	26.81	23.24	23.23	26.71
GCT	70	26.84	23.23	23.27	26.66
GCT	71	26.81	23.22	23.36	26.60
GCT	72	26.75	23.31	23.37	26.57
GCT	73	26.78	23.29	23.36	26.57
GCT	74	26.76	23.33	23.34	26.57
GCT	75	26.65	23.31	23.60	26.45
GCT	76	26.67	23.47	23.91	25.95
# ACGT content per cycle for first fragments. Use `grep ^FBC | cut -f 2-` to extract this part. The columns are: cycle; A,C,G,T base counts as a percentage of all A/C/G/T bases [%]; and N and O counts as a percentage of all A/C/G/T bases [%]
FBC	1	28.72	21.07	21.12	29.09	0.19	0.00
FBC	2	27.92	22.02	21.94	28.13	0.15	0.00
FBC	3	27.48	22.36	22.29	27.87	0.00	0.00
FBC	4	27.52	22.45	22.26	27.77	0.00	0.00
FBC	5	27.62	22.20	22.30	27.88	0.00	0.00
FBC	6	27.32	22.52	22.60	27.56	0.00	0.00
FBC	7	27.62	22.35	22.28	27.75	0.00	0.00
FBC	8	27.79	22.21	22.13	27.88	0.00	0.00
FBC	9	27.62	22.21	22.29	27.88	0.00	0.00
FBC	10	27.67	22.28	22.23	27.82	0.00	0.00
FBC	11	27.56	22.28	22.33	27.84	0.00	0.00
FBC	12	27.54	22.41	22.24	27.81	0.00	0.00
FBC	13	27.74	22.25	22.14	27.88	0.00	0.00
FBC	14	27.56	22.42	22.21	27.81	0.00	0.00
FBC	15	27.57	22.38	22.30	27.75	0.00	0.00
FBC	16	27.47	22.49	22.28	27.76	0.00	0.00
FBC	17	27.42	22.42	22.44	27.72	0.00	0.00
FBC	18	27.36	22.49	22.40	27.75	0.00	0.00
FBC	19	27.36	22.62	22.39	27.63	0.00	0.00
FBC	20	27.32	22.54	22.42	27.73	0.00	0.00
FBC	21	27.27	22.58	22.59	27.55	0.00	0.00
FBC	22	27.39	22.56	22.47	27.59	0.00	0.00
FBC	23	27.36	22.58	22.48	27.58	0.00	0.00
FBC	24	27.18	22.78	22.53	27.51	0.00	0.00
FBC	25	27.20	22.63	22.48	27.69	0.00	0.00
FBC	26	27.19	22.76	22.52	27.53	0.00	0.00
FBC	27	27.10	22.84	22.54	27.51	0.00	0.00
FBC	28	27.30	22.65	22.52	27.53	0.00	0.00
FBC	29	27.13	22.70	22.65	27.52	0.00	0.00
FBC	30	27.10	22.75	22.57	27.58	0.00	0.00
FBC	31	27.07	22.87	22.56	27.50	0.00	0.00
FBC	32	27.19	22.75	22.57	27.48	0.00	0.00
FBC	33	27.04	22.90	22.59	27.47	0.00	0.00
FBC	34	27.10	22.73	22.67	27.51	0.00	0.00
FBC	35	27.13	22.80	22.60	27.48	0.00	0.00
FBC	36	27.02	22.90	22.61	27.47	0.00	0.00
FBC	37	27.03	22.89	22.58	27.50	0.00	0.00
FBC	38	26.99	22.80	22.71	27.49	0.00	0.00
FBC	39	26.97	22.83	22.62	27.58	0.00	0.00
FBC	40	27.00	22.80	22.60	27.60	0.00	0.00
FBC	41	26.97	22.83	22.73	27.47	0.00	0.00
FBC	42	27.04	22.90	22.65	27.41	0.00	0.00
FBC	43	26.95	22.85	22.64	27.57	0.00	0.00
FBC	44	26.94	22.97	22.66	27.43	0.00	0.00
FBC	45	26.86	22.93	22.69	27.51	0.00	0.00
FBC	46	26.86	23.05	22.70	27.38	0.00	0.00
FBC	47	26.86	22.95	22.83	27.36	0.00	0.00
FBC	48	26.83	23.00	22.74	27.43	0.00	0.00
FBC	49	26.91	22.99	22.75	27.35	0.00	0.00
FBC	50	26.78	23.01	22.78	27.43	0.00	0.00
FBC	51	26.73	23.08	22.91	27.28	0.00	0.00
FBC	52	26.73	23.19	22.81	27.27	0.00	0.00
FBC	53	26.75	23.18	22.78	27.29	0.01	0.00
FBC	54	26.68	23.12	22.97	27.23	0.01	0.00
FBC	55	26.65	23.12	22.87	27.35	0.00	0.00
FBC	56	26.62	23.26	22.89	27.23	0.00	0.00
FBC	57	26.65	23.16	22.89	27.31	0.00	0.00
FBC	58	26.64	23.16	22.88	27.32	0.00	0.00
FBC	59	26.59	23.33	22.93	27.15	0.00	0.00
FBC	60	26.55	23.26	23.00	27.20	0.00	0.00
FBC	61	26.52	23.28	23.11	27.10	0.00	0.00
FBC	62	26.53	23.38	23.00	27.08	0.00	0.00
FBC	63	26.52	23.30	23.01	27.17	0.00	0.00
FBC	64	26.47	23.35	23.07	27.12	0.00	0.00
FBC	65	26.40	23.39	23.25	26.96	0.00	0.00
FBC	66	26.49	23.44	23.18	26.90	0.00	0.00
FBC	67	26.46	23.47	23.18	26.89	0.00	0.00
FBC	68	26.42	23.51	23.20	26.86	0.00	0.00
FBC	69	26.34	23.56	23.29	26.81	0.00	0.00
FBC	70	26.35	23.60	23.29	26.77	0.00	0.00
FBC	71	26.27	23.65	23.36	26.72	0.00	0.00
FBC	72	26.19	23.71	23.42	26.68	0.00	0.00
FBC	73	26.20	23.74	23.41	26.65	0.00	0.00
FBC	74	26.19	23.72	23.45	26.64	0.00	0.00
FBC	75	26.03	23.89	23.62	26.46	0.00	0.00
FBC	76	25.79	24.15	23.80	26.27	0.00	0.00
# ACGT raw counters for first fragments. Use `grep ^FTC | cut -f 2-` to extract this part. The columns are: A,C,G,T,N base counters
FTC	812312072	688643518	682798617	825117276	147542
# ACGT content per cycle for last fragments. Use `grep ^LBC | cut -f 2-` to extract this part. The columns are: cycle; A,C,G,T base counts as a percentage of all A/C/G/T bases [%]; and N and O counts as a percentage of all A/C/G/T bases [%]
LBC	1	28.59	21.22	21.26	28.94	0.00	0.00
LBC	2	27.70	22.25	22.14	27.90	0.01	0.00
LBC	3	26.90	22.96	22.86	27.27	0.00	0.00
LBC	4	26.69	23.28	23.10	26.92	0.00	0.00
LBC	5	27.34	22.49	22.56	27.61	0.00	0.00
LBC	6	26.77	23.08	23.14	27.01	0.00	0.00
LBC	7	27.21	22.78	22.70	27.30	0.00	0.00
LBC	8	27.50	22.52	22.41	27.58	0.00	0.00
LBC	9	27.33	22.51	22.57	27.59	0.00	0.00
LBC	10	27.39	22.61	22.51	27.49	0.00	0.00
LBC	11	27.28	22.56	22.60	27.56	0.00	0.00
LBC	12	27.25	22.72	22.48	27.55	0.00	0.00
LBC	13	27.37	22.46	22.50	27.67	0.00	0.00
LBC	14	27.31	22.53	22.41	27.75	0.00	0.00
LBC	15	27.20	22.73	22.53	27.54	0.00	0.00
LBC	16	27.23	22.61	22.65	27.50	0.00	0.00
LBC	17	27.20	22.66	22.53	27.61	0.00	0.00
LBC	18	27.14	22.73	22.70	27.43	0.00	0.00
LBC	19	27.16	22.71	22.58	27.55	0.00	0.00
LBC	20	27.22	22.75	22.61	27.42	2.34	0.00
LBC	21	27.07	22.77	22.79	27.38	19.47	0.00
LBC	22	27.06	22.80	22.78	27.36	0.00	0.00
LBC	23	27.04	22.80	22.77	27.39	0.01	0.00
LBC	24	27.07	22.86	22.75	27.32	0.02	0.00
LBC	25	27.14	22.82	22.69	27.36	0.01	0.00
LBC	26	27.10	22.85	22.69	27.36	0.00	0.00
LBC	27	26.92	22.91	22.87	27.30	0.00	0.00
LBC	28	27.08	22.88	22.70	27.34	0.00	0.00
LBC	29	26.97	22.86	22.83	27.33	0.00	0.00
LBC	30	26.88	22.95	22.78	27.39	0.00	0.00
LBC	31	26.87	22.92	22.91	27.30	0.00	0.00
LBC	32	26.90	22.93	22.74	27.42	0.00	0.00
LBC	33	26.98	22.96	22.76	27.30	0.00	0.00
LBC	34	26.88	22.93	22.85	27.34	0.00	0.00
LBC	35	26.95	22.95	22.77	27.33	0.00	0.00
LBC	36	26.82	22.99	22.81	27.38	0.00	0.00
LBC	37	26.85	23.07	22.76	27.32	0.00	0.00
LBC	38	26.83	22.98	22.77	27.43	0.00	0.00
LBC	39	26.81	23.13	22.77	27.30	0.00	0.00
LBC	40	26.80	23.01	22.90	27.29	0.00	0.00
LBC	41	26.80	22.99	22.89	27.32	0.00	0.00
LBC	42	26.78	23.04	22.82	27.36	0.00	0.00
LBC	43	26.79	22.99	22.90	27.32	0.00	0.00
LBC	44	26.79	23.02	22.90	27.29	0.00	0.00
LBC	45	26.74	23.06	22.83	27.36	0.00	0.00
LBC	46	26.74	23.18	22.80	27.27	0.00	0.00
LBC	47	26.75	23.05	22.93	27.27	0.00	0.00
LBC	48	26.72	23.22	22.81	27.26	0.00	0.00
LBC	49	26.72	23.18	22.83	27.27	0.00	0.00
LBC	50	26.70	23.09	22.94	27.27	0.00	0.00
LBC	51	26.72	23.07	22.84	27.37	0.00	0.00
LBC	52	26.85	23.07	22.81	27.27	0.00	0.00
LBC	53	26.76	23.04	22.77	27.42	0.00	0.00
LBC	54	26.70	23.21	22.84	27.25	0.00	0.00
LBC	55	26.83	23.08	22.82	27.27	0.00	0.00
LBC	56	26.69	23.12	22.80	27.40	0.00	0.00
LBC	57	26.71	23.12	22.81	27.36	0.00	0.00
LBC	58	26.84	23.06	22.80	27.29	0.00	0.00
LBC	59	26.85	23.10	22.79	27.26	0.00	0.00
LBC	60	26.80	23.16	22.84	27.20	0.00	0.00
LBC	61	26.83	23.10	22.82	27.25	0.00	0.00
LBC	62	26.81	23.12	22.82	27.26	0.00	0.00
LBC	63	26.80	23.13	22.84	27.23	0.00	0.00
LBC	64	26.80	23.10	22.86	27.24	0.00	0.00
LBC	65	26.82	23.12	22.86	27.21	0.00	0.00
LBC	66	26.79	23.15	22.87	27.19	0.00	0.00
LBC	67	26.77	23.16	22.87	27.20	0.00	0.00
LBC	68	26.77	23.15	22.86	27.22	0.00	0.00
LBC	69	26.72	23.19	22.90	27.19	0.00	0.00
LBC	70	26.72	23.19	22.92	27.17	0.00	0.00
LBC	71	26.67	23.20	22.96	27.17	0.00	0.00
LBC	72	26.64	23.27	22.98	27.12	0.00	0.00
LBC	73	26.71	23.21	22.94	27.14	0.00	0.00
LBC	74	26.67	23.23	22.94	27.16	0.00	0.00
LBC	75	26.60	23.29	23.02	27.09	0.00	0.00
LBC	76	26.37	23.53	23.28	26.83	0.00	0.00
# ACGT raw counters for last fragments. Use `grep ^LTC | cut -f 2-` to extract this part. The columns are: A,C,G,T,N base counters
LTC	808701638	688577685	683269491	821067489	7402722
# Insert sizes. Use `grep ^IS | cut -f 2-` to extract this part. The columns are: insert size, pairs total, inward oriented pairs, outward oriented pairs, other pairs
IS	0	51	0	5	46
IS	1	0	0	0	0
IS	2	189	0	185	4
IS	3	199	0	190	9
IS	4	267	0	265	2
IS	5	223	0	222	1
IS	6	214	0	214	0
IS	7	205	0	203	2
IS	8	253	0	253	0
IS	9	253	0	251	2
IS	10	269	0	268	1
IS	11	290	0	289	1
IS	12	311	0	311	0
IS	13	330	0	330	0
IS	14	331	0	331	0
IS	15	352	0	350	2
IS	16	319	0	318	1
IS	17	355	0	353	2
IS	18	387	0	384	3
IS	19	5721	4940	781	0
IS	20	3290	2692	598	0
IS	21	1919	1318	597	4
IS	22	1197	682	511	4
IS	23	964	495	469	0
IS	24	893	388	504	1
IS	25	827	328	499	0
IS	26	885	391	492	2
IS	27	816	327	484	5
IS	28	784	316	466	2
IS	29	922	364	556	2
IS	30	881	373	507	1
IS	31	928	455	470	3
IS	32	974	534	437	3
IS	33	1096	576	516	4
IS	34	1197	673	521	3
IS	35	1165	606	558	1
IS	36	1170	650	516	4
IS	37	1307	787	513	7
IS	38	1462	860	599	3
IS	39	1553	891	661	1
IS	40	1695	998	695	2
IS	41	1526	892	626	8
IS	42	1628	1040	587	1
IS	43	1701	1080	618	3
IS	44	1862	1211	650	1
IS	45	1801	1166	634	1
IS	46	1816	1220	592	4
IS	47	1927	1307	615	5
IS	48	2187	1522	661	4
IS	49	2312	1654	655	3
IS	50	2265	1616	646	3
IS	51	2491	1867	623	1
IS	52	2757	2130	623	4
IS	53	3145	2479	663	3
IS	54	3634	2967	664	3
IS	55	3773	3121	645	7
IS	56	4441	3817	619	5
IS	57	5030	4406	619	5
IS	58	6235	5563	669	3
IS	59	7960	7300	648	12
IS	60	9202	8582	616	4
IS	61	11893	11197	690	6
IS	62	14708	14016	684	8
IS	63	17848	17096	747	5
IS	64	22565	21788	771	6
IS	65	27339	26601	730	8
IS	66	32543	31872	666	5
IS	67	39251	38597	648	6
IS	68	47357	46663	690	4
IS	69	56407	55680	719	8
IS	70	66111	65338	766	7
IS	71	76060	75519	537	4
IS	72	87321	86763	551	7
IS	73	100339	99679	653	7
IS	74	112138	111209	919	10
IS	75	124775	123181	1583	11
IS	76	136821	136748	67	6
IS	77	150457	150426	26	5
IS	78	164399	164368	24	7
IS	79	179076	179047	23	6
IS	80	191790	191773	10	7
IS	81	203786	203770	9	7
IS	82	215533	215522	4	7
IS	83	225287	225278	4	5
IS	84	237011	237008	1	2
IS	85	246692	246680	6	6
IS	86	256833	256829	2	2
IS	87	265136	265126	2	8
IS	88	273622	273615	0	7
IS	89	281017	281011	1	5
IS	90	288364	288358	2	4
IS	91	295478	295473	1	4
IS	92	301461	301456	1	4
IS	93	306932	306923	2	7
IS	94	311611	311597	5	9
IS	95	315275	315268	1	6
IS	96	320308	320296	1	11
IS	97	323643	323624	6	13
IS	98	327141	327134	2	5
IS	99	329241	329226	0	15
IS	100	332277	332269	2	6
IS	101	335066	335058	0	8
IS	102	337766	337755	2	9
IS	103	338335	338333	0	2
IS	104	340474	340462	5	7
IS	105	341979	341972	1	6
IS	106	342610	342595	0	15
IS	107	343202	343192	2	8
IS	108	344553	344539	1	13
IS	109	345264	345257	3	4
IS	110	346217	346209	2	6
IS	111	346363	346354	2	7
IS	112	347090	347079	4	7
IS	113	347195	347187	2	6
IS	114	345806	345792	0	14
IS	115	345925	345914	0	11
IS	116	345841	345839	0	2
IS	117	344822	344813	1	8
IS	118	344645	344632	5	8
IS	119	342992	342989	0	3
IS	120	343150	343144	2	4
IS	121	341642	341636	0	6
IS	122	341163	341152	3	8
IS	123	339056	339049	2	5
IS	124	337784	337776	2	6
IS	125	336326	336320	2	4
IS	126	335188	335186	0	2
IS	127	333965	333954	3	8
IS	128	331073	331066	2	5
IS	129	330502	330496	0	6
IS	130	329088	329079	3	6
IS	131	327602	327590	3	9
IS	132	325282	325274	1	7
IS	133	322897	322893	3	1
IS	134	321068	321065	0	3
IS	135	319403	319395	2	6
IS	136	317460	317452	2	6
IS	137	314339	314331	1	7
IS	138	312198	312189	0	9
IS	139	310722	310718	0	4
IS	140	307608	307600	2	6
IS	141	306083	306079	3	1
IS	142	304503	304495	3	5
IS	143	300447	300439	2	6
IS	144	299177	299172	3	2
IS	145	295603	295600	2	1
IS	146	292687	292676	3	8
IS	147	289892	289882	2	8
IS	148	287121	287112	2	7
IS	149	284462	284456	1	5
IS	150	281097	281087	2	8
IS	151	278316	278310	2	4
IS	152	274729	274723	1	5
IS	153	270511	270503	3	5
IS	154	269192	269182	2	8
IS	155	266270	266261	3	6
IS	156	263933	263925	3	5
IS	157	260986	260975	2	9
IS	158	256992	256987	4	1
IS	159	255022	255017	2	3
IS	160	250433	250423	5	5
IS	161	247491	247482	3	6
IS	162	245272	245267	0	5
IS	163	242779	242771	5	3
IS	164	238882	238877	2	3
IS	165	234774	234771	2	1
IS	166	231810	231798	5	7
IS	167	229489	229479	4	6
IS	168	226964	226961	1	2
IS	169	223665	223663	2	0
IS	170	219964	219963	1	0
IS	171	216346	216341	1	4
IS	172	213507	213503	1	3
IS	173	211405	211400	0	5
IS	174	206972	206965	3	4
IS	175	203510	203505	2	3
IS	176	201198	201192	2	4
IS	177	198154	198148	4	2
IS	178	195329	195324	2	3
IS	179	193089	193084	2	3
IS	180	188667	188664	0	3
IS	181	186332	186324	6	2
IS	182	183895	183887	4	4
IS	183	180483	180474	4	5
IS	184	177307	177299	2	6
IS	185	174381	174372	7	2
IS	186	170865	170863	1	1
IS	187	168472	168462	7	3
IS	188	165280	165275	4	1
IS	189	162723	162711	4	8
IS	190	160380	160375	3	2
IS	191	157522	157513	6	3
IS	192	153930	153921	8	1
IS	193	151586	151582	2	2
IS	194	149253	149246	5	2
IS	195	147213	147202	8	3
IS	196	143708	143704	4	0
IS	197	140701	140698	1	2
IS	198	137877	137869	7	1
IS	199	135751	135738	7	6
IS	200	132848	132845	2	1
IS	201	130436	130432	4	0
IS	202	127725	127713	9	3
IS	203	125521	125514	5	2
IS	204	123018	123014	3	1
IS	205	120905	120900	3	2
IS	206	118116	118107	7	2
IS	207	115568	115561	3	4
IS	208	113622	113612	8	2
IS	209	111952	111949	3	0
IS	210	109333	109329	3	1
IS	211	106719	106715	4	0
IS	212	104491	104485	6	0
IS	213	102525	102517	6	2
IS	214	99535	99527	8	0
IS	215	97924	97917	6	1
IS	216	95711	95701	8	2
IS	217	93814	93802	9	3
IS	218	91563	91553	9	1
IS	219	89792	89786	5	1
IS	220	88332	88326	5	1
IS	221	86069	86065	4	0
IS	222	84550	84545	2	3
IS	223	81873	81871	1	1
IS	224	79987	79982	4	1
IS	225	78590	78586	3	1
IS	226	76633	76627	5	1
IS	227	74877	74869	7	1
IS	228	73391	73379	10	2
IS	229	71597	71589	8	0
IS	230	69950	69946	3	1
IS	231	68078	68074	2	2
IS	232	66855	66846	8	1
IS	233	65159	65155	2	2
IS	234	63571	63565	5	1
IS	235	61841	61832	9	0
IS	236	60283	60274	8	1
IS	237	58613	58603	8	2
IS	238	57531	57521	9	1
IS	239	56175	56166	7	2
IS	240	54714	54708	5	1
IS	241	53406	53398	7	1
IS	242	51986	51976	9	1
IS	243	51221	51212	6	3
IS	244	49690	49681	7	2
IS	245	48248	48243	2	3
IS	246	46903	46902	0	1
IS	247	45817	45809	8	0
IS	248	44840	44837	3	0
IS	249	43570	43569	1	0
IS	250	42507	42502	3	2
IS	251	41571	41564	5	2
IS	252	40481	40472	7	2
IS	253	39304	39301	3	0
IS	254	38178	38176	2	0
IS	255	37198	37195	3	0
IS	256	36246	36244	1	1
IS	257	35399	35394	4	1
IS	258	34495	34491	4	0
IS	259	33586	33584	2	0
IS	260	32769	32762	7	0
IS	261	31716	31711	5	0
IS	262	31149	31146	3	0
IS	263	30067	30062	4	1
IS	264	29330	29325	5	0
IS	265	28855	28851	4	0
IS	266	27495	27487	8	0
IS	267	27041	27037	3	1
IS	268	26203	26198	5	0
IS	269	25918	25917	0	1
IS	270	25098	25096	1	1
IS	271	24232	24227	5	0
IS	272	23334	23331	3	0
IS	273	22943	22941	2	0
IS	274	22378	22377	1	0
IS	275	21724	21723	1	0
IS	276	20713	20710	2	1
IS	277	20653	20650	1	2
IS	278	19741	19740	1	0
IS	279	19154	19151	3	0
IS	280	18695	18694	1	0
IS	281	18326	18325	1	0
IS	282	17803	17801	2	0
IS	283	17469	17467	2	0
IS	284	16762	16760	1	1
IS	285	16105	16102	2	1
IS	286	15941	15940	1	0
IS	287	15198	15198	0	0
IS	288	14891	14890	0	1
IS	289	14335	14334	0	1
IS	290	13935	13935	0	0
IS	291	13431	13431	0	0
IS	292	13272	13270	2	0
IS	293	12990	12989	1	0
IS	294	12555	12554	1	0
IS	295	12118	12118	0	0
IS	296	11813	11812	1	0
# Read lengths. Use `grep ^RL | cut -f 2-` to extract this part. The columns are: read length, count
RL	31	11590
RL	32	11406
RL	33	9828
RL	34	9054
RL	35	7728
RL	36	6966
RL	37	6632
RL	38	6386
RL	39	6016
RL	40	5360
RL	41	4810
RL	42	4688
RL	43	4420
RL	44	4044
RL	45	3880
RL	46	3414
RL	47	3422
RL	48	3322
RL	49	3260
RL	50	3464
RL	51	3582
RL	52	4064
RL	53	4498
RL	54	4982
RL	55	6006
RL	56	6610
RL	57	8252
RL	58	10332
RL	59	13100
RL	60	15808
RL	61	20776
RL	62	25946
RL	63	32200
RL	64	40230
RL	65	50752
RL	66	61008
RL	67	74830
RL	68	91144
RL	69	108884
RL	70	128184
RL	71	148454
RL	72	170838
RL	73	197212
RL	74	219922
RL	75	245626
RL	76	77561160
# Read lengths - first fragments. Use `grep ^FRL | cut -f 2-` to extract this part. The columns are: read length, count
FRL	31	5795
FRL	32	5703
FRL	33	4914
FRL	34	4527
FRL	35	3864
FRL	36	3483
FRL	37	3316
FRL	38	3193
FRL	39	3008
FRL	40	2680
FRL	41	2405
FRL	42	2344
FRL	43	2210
FRL	44	2022
FRL	45	1940
FRL	46	1707
FRL	47	1711
FRL	48	1661
FRL	49	1630
FRL	50	1732
FRL	51	1791
FRL	52	2032
FRL	53	2249
FRL	54	2491
FRL	55	3003
FRL	56	3305
FRL	57	4126
FRL	58	5166
FRL	59	6550
FRL	60	7904
FRL	61	10388
FRL	62	12973
FRL	63	16100
FRL	64	20115
FRL	65	25376
FRL	66	30504
FRL	67	37415
FRL	68	45572
FRL	69	54442
FRL	70	64092
FRL	71	74227
FRL	72	85419
FRL	73	98606
FRL	74	109961
FRL	75	122813
FRL	76	38780580
# Read lengths - last fragments. Use `grep ^LRL | cut -f 2-` to extract this part. The columns are: read length, count
LRL	31	5795
LRL	32	5703
LRL	33	4914
LRL	34	4527
LRL	35	3864
LRL	36	3483
LRL	37	3316
LRL	38	3193
LRL	39	3008
LRL	40	2680
LRL	41	2405
LRL	42	2344
LRL	43	2210
LRL	44	2022
LRL	45	1940
LRL	46	1707
LRL	47	1711
LRL	48	1661
LRL	49	1630
LRL	50	1732
LRL	51	1791
LRL	52	2032
LRL	53	2249
LRL	54	2491
LRL	55	3003
LRL	56	3305
LRL	57	4126
LRL	58	5166
LRL	59	6550
LRL	60	7904
LRL	61	10388
LRL	62	12973
LRL	63	16100
LRL	64	20115
LRL	65	25376
LRL	66	30504
LRL	67	37415
LRL	68	45572
LRL	69	54442
LRL	70	64092
LRL	71	74227
LRL	72	85419
LRL	73	98606
LRL	74	109961
LRL	75	122813
LRL	76	38780580
# Mapping qualities for reads !(UNMAP|SECOND|SUPPL|QCFAIL|DUP). Use `grep ^MAPQ | cut -f 2-` to extract this part. The columns are: mapq, count
MAPQ	0	7431343
MAPQ	1	51190
MAPQ	2	29709
MAPQ	3	59046
MAPQ	4	36441
MAPQ	5	30832
MAPQ	6	43530
MAPQ	7	52325
MAPQ	8	34201
MAPQ	9	65019
MAPQ	10	35325
MAPQ	11	39822
MAPQ	12	35486
MAPQ	13	45969
MAPQ	14	27939
MAPQ	15	54040
MAPQ	16	41620
MAPQ	17	37640
MAPQ	18	36038
MAPQ	19	54160
MAPQ	20	61376
MAPQ	21	70103
MAPQ	22	87701
MAPQ	23	76894
MAPQ	24	103942
MAPQ	25	179628
MAPQ	26	14579
MAPQ	27	400041
MAPQ	28	18043
MAPQ	29	22739
MAPQ	30	32577
MAPQ	31	27929
MAPQ	32	12190
MAPQ	33	46585
MAPQ	34	17173
MAPQ	35	14457
MAPQ	36	19443
MAPQ	37	28517
MAPQ	38	15633
MAPQ	39	50919
MAPQ	40	932404
MAPQ	41	41770
MAPQ	42	43942
MAPQ	43	70686
MAPQ	44	62020
MAPQ	45	79673
MAPQ	46	100751
MAPQ	47	90010
MAPQ	48	127732
MAPQ	49	217338
MAPQ	50	71740
MAPQ	51	552921
MAPQ	52	306578
MAPQ	53	42435
MAPQ	54	85279
MAPQ	55	49063
MAPQ	56	28052
MAPQ	57	129814
MAPQ	58	16276
MAPQ	59	9292
MAPQ	60	66534535
# Indel distribution. Use `grep ^ID | cut -f 2-` to extract this part. The columns are: length, number of insertions, number of deletions
ID	1	201203	225495
ID	2	41387	68139
ID	3	19684	26858
ID	4	23839	32187
ID	5	42368	14946
ID	6	4589	8452
ID	7	1408	2124
ID	8	2581	4859
ID	9	1036	1480
ID	10	3505	4444
ID	11	465	946
ID	12	605	1880
ID	13	252	631
ID	14	216	813
ID	15	285	1288
ID	16	133	775
ID	17	58	196
ID	18	36	302
ID	19	22	154
ID	20	27	253
ID	21	4	102
ID	22	4	92
ID	23	0	106
ID	24	0	71
ID	25	0	41
ID	26	0	36
ID	27	0	34
ID	28	0	25
ID	29	0	18
ID	30	0	4
ID	31	0	2
ID	32	0	1
ID	33	0	1
# Indels per cycle. Use `grep ^IC | cut -f 2-` to extract this part. The columns are: cycle, number of insertions (fwd), .. (rev) , number of deletions (fwd), .. (rev)
IC	1	1	0	2	1
IC	2	1	0	1	1
IC	3	0	0	1059	1048
IC	4	919	931	1243	1343
IC	5	1175	1178	1264	1417
IC	6	1209	1191	1430	1722
IC	7	1296	1332	1782	1890
IC	8	1548	1462	2003	2201
IC	9	1656	1577	2153	2433
IC	10	1670	1654	2212	2356
IC	11	1742	1656	2322	2514
IC	12	1849	1683	2474	2572
IC	13	1910	1913	2662	2692
IC	14	1993	1988	2671	2743
IC	15	2038	1929	2692	2868
IC	16	2145	2096	2747	2809
IC	17	2160	2159	2828	2971
IC	18	2264	2413	3001	3068
IC	19	2394	2392	3007	3121
IC	20	2298	2856	3063	3031
IC	21	2415	4097	3064	3007
IC	22	2451	2250	3054	3116
IC	23	2381	2359	3028	3104
IC	24	2454	2272	3130	3180
IC	25	2563	2342	3228	3180
IC	26	2375	2404	3123	3197
IC	27	2463	2330	3123	3157
IC	28	2474	2400	3093	3137
IC	29	2555	2389	3075	3123
IC	30	2521	2453	3108	3204
IC	31	2600	2524	3156	3224
IC	32	2550	2525	3198	3094
IC	33	2450	2384	3183	3199
IC	34	2479	2429	3193	3203
IC	35	2479	2474	3169	3221
IC	36	2553	2466	3088	3257
IC	37	2581	2467	3103	3187
IC	38	2510	2489	3115	3184
IC	39	2507	2442	3159	3199
IC	40	2493	2610	3122	3168
IC	41	2542	2493	3182	3158
IC	42	2472	2450	3101	3196
IC	43	2350	2376	3083	3251
IC	44	2383	2388	3031	3138
IC	45	2403	2381	3141	3156
IC	46	2416	2329	3067	3176
IC	47	2365	2404	3077	3242
IC	48	2232	2383	3231	3290
IC	49	2359	2316	3113	3227
IC	50	2362	2260	3092	3206
IC	51	2285	2147	3074	3196
IC	52	2282	2120	3046	3124
IC	53	2313	2171	3160	3133
IC	54	2221	2182	2932	3053
IC	55	2211	2141	2894	3003
IC	56	2294	2067	2911	3012
IC	57	2176	2028	2741	2941
IC	58	2183	2001	2744	2806
IC	59	2226	1838	2630	2800
IC	60	2372	1913	2659	2696
IC	61	2202	1834	2658	2618
IC	62	2177	1776	2576	2632
IC	63	2275	1689	2441	2440
IC	64	2327	1699	2433	2296
IC	65	2413	1803	2317	2310
IC	66	2722	1677	2242	2270
IC	67	2769	1666	2241	2173
IC	68	3338	1567	2196	2073
IC	69	3115	1672	2201	1786
IC	70	4660	2094	2552	1837
IC	71	7733	2717	3097	1942
IC	72	11583	3021	4662	2322
IC	73	18203	3502	5140	2313
IC	74	0	0	1	3
# Coverage distribution. Use `grep ^COV | cut -f 2-` to extract this part.
COV	[1-1]	1	716719054
COV	[2-2]	2	491410561
COV	[3-3]	3	233262171
COV	[4-4]	4	120631100
COV	[5-5]	5	54430527
COV	[6-6]	6	26492040
COV	[7-7]	7	12970007
COV	[8-8]	8	7286788
COV	[9-9]	9	4627501
COV	[10-10]	10	3415370
COV	[11-11]	11	2771974
COV	[12-12]	12	2405088
COV	[13-13]	13	2158362
COV	[14-14]	14	1974876
COV	[15-15]	15	1835712
COV	[16-16]	16	1719099
COV	[17-17]	17	1622163
COV	[18-18]	18	1538830
COV	[19-19]	19	1471138
COV	[20-20]	20	1407777
COV	[21-21]	21	1351447
COV	[22-22]	22	1292178
COV	[23-23]	23	1243423
COV	[24-24]	24	1200162
COV	[25-25]	25	1158750
COV	[26-26]	26	1120011
COV	[27-27]	27	1082863
COV	[28-28]	28	1044910
COV	[29-29]	29	1012314
COV	[30-30]	30	980057
COV	[31-31]	31	949025
COV	[32-32]	32	917649
COV	[33-33]	33	889505
COV	[34-34]	34	857305
COV	[35-35]	35	826851
COV	[36-36]	36	800407
COV	[37-37]	37	775633
COV	[38-38]	38	750135
COV	[39-39]	39	722666
COV	[40-40]	40	699826
COV	[41-41]	41	676557
COV	[42-42]	42	653239
COV	[43-43]	43	630707
COV	[44-44]	44	607928
COV	[45-45]	45	587162
COV	[46-46]	46	565671
COV	[47-47]	47	546568
COV	[48-48]	48	524991
COV	[49-49]	49	506411
COV	[50-50]	50	486719
COV	[51-51]	51	469275
COV	[52-52]	52	453548
COV	[53-53]	53	435928
COV	[54-54]	54	422365
COV	[55-55]	55	406109
COV	[56-56]	56	389962
COV	[57-57]	57	375425
COV	[58-58]	58	361243
COV	[59-59]	59	349583
COV	[60-60]	60	335827
COV	[61-61]	61	322993
COV	[62-62]	62	311775
COV	[63-63]	63	300976
COV	[64-64]	64	289587
COV	[65-65]	65	280499
COV	[66-66]	66	269854
COV	[67-67]	67	259828
COV	[68-68]	68	252228
COV	[69-69]	69	244654
COV	[70-70]	70	234649
COV	[71-71]	71	225817
COV	[72-72]	72	218113
COV	[73-73]	73	209552
COV	[74-74]	74	202939
COV	[75-75]	75	194891
COV	[76-76]	76	187685
COV	[77-77]	77	180988
COV	[78-78]	78	175384
COV	[79-79]	79	169211
COV	[80-80]	80	163545
COV	[81-81]	81	158326
COV	[82-82]	82	151669
COV	[83-83]	83	147366
COV	[84-84]	84	142156
COV	[85-85]	85	137528
COV	[86-86]	86	132364
COV	[87-87]	87	127326
COV	[88-88]	88	123733
COV	[89-89]	89	120285
COV	[90-90]	90	115808
COV	[91-91]	91	112098
COV	[92-92]	92	108339
COV	[93-93]	93	105388
COV	[94-94]	94	102069
COV	[95-95]	95	99110
COV	[96-96]	96	96102
COV	[97-97]	97	92596
COV	[98-98]	98	89301
COV	[99-99]	99	87027
COV	[100-100]	100	83970
COV	[101-101]	101	81423
COV	[102-102]	102	79334
COV	[103-103]	103	76544
COV	[104-104]	104	74602
COV	[105-105]	105	72251
COV	[106-106]	106	70281
COV	[107-107]	107	68528
COV	[108-108]	108	66388
COV	[109-109]	109	64050
COV	[110-110]	110	62043
COV	[111-111]	111	60606
COV	[112-112]	112	58688
COV	[113-113]	113	57056
COV	[114-114]	114	55938
COV	[115-115]	115	54416
COV	[116-116]	116	52665
COV	[117-117]	117	51351
COV	[118-118]	118	49330
COV	[119-119]	119	48313
COV	[120-120]	120	46587
COV	[121-121]	121	45096
COV	[122-122]	122	43525
COV	[123-123]	123	42868
COV	[124-124]	124	41532
COV	[125-125]	125	40506
COV	[126-126]	126	39369
COV	[127-127]	127	38259
COV	[128-128]	128	37162
COV	[129-129]	129	35919
COV	[130-130]	130	35099
COV	[131-131]	131	34462
COV	[132-132]	132	33619
COV	[133-133]	133	32710
COV	[134-134]	134	31577
COV	[135-135]	135	30995
COV	[136-136]	136	29999
COV	[137-137]	137	29157
COV	[138-138]	138	28213
COV	[139-139]	139	27287
COV	[140-140]	140	26889
COV	[141-141]	141	26011
COV	[142-142]	142	25251
COV	[143-143]	143	24747
COV	[144-144]	144	24462
COV	[145-145]	145	23626
COV	[146-146]	146	23143
COV	[147-147]	147	22489
COV	[148-148]	148	21768
COV	[149-149]	149	21334
COV	[150-150]	150	20889
COV	[151-151]	151	20412
COV	[152-152]	152	20140
COV	[153-153]	153	19809
COV	[154-154]	154	18868
COV	[155-155]	155	18568
COV	[156-156]	156	18199
COV	[157-157]	157	17640
COV	[158-158]	158	17556
COV	[159-159]	159	17046
COV	[160-160]	160	16881
COV	[161-161]	161	16211
COV	[162-162]	162	15934
COV	[163-163]	163	15561
COV	[164-164]	164	15227
COV	[165-165]	165	14744
COV	[166-166]	166	14700
COV	[167-167]	167	14175
COV	[168-168]	168	13835
COV	[169-169]	169	13446
COV	[170-170]	170	13280
COV	[171-171]	171	13018
COV	[172-172]	172	12682
COV	[173-173]	173	12481
COV	[174-174]	174	12248
COV	[175-175]	175	12101
COV	[176-176]	176	11752
COV	[177-177]	177	11437
COV	[178-178]	178	11097
COV	[179-179]	179	11059
COV	[180-180]	180	10733
COV	[181-181]	181	10383
COV	[182-182]	182	10324
COV	[183-183]	183	10052
COV	[184-184]	184	9887
COV	[185-185]	185	9692
COV	[186-186]	186	9478
COV	[187-187]	187	9229
COV	[188-188]	188	9078
COV	[189-189]	189	8767
COV	[190-190]	190	8728
COV	[191-191]	191	8431
COV	[192-192]	192	8338
COV	[193-193]	193	8171
COV	[194-194]	194	8105
COV	[195-195]	195	7951
COV	[196-196]	196	7623
COV	[197-197]	197	7551
COV	[198-198]	198	7310
COV	[199-199]	199	7215
COV	[200-200]	200	7073
COV	[201-201]	201	6809
COV	[202-202]	202	6701
COV	[203-203]	203	6445
COV	[204-204]	204	6404
COV	[205-205]	205	6202
COV	[206-206]	206	6203
COV	[207-207]	207	5904
COV	[208-208]	208	5951
COV	[209-209]	209	5733
COV	[210-210]	210	5554
COV	[211-211]	211	5626
COV	[212-212]	212	5503
COV	[213-213]	213	5397
COV	[214-214]	214	5353
COV	[215-215]	215	5293
COV	[216-216]	216	5286
COV	[217-217]	217	5156
COV	[218-218]	218	5082
COV	[219-219]	219	4960
COV	[220-220]	220	4846
COV	[221-221]	221	4796
COV	[222-222]	222	4678
COV	[223-223]	223	4629
COV	[224-224]	224	4301
COV	[225-225]	225	4515
COV	[226-226]	226	4395
COV	[227-227]	227	4116
COV	[228-228]	228	4216
COV	[229-229]	229	4147
COV	[230-230]	230	4081
COV	[231-231]	231	4096
COV	[232-232]	232	4115
COV	[233-233]	233	3910
COV	[234-234]	234	3937
COV	[235-235]	235	3755
COV	[236-236]	236	3722
COV	[237-237]	237	3504
COV	[238-238]	238	3608
COV	[239-239]	239	3553
COV	[240-240]	240	3420
COV	[241-241]	241	3359
COV	[242-242]	242	3259
COV	[243-243]	243	3217
COV	[244-244]	244	3159
COV	[245-245]	245	3120
COV	[246-246]	246	3125
COV	[247-247]	247	3015
COV	[248-248]	248	2947
COV	[249-249]	249	2935
COV	[250-250]	250	2807
COV	[251-251]	251	2684
COV	[252-252]	252	2715
COV	[253-253]	253	2659
COV	[254-254]	254	2649
COV	[255-255]	255	2551
COV	[256-256]	256	2559
COV	[257-257]	257	2548
COV	[258-258]	258	2583
COV	[259-259]	259	2479
COV	[260-260]	260	2411
COV	[261-261]	261	2287
COV	[262-262]	262	2398
COV	[263-263]	263	2290
COV	[264-264]	264	2196
COV	[265-265]	265	2177
COV	[266-266]	266	2147
COV	[267-267]	267	2011
COV	[268-268]	268	2072
COV	[269-269]	269	2043
COV	[270-270]	270	2046
COV	[271-271]	271	2016
COV	[272-272]	272	1923
COV	[273-273]	273	1929
COV	[274-274]	274	1979
COV	[275-275]	275	1899
COV	[276-276]	276	1906
COV	[277-277]	277	1899
COV	[278-278]	278	1772
COV	[279-279]	279	1871
COV	[280-280]	280	1789
COV	[281-281]	281	1828
COV	[282-282]	282	1641
COV	[283-283]	283	1746
COV	[284-284]	284	1647
COV	[285-285]	285	1702
COV	[286-286]	286	1663
COV	[287-287]	287	1551
COV	[288-288]	288	1577
COV	[289-289]	289	1573
COV	[290-290]	290	1529
COV	[291-291]	291	1420
COV	[292-292]	292	1379
COV	[293-293]	293	1430
COV	[294-294]	294	1397
COV	[295-295]	295	1430
COV	[296-296]	296	1311
COV	[297-297]	297	1312
COV	[298-298]	298	1393
COV	[299-299]	299	1298
COV	[300-300]	300	1335
COV	[301-301]	301	1257
COV	[302-302]	302	1253
COV	[303-303]	303	1181
COV	[304-304]	304	1117
COV	[305-305]	305	1196
COV	[306-306]	306	1230
COV	[307-307]	307	1196
COV	[308-308]	308	1231
COV	[309-309]	309	1156
COV	[310-310]	310	1103
COV	[311-311]	311	1101
COV	[312-312]	312	1109
COV	[313-313]	313	1117
COV	[314-314]	314	1050
COV	[315-315]	315	1086
COV	[316-316]	316	982
COV	[317-317]	317	990
COV	[318-318]	318	1030
COV	[319-319]	319	967
COV	[320-320]	320	956
COV	[321-321]	321	917
COV	[322-322]	322	876
COV	[323-323]	323	946
COV	[324-324]	324	914
COV	[325-325]	325	900
COV	[326-326]	326	887
COV	[327-327]	327	918
COV	[328-328]	328	860
COV	[329-329]	329	833
COV	[330-330]	330	855
COV	[331-331]	331	805
COV	[332-332]	332	803
COV	[333-333]	333	768
COV	[334-334]	334	808
COV	[335-335]	335	801
COV	[336-336]	336	785
COV	[337-337]	337	740
COV	[338-338]	338	710
COV	[339-339]	339	725
COV	[340-340]	340	780
COV	[341-341]	341	742
COV	[342-342]	342	690
COV	[343-343]	343	735
COV	[344-344]	344	753
COV	[345-345]	345	757
COV	[346-346]	346	733
COV	[347-347]	347	701
COV	[348-348]	348	730
COV	[349-349]	349	687
COV	[350-350]	350	664
COV	[351-351]	351	660
COV	[352-352]	352	673
COV	[353-353]	353	671
COV	[354-354]	354	696
COV	[355-355]	355	688
COV	[356-356]	356	663
COV	[357-357]	357	673
COV	[358-358]	358	643
COV	[359-359]	359	635
COV	[360-360]	360	618
COV	[361-361]	361	569
COV	[362-362]	362	604
COV	[363-363]	363	585
COV	[364-364]	364	608
COV	[365-365]	365	620
COV	[366-366]	366	536
COV	[367-367]	367	537
COV	[368-368]	368	552
COV	[369-369]	369	588
COV	[370-370]	370	543
COV	[371-371]	371	539
COV	[372-372]	372	544
COV	[373-373]	373	521
COV	[374-374]	374	512
COV	[375-375]	375	506
COV	[376-376]	376	563
COV	[377-377]	377	505
COV	[378-378]	378	510
COV	[379-379]	379	540
COV	[380-380]	380	483
COV	[381-381]	381	537
COV	[382-382]	382	501
COV	[383-383]	383	511
COV	[384-384]	384	509
COV	[385-385]	385	540
COV	[386-386]	386	490
COV	[387-387]	387	483
COV	[388-388]	388	452
COV	[389-389]	389	463
COV	[390-390]	390	462
COV	[391-391]	391	465
COV	[392-392]	392	409
COV	[393-393]	393	428
COV	[394-394]	394	446
COV	[395-395]	395	374
COV	[396-396]	396	411
COV	[397-397]	397	424
COV	[398-398]	398	387
COV	[399-399]	399	423
COV	[400-400]	400	392
COV	[401-401]	401	394
COV	[402-402]	402	371
COV	[403-403]	403	405
COV	[404-404]	404	422
COV	[405-405]	405	418
COV	[406-406]	406	378
COV	[407-407]	407	369
COV	[408-408]	408	393
COV	[409-409]	409	405
COV	[410-410]	410	348
COV	[411-411]	411	360
COV	[412-412]	412	356
COV	[413-413]	413	346
COV	[414-414]	414	371
COV	[415-415]	415	366
COV	[416-416]	416	327
COV	[417-417]	417	332
COV	[418-418]	418	326
COV	[419-419]	419	337
COV	[420-420]	420	312
COV	[421-421]	421	289
COV	[422-422]	422	323
COV	[423-423]	423	358
COV	[424-424]	424	293
COV	[425-425]	425	322
COV	[426-426]	426	319
COV	[427-427]	427	300
COV	[428-428]	428	324
COV	[429-429]	429	282
COV	[430-430]	430	277
COV	[431-431]	431	325
COV	[432-432]	432	303
COV	[433-433]	433	302
COV	[434-434]	434	280
COV	[435-435]	435	272
COV	[436-436]	436	286
COV	[437-437]	437	263
COV	[438-438]	438	269
COV	[439-439]	439	275
COV	[440-440]	440	279
COV	[441-441]	441	291
COV	[442-442]	442	279
COV	[443-443]	443	277
COV	[444-444]	444	272
COV	[445-445]	445	298
COV	[446-446]	446	237
COV	[447-447]	447	259
COV	[448-448]	448	264
COV	[449-449]	449	263
COV	[450-450]	450	248
COV	[451-451]	451	268
COV	[452-452]	452	246
COV	[453-453]	453	265
COV	[454-454]	454	270
COV	[455-455]	455	261
COV	[456-456]	456	258
COV	[457-457]	457	234
COV	[458-458]	458	260
COV	[459-459]	459	259
COV	[460-460]	460	247
COV	[461-461]	461	243
COV	[462-462]	462	251
COV	[463-463]	463	242
COV	[464-464]	464	285
COV	[465-465]	465	248
COV	[466-466]	466	263
COV	[467-467]	467	243
COV	[468-468]	468	245
COV	[469-469]	469	230
COV	[470-470]	470	205
COV	[471-471]	471	217
COV	[472-472]	472	250
COV	[473-473]	473	225
COV	[474-474]	474	247
COV	[475-475]	475	222
COV	[476-476]	476	213
COV	[477-477]	477	233
COV	[478-478]	478	237
COV	[479-479]	479	227
COV	[480-480]	480	214
COV	[481-481]	481	216
COV	[482-482]	482	195
COV	[483-483]	483	253
COV	[484-484]	484	222
COV	[485-485]	485	227
COV	[486-486]	486	236
COV	[487-487]	487	210
COV	[488-488]	488	210
COV	[489-489]	489	211
COV	[490-490]	490	230
COV	[491-491]	491	194
COV	[492-492]	492	190
COV	[493-493]	493	205
COV	[494-494]	494	219
COV	[495-495]	495	205
COV	[496-496]	496	220
COV	[497-497]	497	228
COV	[498-498]	498	183
COV	[499-499]	499	223
COV	[500-500]	500	221
COV	[501-501]	501	217
COV	[502-502]	502	222
COV	[503-503]	503	207
COV	[504-504]	504	213
COV	[505-505]	505	188
COV	[506-506]	506	235
COV	[507-507]	507	230
COV	[508-508]	508	209
COV	[509-509]	509	192
COV	[510-510]	510	232
COV	[511-511]	511	205
COV	[512-512]	512	210
COV	[513-513]	513	205
COV	[514-514]	514	201
COV	[515-515]	515	211
COV	[516-516]	516	216
COV	[517-517]	517	196
COV	[518-518]	518	212
COV	[519-519]	519	189
COV	[520-520]	520	190
COV	[521-521]	521	197
COV	[522-522]	522	176
COV	[523-523]	523	178
COV	[524-524]	524	198
COV	[525-525]	525	223
COV	[526-526]	526	198
COV	[527-527]	527	181
COV	[528-528]	528	206
COV	[529-529]	529	172
COV	[530-530]	530	161
COV	[531-531]	531	160
COV	[532-532]	532	154
COV	[533-533]	533	174
COV	[534-534]	534	200
COV	[535-535]	535	172
COV	[536-536]	536	169
COV	[537-537]	537	174
COV	[538-538]	538	175
COV	[539-539]	539	175
COV	[540-540]	540	159
COV	[541-541]	541	176
COV	[542-542]	542	162
COV	[543-543]	543	156
COV	[544-544]	544	174
COV	[545-545]	545	152
COV	[546-546]	546	163
COV	[547-547]	547	211
COV	[548-548]	548	189
COV	[549-549]	549	172
COV	[550-550]	550	180
COV	[551-551]	551	178
COV	[552-552]	552	174
COV	[553-553]	553	149
COV	[554-554]	554	171
COV	[555-555]	555	154
COV	[556-556]	556	165
COV	[557-557]	557	179
COV	[558-558]	558	179
COV	[559-559]	559	191
COV	[560-560]	560	176
COV	[561-561]	561	192
COV	[562-562]	562	155
COV	[563-563]	563	173
COV	[564-564]	564	191
COV	[565-565]	565	165
COV	[566-566]	566	184
COV	[567-567]	567	164
COV	[568-568]	568	170
COV	[569-569]	569	169
COV	[570-570]	570	143
COV	[571-571]	571	149
COV	[572-572]	572	161
COV	[573-573]	573	163
COV	[574-574]	574	160
COV	[575-575]	575	137
COV	[576-576]	576	166
COV	[577-577]	577	147
COV	[578-578]	578	153
COV	[579-579]	579	164
COV	[580-580]	580	147
COV	[581-581]	581	156
COV	[582-582]	582	168
COV	[583-583]	583	153
COV	[584-584]	584	163
COV	[585-585]	585	148
COV	[586-586]	586	143
COV	[587-587]	587	129
COV	[588-588]	588	134
COV	[589-589]	589	109
COV	[590-590]	590	122
COV	[591-591]	591	140
COV	[592-592]	592	131
COV	[593-593]	593	116
COV	[594-594]	594	127
COV	[595-595]	595	124
COV	[596-596]	596	122
COV	[597-597]	597	124
COV	[598-598]	598	130
COV	[599-599]	599	117
COV	[600-600]	600	138
COV	[601-601]	601	112
COV	[602-602]	602	154
COV	[603-603]	603	109
COV	[604-604]	604	108
COV	[605-605]	605	137
COV	[606-606]	606	119
COV	[607-607]	607	113
COV	[608-608]	608	114
COV	[609-609]	609	142
COV	[610-610]	610	137
COV	[611-611]	611	144
COV	[612-612]	612	139
COV	[613-613]	613	127
COV	[614-614]	614	125
COV	[615-615]	615	140
COV	[616-616]	616	138
COV	[617-617]	617	127
COV	[618-618]	618	140
COV	[619-619]	619	128
COV	[620-620]	620	135
COV	[621-621]	621	139
COV	[622-622]	622	142
COV	[623-623]	623	120
COV	[624-624]	624	147
COV	[625-625]	625	143
COV	[626-626]	626	157
COV	[627-627]	627	139
COV	[628-628]	628	126
COV	[629-629]	629	124
COV	[630-630]	630	137
COV	[631-631]	631	127
COV	[632-632]	632	150
COV	[633-633]	633	146
COV	[634-634]	634	126
COV	[635-635]	635	129
COV	[636-636]	636	123
COV	[637-637]	637	112
COV	[638-638]	638	131
COV	[639-639]	639	113
COV	[640-640]	640	99
COV	[641-641]	641	101
COV	[642-642]	642	114
COV	[643-643]	643	142
COV	[644-644]	644	113
COV	[645-645]	645	107
COV	[646-646]	646	115
COV	[647-647]	647	124
COV	[648-648]	648	117
COV	[649-649]	649	111
COV	[650-650]	650	100
COV	[651-651]	651	107
COV	[652-652]	652	105
COV	[653-653]	653	110
COV	[654-654]	654	95
COV	[655-655]	655	110
COV	[656-656]	656	112
COV	[657-657]	657	126
COV	[658-658]	658	96
COV	[659-659]	659	120
COV	[660-660]	660	101
COV	[661-661]	661	125
COV	[662-662]	662	105
COV	[663-663]	663	103
COV	[664-664]	664	97
COV	[665-665]	665	91
COV	[666-666]	666	98
COV	[667-667]	667	128
COV	[668-668]	668	103
COV	[669-669]	669	116
COV	[670-670]	670	122
COV	[671-671]	671	124
COV	[672-672]	672	106
COV	[673-673]	673	106
COV	[674-674]	674	101
COV	[675-675]	675	119
COV	[676-676]	676	96
COV	[677-677]	677	106
COV	[678-678]	678	98
COV	[679-679]	679	113
COV	[680-680]	680	121
COV	[681-681]	681	103
COV	[682-682]	682	114
COV	[683-683]	683	102
COV	[684-684]	684	103
COV	[685-685]	685	101
COV	[686-686]	686	110
COV	[687-687]	687	117
COV	[688-688]	688	121
COV	[689-689]	689	101
COV	[690-690]	690	144
COV	[691-691]	691	106
COV	[692-692]	692	91
COV	[693-693]	693	111
COV	[694-694]	694	97
COV	[695-695]	695	96
COV	[696-696]	696	112
COV	[697-697]	697	93
COV	[698-698]	698	100
COV	[699-699]	699	118
COV	[700-700]	700	115
COV	[701-701]	701	115
COV	[702-702]	702	85
COV	[703-703]	703	97
COV	[704-704]	704	82
COV	[705-705]	705	100
COV	[706-706]	706	90
COV	[707-707]	707	111
COV	[708-708]	708	114
COV	[709-709]	709	112
COV	[710-710]	710	95
COV	[711-711]	711	91
COV	[712-712]	712	100
COV	[713-713]	713	102
COV	[714-714]	714	80
COV	[715-715]	715	84
COV	[716-716]	716	105
COV	[717-717]	717	95
COV	[718-718]	718	110
COV	[719-719]	719	79
COV	[720-720]	720	108
COV	[721-721]	721	98
COV	[722-722]	722	93
COV	[723-723]	723	99
COV	[724-724]	724	83
COV	[725-725]	725	90
COV	[726-726]	726	121
COV	[727-727]	727	106
COV	[728-728]	728	96
COV	[729-729]	729	78
COV	[730-730]	730	74
COV	[731-731]	731	95
COV	[732-732]	732	62
COV	[733-733]	733	81
COV	[734-734]	734	76
COV	[735-735]	735	64
COV	[736-736]	736	79
COV	[737-737]	737	73
COV	[738-738]	738	92
COV	[739-739]	739	95
COV	[740-740]	740	65
COV	[741-741]	741	85
COV	[742-742]	742	95
COV	[743-743]	743	69
COV	[744-744]	744	67
COV	[745-745]	745	83
COV	[746-746]	746	63
COV	[747-747]	747	86
COV	[748-748]	748	74
COV	[749-749]	749	85
COV	[750-750]	750	79
COV	[751-751]	751	65
COV	[752-752]	752	77
COV	[753-753]	753	89
COV	[754-754]	754	69
COV	[755-755]	755	62
COV	[756-756]	756	78
COV	[757-757]	757	89
COV	[758-758]	758	68
COV	[759-759]	759	93
COV	[760-760]	760	71
COV	[761-761]	761	62
COV	[762-762]	762	59
COV	[763-763]	763	70
COV	[764-764]	764	75
COV	[765-765]	765	67
COV	[766-766]	766	76
COV	[767-767]	767	70
COV	[768-768]	768	78
COV	[769-769]	769	81
COV	[770-770]	770	67
COV	[771-771]	771	75
COV	[772-772]	772	73
COV	[773-773]	773	73
COV	[774-774]	774	61
COV	[775-775]	775	79
COV	[776-776]	776	69
COV	[777-777]	777	78
COV	[778-778]	778	56
COV	[779-779]	779	73
COV	[780-780]	780	94
COV	[781-781]	781	64
COV	[782-782]	782	67
COV	[783-783]	783	70
COV	[784-784]	784	62
COV	[785-785]	785	64
COV	[786-786]	786	70
COV	[787-787]	787	63
COV	[788-788]	788	72
COV	[789-789]	789	66
COV	[790-790]	790	73
COV	[791-791]	791	80
COV	[792-792]	792	61
COV	[793-793]	793	72
COV	[794-794]	794	59
COV	[795-795]	795	66
COV	[796-796]	796	75
COV	[797-797]	797	63
COV	[798-798]	798	81
COV	[799-799]	799	55
COV	[800-800]	800	47
COV	[801-801]	801	62
COV	[802-802]	802	61
COV	[803-803]	803	53
COV	[804-804]	804	46
COV	[805-805]	805	45
COV	[806-806]	806	49
COV	[807-807]	807	56
COV	[808-808]	808	60
COV	[809-809]	809	39
COV	[810-810]	810	40
COV	[811-811]	811	51
COV	[812-812]	812	60
COV	[813-813]	813	41
COV	[814-814]	814	46
COV	[815-815]	815	43
COV	[816-816]	816	43
COV	[817-817]	817	40
COV	[818-818]	818	39
COV	[819-819]	819	41
COV	[820-820]	820	57
COV	[821-821]	821	44
COV	[822-822]	822	48
COV	[823-823]	823	52
COV	[824-824]	824	47
COV	[825-825]	825	38
COV	[826-826]	826	48
COV	[827-827]	827	41
COV	[828-828]	828	39
COV	[829-829]	829	43
COV	[830-830]	830	36
COV	[831-831]	831	47
COV	[832-832]	832	62
COV	[833-833]	833	60
COV	[834-834]	834	31
COV	[835-835]	835	44
COV	[836-836]	836	46
COV	[837-837]	837	41
COV	[838-838]	838	44
COV	[839-839]	839	48
COV	[840-840]	840	46
COV	[841-841]	841	48
COV	[842-842]	842	49
COV	[843-843]	843	43
COV	[844-844]	844	39
COV	[845-845]	845	50
COV	[846-846]	846	35
COV	[847-847]	847	37
COV	[848-848]	848	44
COV	[849-849]	849	42
COV	[850-850]	850	39
COV	[851-851]	851	48
COV	[852-852]	852	42
COV	[853-853]	853	37
COV	[854-854]	854	37
COV	[855-855]	855	45
COV	[856-856]	856	38
COV	[857-857]	857	34
COV	[858-858]	858	38
COV	[859-859]	859	38
COV	[860-860]	860	26
COV	[861-861]	861	34
COV	[862-862]	862	43
COV	[863-863]	863	27
COV	[864-864]	864	35
COV	[865-865]	865	28
COV	[866-866]	866	25
COV	[867-867]	867	34
COV	[868-868]	868	41
COV	[869-869]	869	35
COV	[870-870]	870	48
COV	[871-871]	871	30
COV	[872-872]	872	31
COV	[873-873]	873	33
COV	[874-874]	874	36
COV	[875-875]	875	41
COV	[876-876]	876	45
COV	[877-877]	877	31
COV	[878-878]	878	56
COV	[879-879]	879	28
COV	[880-880]	880	41
COV	[881-881]	881	38
COV	[882-882]	882	40
COV	[883-883]	883	28
COV	[884-884]	884	33
COV	[885-885]	885	38
COV	[886-886]	886	38
COV	[887-887]	887	32
COV	[888-888]	888	40
COV	[889-889]	889	35
COV	[890-890]	890	29
COV	[891-891]	891	24
COV	[892-892]	892	30
COV	[893-893]	893	31
COV	[894-894]	894	27
COV	[895-895]	895	37
COV	[896-896]	896	36
COV	[897-897]	897	33
COV	[898-898]	898	29
COV	[899-899]	899	30
COV	[900-900]	900	39
COV	[901-901]	901	24
COV	[902-902]	902	39
COV	[903-903]	903	26
COV	[904-904]	904	28
COV	[905-905]	905	26
COV	[906-906]	906	25
COV	[907-907]	907	26
COV	[908-908]	908	32
COV	[909-909]	909	35
COV	[910-910]	910	31
COV	[911-911]	911	25
COV	[912-912]	912	21
COV	[913-913]	913	35
COV	[914-914]	914	38
COV	[915-915]	915	27
COV	[916-916]	916	41
COV	[917-917]	917	24
COV	[918-918]	918	38
COV	[919-919]	919	30
COV	[920-920]	920	29
COV	[921-921]	921	22
COV	[922-922]	922	43
COV	[923-923]	923	33
COV	[924-924]	924	40
COV	[925-925]	925	35
COV	[926-926]	926	29
COV	[927-927]	927	32
COV	[928-928]	928	13
COV	[929-929]	929	27
COV	[930-930]	930	22
COV	[931-931]	931	38
COV	[932-932]	932	29
COV	[933-933]	933	21
COV	[934-934]	934	34
COV	[935-935]	935	22
COV	[936-936]	936	19
COV	[937-937]	937	27
COV	[938-938]	938	23
COV	[939-939]	939	16
COV	[940-940]	940	28
COV	[941-941]	941	22
COV	[942-942]	942	25
COV	[943-943]	943	25
COV	[944-944]	944	18
COV	[945-945]	945	34
COV	[946-946]	946	24
COV	[947-947]	947	26
COV	[948-948]	948	25
COV	[949-949]	949	18
COV	[950-950]	950	21
COV	[951-951]	951	32
COV	[952-952]	952	26
COV	[953-953]	953	27
COV	[954-954]	954	34
COV	[955-955]	955	26
COV	[956-956]	956	22
COV	[957-957]	957	30
COV	[958-958]	958	34
COV	[959-959]	959	18
COV	[960-960]	960	21
COV	[961-961]	961	15
COV	[962-962]	962	32
COV	[963-963]	963	24
COV	[964-964]	964	24
COV	[965-965]	965	24
COV	[966-966]	966	21
COV	[967-967]	967	29
COV	[968-968]	968	26
COV	[969-969]	969	27
COV	[970-970]	970	16
COV	[971-971]	971	21
COV	[972-972]	972	23
COV	[973-973]	973	31
COV	[974-974]	974	27
COV	[975-975]	975	20
COV	[976-976]	976	26
COV	[977-977]	977	36
COV	[978-978]	978	27
COV	[979-979]	979	22
COV	[980-980]	980	23
COV	[981-981]	981	20
COV	[982-982]	982	34
COV	[983-983]	983	28
COV	[984-984]	984	30
COV	[985-985]	985	29
COV	[986-986]	986	29
COV	[987-987]	987	27
COV	[988-988]	988	21
COV	[989-989]	989	26
COV	[990-990]	990	18
COV	[991-991]	991	27
COV	[992-992]	992	38
COV	[993-993]	993	30
COV	[994-994]	994	32
COV	[995-995]	995	24
COV	[996-996]	996	20
COV	[997-997]	997	22
COV	[998-998]	998	28
COV	[999-999]	999	23
COV	[1000-1000]	1000	23
COV	[1000<]	1000	19247
# GC-depth. Use `grep ^GCD | cut -f 2-` to extract this part. The columns are: GC%, unique sequence percentiles, 10th, 25th, 50th, 75th and 90th depth percentile
GCD	0.0	0.002	0.000	0.000	0.004	0.008	0.008
GCD	22.0	0.003	3.654	3.654	3.654	3.654	3.654
GCD	23.0	0.005	0.929	0.929	33.770	97.435	97.435
GCD	24.0	0.007	1.748	1.748	9.481	9.690	9.690
GCD	25.0	0.009	3.336	3.336	9.735	34.839	34.839
GCD	26.0	0.009	2.718	2.718	2.718	2.718	2.718
GCD	27.0	0.011	1.877	1.877	2.127	2.377	2.377
GCD	28.0	0.011	1.152	1.152	1.152	1.152	1.152
GCD	29.0	0.012	0.030	0.030	0.030	0.030	0.030
GCD	30.0	0.013	0.008	0.008	0.008	0.008	0.008
GCD	31.0	0.014	0.315	0.315	3.230	6.145	6.145
GCD	32.0	0.024	0.018	0.183	0.747	1.014	1.847
GCD	33.0	0.089	0.573	0.758	0.828	0.908	1.811
GCD	34.0	0.424	0.679	0.800	0.879	0.989	1.797
GCD	35.0	1.652	0.754	0.842	0.925	1.031	1.798
GCD	36.0	4.669	0.751	0.868	0.963	1.073	1.895
GCD	37.0	10.045	0.789	0.910	1.012	1.137	1.928
GCD	38.0	17.730	0.743	0.940	1.050	1.187	2.005
GCD	39.0	27.170	0.819	0.989	1.107	1.289	2.329
GCD	40.0	36.765	0.766	1.027	1.152	1.331	2.452
GCD	41.0	45.517	0.724	1.069	1.206	1.399	2.745
GCD	42.0	53.407	0.936	1.126	1.262	1.526	3.010
GCD	43.0	60.165	0.997	1.171	1.312	1.664	3.314
GCD	44.0	66.050	1.058	1.221	1.365	1.820	3.597
GCD	45.0	71.125	1.073	1.251	1.422	2.013	3.889
GCD	46.0	75.512	1.080	1.281	1.463	2.077	4.102
GCD	47.0	79.308	1.092	1.308	1.505	2.263	4.350
GCD	48.0	82.548	1.077	1.346	1.554	2.430	4.568
GCD	49.0	85.219	1.075	1.376	1.623	2.726	5.119
GCD	50.0	87.563	1.008	1.410	1.679	2.965	5.595
GCD	51.0	89.617	1.035	1.444	1.751	3.226	5.918
GCD	52.0	91.340	0.894	1.457	1.767	3.495	5.924
GCD	53.0	92.876	1.039	1.550	1.990	3.942	6.586
GCD	54.0	94.248	1.089	1.588	2.256	4.174	6.929
GCD	54.2	94.248	0.481	0.481	0.481	0.481	0.481
GCD	55.0	95.456	1.272	1.683	2.591	4.660	7.718
GCD	56.0	96.547	1.173	1.744	2.802	4.913	7.769
GCD	57.0	97.473	1.387	1.857	3.258	5.615	9.076
GCD	58.0	98.214	1.456	2.034	3.647	5.899	9.141
GCD	59.0	98.827	1.502	2.282	3.817	6.206	9.084
GCD	60.0	99.269	1.449	2.256	4.049	6.119	10.002
GCD	61.0	99.578	1.350	2.068	3.984	6.283	8.981
GCD	62.0	99.765	1.469	2.243	3.835	6.179	9.094
GCD	63.0	99.879	1.494	2.088	3.520	5.707	8.285
GCD	64.0	99.953	1.159	1.660	3.162	4.803	6.901
GCD	65.0	99.986	1.558	2.203	4.210	5.975	10.061
GCD	66.0	99.997	1.868	2.611	3.846	7.505	31.475
GCD	67.0	100.000	0.008	0.021	1.420	3.254	3.412
