chr1	248956422	7535774	199
chr10	133797422	3615744	293
chr11	135086622	3928754	145
chr11_KI270721v1_random	100316	1278	0
chr12	133275309	3770085	108
chr13	114364328	2014975	86
chr14	107043718	2414665	88
chr14_GL000009v2_random	201709	10155	1
chr14_GL000225v1_random	211173	81990	247
chr14_KI270722v1_random	194050	7166	0
chr14_GL000194v1_random	191469	6451	1
chr14_KI270723v1_random	38115	4130	18
chr14_KI270724v1_random	39555	3655	15
chr14_KI270725v1_random	172810	3690	0
chr14_KI270726v1_random	43739	1113	0
chr15	101991189	2402533	78
chr15_KI270727v1_random	448248	4671	0
chr16	90338345	2930516	112
chr16_KI270728v1_random	1872759	37873	1
chr17	83257441	3165625	122
chr17_GL000205v2_random	185591	10838	0
chr17_KI270729v1_random	280839	36302	39
chr17_KI270730v1_random	112551	7225	21
chr18	80373285	1691936	88
chr19	58617616	2624118	412
chr1_KI270706v1_random	175055	6158	1
chr1_KI270707v1_random	32032	713	0
chr1_KI270708v1_random	127682	2997	0
chr1_KI270709v1_random	66860	31843	0
chr1_KI270710v1_random	40176	1060	0
chr1_KI270711v1_random	42210	28564	0
chr1_KI270712v1_random	176043	3836	0
chr1_KI270713v1_random	40745	3006	0
chr1_KI270714v1_random	41717	1563	0
chr2	242193529	6066040	193
chr20	64444167	1877036	107
chr21	46709983	1087689	131
chr22	50818468	1342212	85
chr22_KI270731v1_random	150754	3773	2
chr22_KI270732v1_random	41543	1846	0
chr22_KI270733v1_random	179772	57689	2
chr22_KI270734v1_random	165050	5590	1
chr22_KI270735v1_random	42811	3678	7
chr22_KI270736v1_random	181920	14223	90
chr22_KI270737v1_random	103838	4485	6
chr22_KI270738v1_random	99375	2019	0
chr22_KI270739v1_random	73985	606	0
chr2_KI270715v1_random	161471	1736	0
chr2_KI270716v1_random	153799	2267	0
chr3	198295559	4876818	199
chr3_GL000221v1_random	155397	5878	0
chr4	190214555	4136972	232
chr4_GL000008v2_random	209709	8801	7
chr5	181538259	4265730	139
chr5_GL000208v1_random	92689	1541	0
chr6	170805979	4010182	110
chr7	159345973	3990499	337
chr8	145138636	3209273	101
chr9	138394717	3282142	92
chr9_KI270717v1_random	40062	872	0
chr9_KI270718v1_random	38054	1420	3
chr9_KI270719v1_random	176845	5081	0
chr9_KI270720v1_random	39050	1521	0
chr1_KI270762v1_alt	354444	9064	1
chr1_KI270766v1_alt	256271	21228	1
chr1_KI270760v1_alt	109528	1091	0
chr1_KI270765v1_alt	185285	3277	0
chr1_GL383518v1_alt	182439	6939	0
chr1_GL383519v1_alt	110268	6148	0
chr1_GL383520v2_alt	366580	3946	0
chr1_KI270764v1_alt	50258	607	1
chr1_KI270763v1_alt	911658	10014	0
chr1_KI270759v1_alt	425601	4865	0
chr1_KI270761v1_alt	165834	5085	0
chr2_KI270770v1_alt	136240	1232	2
chr2_KI270773v1_alt	70887	892	0
chr2_KI270774v1_alt	223625	2823	0
chr2_KI270769v1_alt	120616	2012	0
chr2_GL383521v1_alt	143390	1149	0
chr2_KI270772v1_alt	133041	4412	1
chr2_KI270775v1_alt	138019	964	0
chr2_KI270771v1_alt	110395	791	0
chr2_KI270768v1_alt	110099	1362	0
chr2_GL582966v2_alt	96131	1385	0
chr2_GL383522v1_alt	123821	3040	0
chr2_KI270776v1_alt	174166	2317	1
chr2_KI270767v1_alt	161578	1238	0
chr3_JH636055v2_alt	173151	3060	0
chr3_KI270783v1_alt	109187	869	0
chr3_KI270780v1_alt	224108	2657	0
chr3_GL383526v1_alt	180671	1809	0
chr3_KI270777v1_alt	173649	1974	0
chr3_KI270778v1_alt	248252	1537	0
chr3_KI270781v1_alt	113034	1063	0
chr3_KI270779v1_alt	205312	2615	0
chr3_KI270782v1_alt	162429	1998	0
chr3_KI270784v1_alt	184404	2500	0
chr4_KI270790v1_alt	220246	1542	0
chr4_GL383528v1_alt	376187	2278	0
chr4_KI270787v1_alt	111943	851	0
chr4_GL000257v2_alt	586476	12232	0
chr4_KI270788v1_alt	158965	973	0
chr4_GL383527v1_alt	164536	2591	0
chr4_KI270785v1_alt	119912	1039	0
chr4_KI270789v1_alt	205944	1709	0
chr4_KI270786v1_alt	244096	1294	0
chr5_KI270793v1_alt	126136	1480	0
chr5_KI270792v1_alt	179043	2975	0
chr5_KI270791v1_alt	195710	4365	0
chr5_GL383532v1_alt	82728	663	0
chr5_GL949742v1_alt	226852	1491	0
chr5_KI270794v1_alt	164558	2472	0
chr5_GL339449v2_alt	1612928	24444	1
chr5_GL383530v1_alt	101241	888	0
chr5_KI270796v1_alt	172708	1137	1
chr5_GL383531v1_alt	173459	1236	0
chr5_KI270795v1_alt	131892	2113	0
chr6_GL000250v2_alt	4672374	21315	1
chr6_KI270800v1_alt	175808	1464	0
chr6_KI270799v1_alt	152148	1014	0
chr6_GL383533v1_alt	124736	1731	0
chr6_KI270801v1_alt	870480	8687	0
chr6_KI270802v1_alt	75005	627	0
chr6_KB021644v2_alt	185823	1396	0
chr6_KI270797v1_alt	197536	3038	0
chr6_KI270798v1_alt	271782	4436	0
chr7_KI270804v1_alt	157952	1254	0
chr7_KI270809v1_alt	209586	7447	0
chr7_KI270806v1_alt	158166	2614	0
chr7_GL383534v2_alt	119183	3090	0
chr7_KI270803v1_alt	1111570	34116	0
chr7_KI270808v1_alt	271455	2898	0
chr7_KI270807v1_alt	126434	1362	1
chr7_KI270805v1_alt	209988	2576	0
chr8_KI270818v1_alt	145606	1360	0
chr8_KI270812v1_alt	282736	2602	0
chr8_KI270811v1_alt	292436	2341	0
chr8_KI270821v1_alt	985506	13100	0
chr8_KI270813v1_alt	300230	6186	0
chr8_KI270822v1_alt	624492	6755	0
chr8_KI270814v1_alt	141812	1931	1
chr8_KI270810v1_alt	374415	3079	0
chr8_KI270819v1_alt	133535	2315	0
chr8_KI270820v1_alt	36640	480	0
chr8_KI270817v1_alt	158983	2067	0
chr8_KI270816v1_alt	305841	7574	1
chr8_KI270815v1_alt	132244	1664	0
chr9_GL383539v1_alt	162988	1633	0
chr9_GL383540v1_alt	71551	1916	0
chr9_GL383541v1_alt	171286	2262	1
chr9_GL383542v1_alt	60032	892	0
chr9_KI270823v1_alt	439082	4348	0
chr10_GL383545v1_alt	179254	2530	0
chr10_KI270824v1_alt	181496	2992	0
chr10_GL383546v1_alt	309802	4349	1
chr10_KI270825v1_alt	188315	4476	1
chr11_KI270832v1_alt	210133	5657	0
chr11_KI270830v1_alt	177092	2430	0
chr11_KI270831v1_alt	296895	5714	0
chr11_KI270829v1_alt	204059	3394	0
chr11_GL383547v1_alt	154407	1055	0
chr11_JH159136v1_alt	200998	6651	0
chr11_JH159137v1_alt	191409	2733	0
chr11_KI270827v1_alt	67707	836	0
chr11_KI270826v1_alt	186169	1709	0
chr12_GL877875v1_alt	167313	4153	1
chr12_GL877876v1_alt	408271	6824	0
chr12_KI270837v1_alt	40090	3015	0
chr12_GL383549v1_alt	120804	981	0
chr12_KI270835v1_alt	238139	3576	1
chr12_GL383550v2_alt	169178	2065	0
chr12_GL383552v1_alt	138655	1100	0
chr12_GL383553v2_alt	152874	2343	0
chr12_KI270834v1_alt	119498	4241	0
chr12_GL383551v1_alt	184319	1545	0
chr12_KI270833v1_alt	76061	2330	0
chr12_KI270836v1_alt	56134	487	0
chr13_KI270840v1_alt	191684	2467	0
chr13_KI270839v1_alt	180306	1976	0
chr13_KI270843v1_alt	103832	661	0
chr13_KI270841v1_alt	169134	1120	0
chr13_KI270838v1_alt	306913	3789	0
chr13_KI270842v1_alt	37287	432	0
chr14_KI270844v1_alt	322166	4867	1
chr14_KI270847v1_alt	1511111	28325	0
chr14_KI270845v1_alt	180703	1898	0
chr14_KI270846v1_alt	1351393	24249	4
chr15_KI270852v1_alt	478999	4973	0
chr15_KI270851v1_alt	263054	8227	0
chr15_KI270848v1_alt	327382	6851	0
chr15_GL383554v1_alt	296527	5714	0
chr15_KI270849v1_alt	244917	3826	0
chr15_GL383555v2_alt	388773	4556	0
chr15_KI270850v1_alt	430880	8852	1
chr16_KI270854v1_alt	134193	2226	0
chr16_KI270856v1_alt	63982	681	0
chr16_KI270855v1_alt	232857	5298	0
chr16_KI270853v1_alt	2659700	67923	3
chr16_GL383556v1_alt	192462	4433	0
chr16_GL383557v1_alt	89672	1812	0
chr17_GL383563v3_alt	375691	3684	0
chr17_KI270862v1_alt	391357	5374	1
chr17_KI270861v1_alt	196688	9697	0
chr17_KI270857v1_alt	2877074	96764	1
chr17_JH159146v1_alt	278131	7468	0
chr17_JH159147v1_alt	70345	1033	0
chr17_GL383564v2_alt	133151	4973	0
chr17_GL000258v2_alt	1821992	19883	0
chr17_GL383565v1_alt	223995	1672	0
chr17_KI270858v1_alt	235827	1692	0
chr17_KI270859v1_alt	108763	1040	0
chr17_GL383566v1_alt	90219	717	0
chr17_KI270860v1_alt	178921	2675	0
chr18_KI270864v1_alt	111737	680	0
chr18_GL383567v1_alt	289831	2955	0
chr18_GL383570v1_alt	164789	1216	0
chr18_GL383571v1_alt	198278	2044	0
chr18_GL383568v1_alt	104552	739	0
chr18_GL383569v1_alt	167950	1057	0
chr18_GL383572v1_alt	159547	1280	0
chr18_KI270863v1_alt	167999	2395	0
chr19_KI270868v1_alt	61734	1018	1
chr19_KI270865v1_alt	52969	875	0
chr19_GL383573v1_alt	385657	4245	1
chr19_GL383575v2_alt	170222	2618	0
chr19_GL383576v1_alt	188024	2522	0
chr19_GL383574v1_alt	155864	2101	0
chr19_KI270866v1_alt	43156	1737	3
chr19_KI270867v1_alt	233762	3511	1
chr19_GL949746v1_alt	987716	10875	1
chr20_GL383577v2_alt	128386	1278	0
chr20_KI270869v1_alt	118774	2894	0
chr20_KI270871v1_alt	58661	1248	0
chr20_KI270870v1_alt	183433	4634	0
chr21_GL383578v2_alt	63917	516	0
chr21_KI270874v1_alt	166743	1246	0
chr21_KI270873v1_alt	143900	1279	0
chr21_GL383579v2_alt	201197	1400	0
chr21_GL383580v2_alt	74653	971	0
chr21_GL383581v2_alt	116689	2869	0
chr21_KI270872v1_alt	82692	1501	0
chr22_KI270875v1_alt	259914	6217	0
chr22_KI270878v1_alt	186262	2150	0
chr22_KI270879v1_alt	304135	7102	0
chr22_KI270876v1_alt	263666	4123	0
chr22_KI270877v1_alt	101331	1861	0
chr22_GL383583v2_alt	96924	1578	0
chr22_GL383582v2_alt	162811	3132	0
chrX_KI270880v1_alt	284869	2076	2
chrX_KI270881v1_alt	144206	913	0
chr19_KI270882v1_alt	248807	1198	0
chr19_KI270883v1_alt	170399	1049	0
chr19_KI270884v1_alt	157053	1138	1
chr19_KI270885v1_alt	171027	797	1
chr19_KI270886v1_alt	204239	1386	0
chr19_KI270887v1_alt	209512	768	0
chr19_KI270888v1_alt	155532	939	0
chr19_KI270889v1_alt	170698	745	0
chr19_KI270890v1_alt	184499	823	0
chr19_KI270891v1_alt	170680	816	0
chr1_KI270892v1_alt	162212	5004	0
chr2_KI270894v1_alt	214158	5602	2
chr2_KI270893v1_alt	161218	1253	0
chr3_KI270895v1_alt	162896	1941	0
chr4_KI270896v1_alt	378547	4994	6
chr5_KI270897v1_alt	1144418	17517	0
chr5_KI270898v1_alt	130957	2188	0
chr6_GL000251v2_alt	4795265	59651	1
chr7_KI270899v1_alt	190869	1767	0
chr8_KI270901v1_alt	136959	1197	0
chr8_KI270900v1_alt	318687	2757	0
chr11_KI270902v1_alt	106711	14078	0
chr11_KI270903v1_alt	214625	3434	0
chr12_KI270904v1_alt	572349	10899	2
chr15_KI270906v1_alt	196384	3392	0
chr15_KI270905v1_alt	5161414	75972	2
chr17_KI270907v1_alt	137721	1308	1
chr17_KI270910v1_alt	157099	2217	0
chr17_KI270909v1_alt	325800	19954	0
chr17_JH159148v1_alt	88070	1804	0
chr17_KI270908v1_alt	1423190	30535	3
chr18_KI270912v1_alt	174061	1197	0
chr18_KI270911v1_alt	157710	1452	0
chr19_GL949747v2_alt	729520	4880	1
chr22_KB663609v1_alt	74013	956	0
chrX_KI270913v1_alt	274009	2225	1
chr19_KI270914v1_alt	205194	1211	0
chr19_KI270915v1_alt	170665	813	0
chr19_KI270916v1_alt	184516	804	0
chr19_KI270917v1_alt	190932	1056	0
chr19_KI270918v1_alt	123111	526	0
chr19_KI270919v1_alt	170701	875	0
chr19_KI270920v1_alt	198005	1126	0
chr19_KI270921v1_alt	282224	1502	0
chr19_KI270922v1_alt	187935	1063	0
chr19_KI270923v1_alt	189352	1246	0
chr3_KI270924v1_alt	166540	2028	0
chr4_KI270925v1_alt	555799	4242	0
chr6_GL000252v2_alt	4604811	49387	2
chr8_KI270926v1_alt	229282	2293	0
chr11_KI270927v1_alt	218612	9313	2
chr19_GL949748v2_alt	1064304	3171	0
chr22_KI270928v1_alt	176103	3614	0
chr19_KI270929v1_alt	186203	1459	0
chr19_KI270930v1_alt	200773	2587	0
chr19_KI270931v1_alt	170148	911	0
chr19_KI270932v1_alt	215732	1542	0
chr19_KI270933v1_alt	170537	1485	0
chr19_GL000209v2_alt	177381	815	0
chr3_KI270934v1_alt	163458	2154	0
chr6_GL000253v2_alt	4677643	34768	0
chr19_GL949749v2_alt	1091841	2652	0
chr3_KI270935v1_alt	197351	2374	0
chr6_GL000254v2_alt	4827813	44342	2
chr19_GL949750v2_alt	1066390	2759	0
chr3_KI270936v1_alt	164170	2026	0
chr6_GL000255v2_alt	4606388	51712	6
chr19_GL949751v2_alt	1002683	2756	0
chr3_KI270937v1_alt	165607	2135	0
chr6_GL000256v2_alt	4929269	46007	4
chr19_GL949752v1_alt	987100	10974	0
chr6_KI270758v1_alt	76752	522	0
chr19_GL949753v2_alt	796479	6632	0
chr19_KI270938v1_alt	1066800	11680	0
chrM	16569	122019	2
chrUn_KI270302v1	2274	24	0
chrUn_KI270304v1	2165	28	0
chrUn_KI270303v1	1942	32	0
chrUn_KI270305v1	1472	24	0
chrUn_KI270322v1	21476	102	0
chrUn_KI270320v1	4416	106	0
chrUn_KI270310v1	1201	120	0
chrUn_KI270316v1	1444	8	0
chrUn_KI270315v1	2276	14	0
chrUn_KI270312v1	998	8	0
chrUn_KI270311v1	12399	66	0
chrUn_KI270317v1	37690	12	0
chrUn_KI270412v1	1179	51	0
chrUn_KI270411v1	2646	82	0
chrUn_KI270414v1	2489	32	0
chrUn_KI270419v1	1029	24	0
chrUn_KI270418v1	2145	52	0
chrUn_KI270420v1	2321	53	0
chrUn_KI270424v1	2140	17	0
chrUn_KI270417v1	2043	26	0
chrUn_KI270422v1	1445	9	0
chrUn_KI270423v1	981	18	0
chrUn_KI270425v1	1884	14	0
chrUn_KI270429v1	1361	33	0
chrUn_KI270442v1	392061	27820	43
chrUn_KI270466v1	1233	2501	0
chrUn_KI270465v1	1774	121	0
chrUn_KI270467v1	3920	8908	0
chrUn_KI270435v1	92983	2588	4
chrUn_KI270438v1	112505	91799	17
chrUn_KI270468v1	4055	95	0
chrUn_KI270510v1	2415	100	0
chrUn_KI270509v1	2318	84	0
chrUn_KI270518v1	2186	100	0
chrUn_KI270508v1	1951	119	0
chrUn_KI270516v1	1300	47	0
chrUn_KI270512v1	22689	706	1
chrUn_KI270519v1	138126	4104	2
chrUn_KI270522v1	5674	71	0
chrUn_KI270511v1	8127	197	0
chrUn_KI270515v1	6361	279	0
chrUn_KI270507v1	5353	204	0
chrUn_KI270517v1	3253	163	0
chrUn_KI270529v1	1899	32	0
chrUn_KI270528v1	2983	31	0
chrUn_KI270530v1	2168	51	0
chrUn_KI270539v1	993	2	0
chrUn_KI270538v1	91309	3183	1
chrUn_KI270544v1	1202	16	0
chrUn_KI270548v1	1599	0	0
chrUn_KI270583v1	1400	56	0
chrUn_KI270587v1	2969	223	0
chrUn_KI270580v1	1553	74	0
chrUn_KI270581v1	7046	112	0
chrUn_KI270579v1	31033	383	0
chrUn_KI270589v1	44474	1513	3
chrUn_KI270590v1	4685	250	0
chrUn_KI270584v1	4513	165	0
chrUn_KI270582v1	6504	104	0
chrUn_KI270588v1	6158	194	0
chrUn_KI270593v1	3041	142	0
chrUn_KI270591v1	5796	540	2
chrUn_KI270330v1	1652	909	0
chrUn_KI270329v1	1040	18	0
chrUn_KI270334v1	1368	80	0
chrUn_KI270333v1	2699	2556	1
chrUn_KI270335v1	1048	52	0
chrUn_KI270338v1	1428	41	0
chrUn_KI270340v1	1428	116	0
chrUn_KI270336v1	1026	880	0
chrUn_KI270337v1	1121	2568	0
chrUn_KI270363v1	1803	16	0
chrUn_KI270364v1	2855	28	0
chrUn_KI270362v1	3530	44	0
chrUn_KI270366v1	8320	133	0
chrUn_KI270378v1	1048	2	0
chrUn_KI270379v1	1045	8	0
chrUn_KI270389v1	1298	34	0
chrUn_KI270390v1	2387	40	0
chrUn_KI270387v1	1537	30	0
chrUn_KI270395v1	1143	52	0
chrUn_KI270396v1	1880	18	0
chrUn_KI270388v1	1216	0	0
chrUn_KI270394v1	970	12	0
chrUn_KI270386v1	1788	10	0
chrUn_KI270391v1	1484	4	0
chrUn_KI270383v1	1750	10	0
chrUn_KI270393v1	1308	12	0
chrUn_KI270384v1	1658	8	0
chrUn_KI270392v1	971	0	0
chrUn_KI270381v1	1930	6	0
chrUn_KI270385v1	990	4	0
chrUn_KI270382v1	4215	40	0
chrUn_KI270376v1	1136	5	0
chrUn_KI270374v1	2656	23	0
chrUn_KI270372v1	1650	10	0
chrUn_KI270373v1	1451	10	0
chrUn_KI270375v1	2378	14	0
chrUn_KI270371v1	2805	2	0
chrUn_KI270448v1	7992	242	0
chrUn_KI270521v1	7642	144	0
chrUn_GL000195v1	182896	4993	0
chrUn_GL000219v1	179198	5286	5
chrUn_GL000220v1	161802	43680	1
chrUn_GL000224v1	179693	14638	3
chrUn_KI270741v1	157432	1627	1
chrUn_GL000226v1	15008	1121	0
chrUn_GL000213v1	164239	2863	0
chrUn_KI270743v1	210658	4361	0
chrUn_KI270744v1	168472	16486	1
chrUn_KI270745v1	41891	956	0
chrUn_KI270746v1	66486	5395	0
chrUn_KI270747v1	198735	2633	0
chrUn_KI270748v1	93321	1887	0
chrUn_KI270749v1	158759	3499	2
chrUn_KI270750v1	148850	3770	1
chrUn_KI270751v1	150742	8031	1
chrUn_KI270752v1	27745	1	0
chrUn_KI270753v1	62944	1381	0
chrUn_KI270754v1	40191	2285	2
chrUn_KI270755v1	36723	262	0
chrUn_KI270756v1	79590	2908	8
chrUn_KI270757v1	71251	2859	5
chrUn_GL000214v1	137718	18408	0
chrUn_KI270742v1	186739	8440	0
chrUn_GL000216v2	176608	47006	75
chrUn_GL000218v1	161147	4353	0
chrX	156040895	2014976	61
chrY	57227415	546259	347
chrY_KI270740v1_random	37240	313	0
*	0	0	235052
