chr1	248956422	5359195	45
chr10	133797422	2074783	32
chr11	135086622	2513515	25
chr11_KI270721v1_random	100316	699	0
chr12	133275309	2260088	22
chr13	114364328	880222	16
chr14	107043718	1383015	21
chr14_GL000009v2_random	201709	1361	0
chr14_GL000225v1_random	211173	5120	5
chr14_KI270722v1_random	194050	1277	0
chr14_GL000194v1_random	191469	1902	0
chr14_KI270723v1_random	38115	451	0
chr14_KI270724v1_random	39555	670	0
chr14_KI270725v1_random	172810	1461	0
chr14_KI270726v1_random	43739	87	0
chr15	101991189	1603642	11
chr15_KI270727v1_random	448248	11103	0
chr16	90338345	1879953	21
chr16_KI270728v1_random	1872759	20003	0
chr17	83257441	2505569	21
chr17_GL000205v2_random	185591	2112	0
chr17_KI270729v1_random	280839	7112	6
chr17_KI270730v1_random	112551	1162	2
chr18	80373285	720416	7
chr19	58617616	2178553	90
chr1_KI270706v1_random	175055	972	0
chr1_KI270707v1_random	32032	57	0
chr1_KI270708v1_random	127682	977	0
chr1_KI270709v1_random	66860	2493	1
chr1_KI270710v1_random	40176	68	0
chr1_KI270711v1_random	42210	10819	0
chr1_KI270712v1_random	176043	1888	0
chr1_KI270713v1_random	40745	5104	0
chr1_KI270714v1_random	41717	2075	0
chr2	242193529	4037280	33
chr20	64444167	1051139	16
chr21	46709983	495054	12
chr22	50818468	1034715	13
chr22_KI270731v1_random	150754	9218	0
chr22_KI270732v1_random	41543	129	0
chr22_KI270733v1_random	179772	3923	1
chr22_KI270734v1_random	165050	10694	0
chr22_KI270735v1_random	42811	624	0
chr22_KI270736v1_random	181920	2303	7
chr22_KI270737v1_random	103838	636	1
chr22_KI270738v1_random	99375	298	0
chr22_KI270739v1_random	73985	32	0
chr2_KI270715v1_random	161471	156	0
chr2_KI270716v1_random	153799	154	0
chr3	198295559	2768499	34
chr3_GL000221v1_random	155397	783	0
chr4	190214555	1948614	33
chr4_GL000008v2_random	209709	1400	0
chr5	181538259	2289827	26
chr5_GL000208v1_random	92689	114	0
chr6	170805979	1958104	15
chr7	159345973	2445619	52
chr8	145138636	1454922	13
chr9	138394717	2030585	16
chr9_KI270717v1_random	40062	309	0
chr9_KI270718v1_random	38054	1521	0
chr9_KI270719v1_random	176845	1900	0
chr9_KI270720v1_random	39050	1760	0
chr1_KI270762v1_alt	354444	6981	0
chr1_KI270766v1_alt	256271	22515	0
chr1_KI270760v1_alt	109528	263	0
chr1_KI270765v1_alt	185285	1825	0
chr1_GL383518v1_alt	182439	5652	0
chr1_GL383519v1_alt	110268	10693	0
chr1_GL383520v2_alt	366580	1830	0
chr1_KI270764v1_alt	50258	60	0
chr1_KI270763v1_alt	911658	10839	0
chr1_KI270759v1_alt	425601	2592	0
chr1_KI270761v1_alt	165834	8679	0
chr2_KI270770v1_alt	136240	180	0
chr2_KI270773v1_alt	70887	544	0
chr2_KI270774v1_alt	223625	1859	0
chr2_KI270769v1_alt	120616	2124	0
chr2_GL383521v1_alt	143390	152	0
chr2_KI270772v1_alt	133041	960	0
chr2_KI270775v1_alt	138019	84	0
chr2_KI270771v1_alt	110395	80	0
chr2_KI270768v1_alt	110099	1058	0
chr2_GL582966v2_alt	96131	2151	0
chr2_GL383522v1_alt	123821	2990	0
chr2_KI270776v1_alt	174166	2100	0
chr2_KI270767v1_alt	161578	408	0
chr3_JH636055v2_alt	173151	2100	0
chr3_KI270783v1_alt	109187	120	0
chr3_KI270780v1_alt	224108	802	0
chr3_GL383526v1_alt	180671	749	0
chr3_KI270777v1_alt	173649	1900	0
chr3_KI270778v1_alt	248252	119	0
chr3_KI270781v1_alt	113034	164	0
chr3_KI270779v1_alt	205312	6612	0
chr3_KI270782v1_alt	162429	862	0
chr3_KI270784v1_alt	184404	3615	0
chr4_KI270790v1_alt	220246	205	0
chr4_GL383528v1_alt	376187	189	0
chr4_KI270787v1_alt	111943	137	0
chr4_GL000257v2_alt	586476	11271	0
chr4_KI270788v1_alt	158965	74	0
chr4_GL383527v1_alt	164536	2172	0
chr4_KI270785v1_alt	119912	128	0
chr4_KI270789v1_alt	205944	478	0
chr4_KI270786v1_alt	244096	189	0
chr5_KI270793v1_alt	126136	631	0
chr5_KI270792v1_alt	179043	2805	0
chr5_KI270791v1_alt	195710	3876	1
chr5_GL383532v1_alt	82728	30	0
chr5_GL949742v1_alt	226852	123	0
chr5_KI270794v1_alt	164558	1297	0
chr5_GL339449v2_alt	1612928	40385	1
chr5_GL383530v1_alt	101241	70	0
chr5_KI270796v1_alt	172708	122	0
chr5_GL383531v1_alt	173459	156	0
chr5_KI270795v1_alt	131892	3113	0
chr6_GL000250v2_alt	4672374	17996	0
chr6_KI270800v1_alt	175808	902	0
chr6_KI270799v1_alt	152148	100	0
chr6_GL383533v1_alt	124736	516	0
chr6_KI270801v1_alt	870480	4513	0
chr6_KI270802v1_alt	75005	118	0
chr6_KB021644v2_alt	185823	277	0
chr6_KI270797v1_alt	197536	1986	0
chr6_KI270798v1_alt	271782	2223	0
chr7_KI270804v1_alt	157952	387	0
chr7_KI270809v1_alt	209586	5487	0
chr7_KI270806v1_alt	158166	2741	0
chr7_GL383534v2_alt	119183	2013	0
chr7_KI270803v1_alt	1111570	16237	0
chr7_KI270808v1_alt	271455	914	0
chr7_KI270807v1_alt	126434	313	0
chr7_KI270805v1_alt	209988	445	0
chr8_KI270818v1_alt	145606	258	0
chr8_KI270812v1_alt	282736	555	0
chr8_KI270811v1_alt	292436	593	0
chr8_KI270821v1_alt	985506	6989	0
chr8_KI270813v1_alt	300230	26260	0
chr8_KI270822v1_alt	624492	5504	0
chr8_KI270814v1_alt	141812	270	0
chr8_KI270810v1_alt	374415	315	0
chr8_KI270819v1_alt	133535	1710	0
chr8_KI270820v1_alt	36640	175	0
chr8_KI270817v1_alt	158983	1036	0
chr8_KI270816v1_alt	305841	9365	0
chr8_KI270815v1_alt	132244	1126	0
chr9_GL383539v1_alt	162988	745	0
chr9_GL383540v1_alt	71551	897	0
chr9_GL383541v1_alt	171286	924	0
chr9_GL383542v1_alt	60032	440	0
chr9_KI270823v1_alt	439082	1321	0
chr10_GL383545v1_alt	179254	1263	0
chr10_KI270824v1_alt	181496	906	0
chr10_GL383546v1_alt	309802	2652	0
chr10_KI270825v1_alt	188315	3604	0
chr11_KI270832v1_alt	210133	6644	0
chr11_KI270830v1_alt	177092	1451	0
chr11_KI270831v1_alt	296895	4622	0
chr11_KI270829v1_alt	204059	2061	0
chr11_GL383547v1_alt	154407	90	0
chr11_JH159136v1_alt	200998	4911	0
chr11_JH159137v1_alt	191409	1393	0
chr11_KI270827v1_alt	67707	153	0
chr11_KI270826v1_alt	186169	344	0
chr12_GL877875v1_alt	167313	2101	0
chr12_GL877876v1_alt	408271	4469	0
chr12_KI270837v1_alt	40090	1496	0
chr12_GL383549v1_alt	120804	101	0
chr12_KI270835v1_alt	238139	774	0
chr12_GL383550v2_alt	169178	679	0
chr12_GL383552v1_alt	138655	495	0
chr12_GL383553v2_alt	152874	1398	0
chr12_KI270834v1_alt	119498	4922	0
chr12_GL383551v1_alt	184319	201	0
chr12_KI270833v1_alt	76061	1580	0
chr12_KI270836v1_alt	56134	98	0
chr13_KI270840v1_alt	191684	733	0
chr13_KI270839v1_alt	180306	548	0
chr13_KI270843v1_alt	103832	54	0
chr13_KI270841v1_alt	169134	112	0
chr13_KI270838v1_alt	306913	1714	0
chr13_KI270842v1_alt	37287	80	0
chr14_KI270844v1_alt	322166	3100	0
chr14_KI270847v1_alt	1511111	18880	0
chr14_KI270845v1_alt	180703	801	0
chr14_KI270846v1_alt	1351393	30626	0
chr15_KI270852v1_alt	478999	11039	0
chr15_KI270851v1_alt	263054	8942	0
chr15_KI270848v1_alt	327382	4247	0
chr15_GL383554v1_alt	296527	3773	0
chr15_KI270849v1_alt	244917	3795	0
chr15_GL383555v2_alt	388773	2352	0
chr15_KI270850v1_alt	430880	5075	0
chr16_KI270854v1_alt	134193	2057	0
chr16_KI270856v1_alt	63982	238	0
chr16_KI270855v1_alt	232857	5433	0
chr16_KI270853v1_alt	2659700	92855	1
chr16_GL383556v1_alt	192462	5278	0
chr16_GL383557v1_alt	89672	1289	0
chr17_GL383563v3_alt	375691	1685	0
chr17_KI270862v1_alt	391357	2960	0
chr17_KI270861v1_alt	196688	8659	0
chr17_KI270857v1_alt	2877074	48601	2
chr17_JH159146v1_alt	278131	9043	0
chr17_JH159147v1_alt	70345	4367	0
chr17_GL383564v2_alt	133151	4382	0
chr17_GL000258v2_alt	1821992	20136	0
chr17_GL383565v1_alt	223995	168	0
chr17_KI270858v1_alt	235827	201	0
chr17_KI270859v1_alt	108763	184	0
chr17_GL383566v1_alt	90219	221	0
chr17_KI270860v1_alt	178921	2045	0
chr18_KI270864v1_alt	111737	70	0
chr18_GL383567v1_alt	289831	3147	0
chr18_GL383570v1_alt	164789	124	0
chr18_GL383571v1_alt	198278	1268	0
chr18_GL383568v1_alt	104552	90	0
chr18_GL383569v1_alt	167950	232	0
chr18_GL383572v1_alt	159547	470	0
chr18_KI270863v1_alt	167999	1336	0
chr19_KI270868v1_alt	61734	1016	0
chr19_KI270865v1_alt	52969	1222	0
chr19_GL383573v1_alt	385657	1506	0
chr19_GL383575v2_alt	170222	970	0
chr19_GL383576v1_alt	188024	1030	0
chr19_GL383574v1_alt	155864	1238	0
chr19_KI270866v1_alt	43156	1107	0
chr19_KI270867v1_alt	233762	2070	0
chr19_GL949746v1_alt	987716	11372	0
chr20_GL383577v2_alt	128386	198	0
chr20_KI270869v1_alt	118774	1881	0
chr20_KI270871v1_alt	58661	1053	0
chr20_KI270870v1_alt	183433	3241	0
chr21_GL383578v2_alt	63917	68	0
chr21_KI270874v1_alt	166743	206	0
chr21_KI270873v1_alt	143900	248	0
chr21_GL383579v2_alt	201197	144	0
chr21_GL383580v2_alt	74653	894	0
chr21_GL383581v2_alt	116689	2536	0
chr21_KI270872v1_alt	82692	1500	0
chr22_KI270875v1_alt	259914	4255	0
chr22_KI270878v1_alt	186262	1614	0
chr22_KI270879v1_alt	304135	14383	0
chr22_KI270876v1_alt	263666	2043	0
chr22_KI270877v1_alt	101331	1050	0
chr22_GL383583v2_alt	96924	1099	0
chr22_GL383582v2_alt	162811	3716	0
chrX_KI270880v1_alt	284869	868	0
chrX_KI270881v1_alt	144206	1194	0
chr19_KI270882v1_alt	248807	772	0
chr19_KI270883v1_alt	170399	677	0
chr19_KI270884v1_alt	157053	391	0
chr19_KI270885v1_alt	171027	356	0
chr19_KI270886v1_alt	204239	659	0
chr19_KI270887v1_alt	209512	559	0
chr19_KI270888v1_alt	155532	418	0
chr19_KI270889v1_alt	170698	353	0
chr19_KI270890v1_alt	184499	452	0
chr19_KI270891v1_alt	170680	380	0
chr1_KI270892v1_alt	162212	8657	0
chr2_KI270894v1_alt	214158	2307	0
chr2_KI270893v1_alt	161218	354	0
chr3_KI270895v1_alt	162896	5059	0
chr4_KI270896v1_alt	378547	4149	0
chr5_KI270897v1_alt	1144418	21850	0
chr5_KI270898v1_alt	130957	3113	0
chr6_GL000251v2_alt	4795265	52846	1
chr7_KI270899v1_alt	190869	2852	0
chr8_KI270901v1_alt	136959	306	0
chr8_KI270900v1_alt	318687	844	0
chr11_KI270902v1_alt	106711	13448	1
chr11_KI270903v1_alt	214625	2465	0
chr12_KI270904v1_alt	572349	8655	0
chr15_KI270906v1_alt	196384	1177	0
chr15_KI270905v1_alt	5161414	62072	0
chr17_KI270907v1_alt	137721	327	0
chr17_KI270910v1_alt	157099	1755	0
chr17_KI270909v1_alt	325800	4451	0
chr17_JH159148v1_alt	88070	1584	0
chr17_KI270908v1_alt	1423190	23643	0
chr18_KI270912v1_alt	174061	231	1
chr18_KI270911v1_alt	157710	389	0
chr19_GL949747v2_alt	729520	4575	0
chr22_KB663609v1_alt	74013	2361	0
chrX_KI270913v1_alt	274009	1471	1
chr19_KI270914v1_alt	205194	703	0
chr19_KI270915v1_alt	170665	362	0
chr19_KI270916v1_alt	184516	497	0
chr19_KI270917v1_alt	190932	435	0
chr19_KI270918v1_alt	123111	177	0
chr19_KI270919v1_alt	170701	544	0
chr19_KI270920v1_alt	198005	586	0
chr19_KI270921v1_alt	282224	1007	0
chr19_KI270922v1_alt	187935	480	0
chr19_KI270923v1_alt	189352	634	0
chr3_KI270924v1_alt	166540	4530	0
chr4_KI270925v1_alt	555799	855	0
chr6_GL000252v2_alt	4604811	55105	0
chr8_KI270926v1_alt	229282	1417	0
chr11_KI270927v1_alt	218612	12127	0
chr19_GL949748v2_alt	1064304	2601	0
chr22_KI270928v1_alt	176103	4048	0
chr19_KI270929v1_alt	186203	464	0
chr19_KI270930v1_alt	200773	561	0
chr19_KI270931v1_alt	170148	396	0
chr19_KI270932v1_alt	215732	711	0
chr19_KI270933v1_alt	170537	661	0
chr19_GL000209v2_alt	177381	456	0
chr3_KI270934v1_alt	163458	4877	0
chr6_GL000253v2_alt	4677643	29419	0
chr19_GL949749v2_alt	1091841	2415	0
chr3_KI270935v1_alt	197351	6978	0
chr6_GL000254v2_alt	4827813	40618	1
chr19_GL949750v2_alt	1066390	2470	0
chr3_KI270936v1_alt	164170	4965	1
chr6_GL000255v2_alt	4606388	42929	0
chr19_GL949751v2_alt	1002683	2697	0
chr3_KI270937v1_alt	165607	5663	0
chr6_GL000256v2_alt	4929269	43307	0
chr19_GL949752v1_alt	987100	11821	0
chr6_KI270758v1_alt	76752	244	0
chr19_GL949753v2_alt	796479	7467	0
chr19_KI270938v1_alt	1066800	12478	0
chrM	16569	69865	2
chrUn_KI270302v1	2274	6	0
chrUn_KI270304v1	2165	0	0
chrUn_KI270303v1	1942	1	0
chrUn_KI270305v1	1472	0	0
chrUn_KI270322v1	21476	6	0
chrUn_KI270320v1	4416	16	0
chrUn_KI270310v1	1201	4	0
chrUn_KI270316v1	1444	0	0
chrUn_KI270315v1	2276	8	0
chrUn_KI270312v1	998	0	0
chrUn_KI270311v1	12399	10	0
chrUn_KI270317v1	37690	6	0
chrUn_KI270412v1	1179	4	0
chrUn_KI270411v1	2646	12	0
chrUn_KI270414v1	2489	0	0
chrUn_KI270419v1	1029	0	0
chrUn_KI270418v1	2145	2	0
chrUn_KI270420v1	2321	2	0
chrUn_KI270424v1	2140	0	0
chrUn_KI270417v1	2043	0	0
chrUn_KI270422v1	1445	6	0
chrUn_KI270423v1	981	2	0
chrUn_KI270425v1	1884	1	0
chrUn_KI270429v1	1361	2	0
chrUn_KI270442v1	392061	5159	0
chrUn_KI270466v1	1233	116	0
chrUn_KI270465v1	1774	6	0
chrUn_KI270467v1	3920	491	0
chrUn_KI270435v1	92983	275	2
chrUn_KI270438v1	112505	14704	4
chrUn_KI270468v1	4055	10	0
chrUn_KI270510v1	2415	13	0
chrUn_KI270509v1	2318	4	0
chrUn_KI270518v1	2186	24	0
chrUn_KI270508v1	1951	9	0
chrUn_KI270516v1	1300	4	0
chrUn_KI270512v1	22689	61	1
chrUn_KI270519v1	138126	312	0
chrUn_KI270522v1	5674	2	0
chrUn_KI270511v1	8127	14	0
chrUn_KI270515v1	6361	14	0
chrUn_KI270507v1	5353	23	0
chrUn_KI270517v1	3253	6	0
chrUn_KI270529v1	1899	2	0
chrUn_KI270528v1	2983	6	0
chrUn_KI270530v1	2168	2	0
chrUn_KI270539v1	993	0	0
chrUn_KI270538v1	91309	152	0
chrUn_KI270544v1	1202	2	0
chrUn_KI270548v1	1599	0	0
chrUn_KI270583v1	1400	6	0
chrUn_KI270587v1	2969	2	0
chrUn_KI270580v1	1553	2	0
chrUn_KI270581v1	7046	4	0
chrUn_KI270579v1	31033	9	0
chrUn_KI270589v1	44474	151	1
chrUn_KI270590v1	4685	22	0
chrUn_KI270584v1	4513	8	0
chrUn_KI270582v1	6504	14	0
chrUn_KI270588v1	6158	13	0
chrUn_KI270593v1	3041	8	0
chrUn_KI270591v1	5796	62	0
chrUn_KI270330v1	1652	72	0
chrUn_KI270329v1	1040	0	0
chrUn_KI270334v1	1368	0	0
chrUn_KI270333v1	2699	122	0
chrUn_KI270335v1	1048	0	0
chrUn_KI270338v1	1428	2	0
chrUn_KI270340v1	1428	0	0
chrUn_KI270336v1	1026	38	0
chrUn_KI270337v1	1121	116	0
chrUn_KI270363v1	1803	2	0
chrUn_KI270364v1	2855	2	0
chrUn_KI270362v1	3530	4	0
chrUn_KI270366v1	8320	14	0
chrUn_KI270378v1	1048	0	0
chrUn_KI270379v1	1045	0	0
chrUn_KI270389v1	1298	2	0
chrUn_KI270390v1	2387	2	0
chrUn_KI270387v1	1537	4	0
chrUn_KI270395v1	1143	6	0
chrUn_KI270396v1	1880	0	0
chrUn_KI270388v1	1216	0	0
chrUn_KI270394v1	970	0	0
chrUn_KI270386v1	1788	0	0
chrUn_KI270391v1	1484	2	0
chrUn_KI270383v1	1750	2	0
chrUn_KI270393v1	1308	0	0
chrUn_KI270384v1	1658	0	0
chrUn_KI270392v1	971	0	0
chrUn_KI270381v1	1930	2	0
chrUn_KI270385v1	990	0	0
chrUn_KI270382v1	4215	0	0
chrUn_KI270376v1	1136	0	0
chrUn_KI270374v1	2656	0	0
chrUn_KI270372v1	1650	0	0
chrUn_KI270373v1	1451	0	0
chrUn_KI270375v1	2378	2	0
chrUn_KI270371v1	2805	0	0
chrUn_KI270448v1	7992	12	0
chrUn_KI270521v1	7642	12	0
chrUn_GL000195v1	182896	606	0
chrUn_GL000219v1	179198	2781	1
chrUn_GL000220v1	161802	3632	0
chrUn_GL000224v1	179693	2782	0
chrUn_KI270741v1	157432	196	0
chrUn_GL000226v1	15008	130	0
chrUn_GL000213v1	164239	5544	0
chrUn_KI270743v1	210658	1117	0
chrUn_KI270744v1	168472	2049	0
chrUn_KI270745v1	41891	78	0
chrUn_KI270746v1	66486	8489	0
chrUn_KI270747v1	198735	472	0
chrUn_KI270748v1	93321	139	0
chrUn_KI270749v1	158759	1171	0
chrUn_KI270750v1	148850	3448	1
chrUn_KI270751v1	150742	760	1
chrUn_KI270752v1	27745	0	0
chrUn_KI270753v1	62944	187	0
chrUn_KI270754v1	40191	1315	0
chrUn_KI270755v1	36723	20	0
chrUn_KI270756v1	79590	458	0
chrUn_KI270757v1	71251	292	0
chrUn_GL000214v1	137718	1031	0
chrUn_KI270742v1	186739	1206	0
chrUn_GL000216v2	176608	5257	4
chrUn_GL000218v1	161147	1952	0
chrX	156040895	3105181	23
chrY	57227415	65311	32
chrY_KI270740v1_random	37240	0	0
*	0	0	347378
