chr1	248956422	5176364	15
chr10	133797422	1978448	14
chr11	135086622	2419959	12
chr11_KI270721v1_random	100316	791	0
chr12	133275309	2174221	10
chr13	114364328	847503	5
chr14	107043718	1359791	7
chr14_GL000009v2_random	201709	1023	0
chr14_GL000225v1_random	211173	3599	5
chr14_KI270722v1_random	194050	873	0
chr14_GL000194v1_random	191469	1971	0
chr14_KI270723v1_random	38115	398	0
chr14_KI270724v1_random	39555	626	0
chr14_KI270725v1_random	172810	955	0
chr14_KI270726v1_random	43739	2063	0
chr15	101991189	1511359	3
chr15_KI270727v1_random	448248	5539	0
chr16	90338345	1821494	7
chr16_KI270728v1_random	1872759	27174	0
chr17	83257441	2422104	6
chr17_GL000205v2_random	185591	1812	0
chr17_KI270729v1_random	280839	2579	1
chr17_KI270730v1_random	112551	500	0
chr18	80373285	687532	7
chr19	58617616	2063843	68
chr1_KI270706v1_random	175055	773	0
chr1_KI270707v1_random	32032	33	0
chr1_KI270708v1_random	127682	755	0
chr1_KI270709v1_random	66860	653	0
chr1_KI270710v1_random	40176	39	0
chr1_KI270711v1_random	42210	12222	0
chr1_KI270712v1_random	176043	1628	0
chr1_KI270713v1_random	40745	6201	0
chr1_KI270714v1_random	41717	1270	0
chr2	242193529	3901438	19
chr20	64444167	1015049	12
chr21	46709983	477744	6
chr22	50818468	1009163	4
chr22_KI270731v1_random	150754	7185	0
chr22_KI270732v1_random	41543	63	0
chr22_KI270733v1_random	179772	2688	0
chr22_KI270734v1_random	165050	8983	0
chr22_KI270735v1_random	42811	258	1
chr22_KI270736v1_random	181920	1049	2
chr22_KI270737v1_random	103838	247	0
chr22_KI270738v1_random	99375	160	0
chr22_KI270739v1_random	73985	12	0
chr2_KI270715v1_random	161471	70	0
chr2_KI270716v1_random	153799	73	0
chr3	198295559	2691865	12
chr3_GL000221v1_random	155397	509	0
chr4	190214555	1863459	8
chr4_GL000008v2_random	209709	915	1
chr5	181538259	2194556	12
chr5_GL000208v1_random	92689	64	0
chr6	170805979	1897120	11
chr7	159345973	2329566	13
chr8	145138636	1409005	4
chr9	138394717	1939090	9
chr9_KI270717v1_random	40062	290	0
chr9_KI270718v1_random	38054	1255	0
chr9_KI270719v1_random	176845	1537	0
chr9_KI270720v1_random	39050	1447	0
chr1_KI270762v1_alt	354444	7383	0
chr1_KI270766v1_alt	256271	21763	0
chr1_KI270760v1_alt	109528	149	0
chr1_KI270765v1_alt	185285	1416	0
chr1_GL383518v1_alt	182439	5451	0
chr1_GL383519v1_alt	110268	10818	0
chr1_GL383520v2_alt	366580	1911	0
chr1_KI270764v1_alt	50258	58	0
chr1_KI270763v1_alt	911658	10320	0
chr1_KI270759v1_alt	425601	2881	0
chr1_KI270761v1_alt	165834	9589	0
chr2_KI270770v1_alt	136240	201	0
chr2_KI270773v1_alt	70887	586	0
chr2_KI270774v1_alt	223625	1629	0
chr2_KI270769v1_alt	120616	2343	0
chr2_GL383521v1_alt	143390	136	0
chr2_KI270772v1_alt	133041	707	0
chr2_KI270775v1_alt	138019	116	0
chr2_KI270771v1_alt	110395	38	0
chr2_KI270768v1_alt	110099	1113	0
chr2_GL582966v2_alt	96131	2162	0
chr2_GL383522v1_alt	123821	3286	0
chr2_KI270776v1_alt	174166	2158	0
chr2_KI270767v1_alt	161578	399	0
chr3_JH636055v2_alt	173151	2041	0
chr3_KI270783v1_alt	109187	76	0
chr3_KI270780v1_alt	224108	537	0
chr3_GL383526v1_alt	180671	606	0
chr3_KI270777v1_alt	173649	1795	0
chr3_KI270778v1_alt	248252	116	0
chr3_KI270781v1_alt	113034	153	0
chr3_KI270779v1_alt	205312	9591	0
chr3_KI270782v1_alt	162429	929	0
chr3_KI270784v1_alt	184404	3571	0
chr4_KI270790v1_alt	220246	148	0
chr4_GL383528v1_alt	376187	159	0
chr4_KI270787v1_alt	111943	66	0
chr4_GL000257v2_alt	586476	11248	0
chr4_KI270788v1_alt	158965	76	0
chr4_GL383527v1_alt	164536	2000	0
chr4_KI270785v1_alt	119912	108	0
chr4_KI270789v1_alt	205944	376	0
chr4_KI270786v1_alt	244096	146	0
chr5_KI270793v1_alt	126136	581	0
chr5_KI270792v1_alt	179043	2225	0
chr5_KI270791v1_alt	195710	3909	0
chr5_GL383532v1_alt	82728	54	0
chr5_GL949742v1_alt	226852	128	0
chr5_KI270794v1_alt	164558	1141	0
chr5_GL339449v2_alt	1612928	36383	0
chr5_GL383530v1_alt	101241	56	0
chr5_KI270796v1_alt	172708	106	0
chr5_GL383531v1_alt	173459	116	0
chr5_KI270795v1_alt	131892	2667	0
chr6_GL000250v2_alt	4672374	17311	0
chr6_KI270800v1_alt	175808	874	0
chr6_KI270799v1_alt	152148	48	0
chr6_GL383533v1_alt	124736	528	0
chr6_KI270801v1_alt	870480	4533	0
chr6_KI270802v1_alt	75005	104	0
chr6_KB021644v2_alt	185823	258	0
chr6_KI270797v1_alt	197536	2124	0
chr6_KI270798v1_alt	271782	2129	0
chr7_KI270804v1_alt	157952	392	0
chr7_KI270809v1_alt	209586	5171	0
chr7_KI270806v1_alt	158166	2590	0
chr7_GL383534v2_alt	119183	1976	0
chr7_KI270803v1_alt	1111570	18375	0
chr7_KI270808v1_alt	271455	932	0
chr7_KI270807v1_alt	126434	271	0
chr7_KI270805v1_alt	209988	431	0
chr8_KI270818v1_alt	145606	240	0
chr8_KI270812v1_alt	282736	482	0
chr8_KI270811v1_alt	292436	581	0
chr8_KI270821v1_alt	985506	7410	0
chr8_KI270813v1_alt	300230	23890	0
chr8_KI270822v1_alt	624492	4878	0
chr8_KI270814v1_alt	141812	212	0
chr8_KI270810v1_alt	374415	226	0
chr8_KI270819v1_alt	133535	1949	0
chr8_KI270820v1_alt	36640	194	0
chr8_KI270817v1_alt	158983	1048	0
chr8_KI270816v1_alt	305841	9471	0
chr8_KI270815v1_alt	132244	935	0
chr9_GL383539v1_alt	162988	699	0
chr9_GL383540v1_alt	71551	987	0
chr9_GL383541v1_alt	171286	917	0
chr9_GL383542v1_alt	60032	370	0
chr9_KI270823v1_alt	439082	1487	0
chr10_GL383545v1_alt	179254	1050	0
chr10_KI270824v1_alt	181496	696	0
chr10_GL383546v1_alt	309802	2727	0
chr10_KI270825v1_alt	188315	3707	0
chr11_KI270832v1_alt	210133	6347	0
chr11_KI270830v1_alt	177092	1568	0
chr11_KI270831v1_alt	296895	4327	0
chr11_KI270829v1_alt	204059	1877	0
chr11_GL383547v1_alt	154407	68	0
chr11_JH159136v1_alt	200998	4877	0
chr11_JH159137v1_alt	191409	1597	0
chr11_KI270827v1_alt	67707	90	0
chr11_KI270826v1_alt	186169	312	0
chr12_GL877875v1_alt	167313	2476	0
chr12_GL877876v1_alt	408271	5233	0
chr12_KI270837v1_alt	40090	1429	0
chr12_GL383549v1_alt	120804	97	0
chr12_KI270835v1_alt	238139	722	0
chr12_GL383550v2_alt	169178	630	0
chr12_GL383552v1_alt	138655	531	0
chr12_GL383553v2_alt	152874	1199	0
chr12_KI270834v1_alt	119498	5057	0
chr12_GL383551v1_alt	184319	163	0
chr12_KI270833v1_alt	76061	1500	0
chr12_KI270836v1_alt	56134	76	0
chr13_KI270840v1_alt	191684	685	0
chr13_KI270839v1_alt	180306	485	0
chr13_KI270843v1_alt	103832	44	0
chr13_KI270841v1_alt	169134	96	0
chr13_KI270838v1_alt	306913	1641	0
chr13_KI270842v1_alt	37287	86	0
chr14_KI270844v1_alt	322166	2985	0
chr14_KI270847v1_alt	1511111	19131	0
chr14_KI270845v1_alt	180703	811	0
chr14_KI270846v1_alt	1351393	28896	3
chr15_KI270852v1_alt	478999	5933	0
chr15_KI270851v1_alt	263054	8075	0
chr15_KI270848v1_alt	327382	4945	0
chr15_GL383554v1_alt	296527	3464	0
chr15_KI270849v1_alt	244917	4382	0
chr15_GL383555v2_alt	388773	2394	0
chr15_KI270850v1_alt	430880	4603	0
chr16_KI270854v1_alt	134193	2143	0
chr16_KI270856v1_alt	63982	203	0
chr16_KI270855v1_alt	232857	5320	0
chr16_KI270853v1_alt	2659700	90650	0
chr16_GL383556v1_alt	192462	5121	0
chr16_GL383557v1_alt	89672	1314	0
chr17_GL383563v3_alt	375691	1264	0
chr17_KI270862v1_alt	391357	3398	0
chr17_KI270861v1_alt	196688	9197	0
chr17_KI270857v1_alt	2877074	53047	0
chr17_JH159146v1_alt	278131	9482	0
chr17_JH159147v1_alt	70345	4319	0
chr17_GL383564v2_alt	133151	4622	0
chr17_GL000258v2_alt	1821992	14338	0
chr17_GL383565v1_alt	223995	125	0
chr17_KI270858v1_alt	235827	172	0
chr17_KI270859v1_alt	108763	172	0
chr17_GL383566v1_alt	90219	169	0
chr17_KI270860v1_alt	178921	2308	0
chr18_KI270864v1_alt	111737	48	0
chr18_GL383567v1_alt	289831	741	0
chr18_GL383570v1_alt	164789	129	0
chr18_GL383571v1_alt	198278	1193	0
chr18_GL383568v1_alt	104552	82	0
chr18_GL383569v1_alt	167950	159	0
chr18_GL383572v1_alt	159547	472	0
chr18_KI270863v1_alt	167999	1111	0
chr19_KI270868v1_alt	61734	1240	0
chr19_KI270865v1_alt	52969	1251	0
chr19_GL383573v1_alt	385657	1334	0
chr19_GL383575v2_alt	170222	906	0
chr19_GL383576v1_alt	188024	992	0
chr19_GL383574v1_alt	155864	1197	0
chr19_KI270866v1_alt	43156	1133	0
chr19_KI270867v1_alt	233762	2108	0
chr19_GL949746v1_alt	987716	10385	0
chr20_GL383577v2_alt	128386	209	0
chr20_KI270869v1_alt	118774	1904	0
chr20_KI270871v1_alt	58661	1057	0
chr20_KI270870v1_alt	183433	3324	0
chr21_GL383578v2_alt	63917	42	0
chr21_KI270874v1_alt	166743	107	0
chr21_KI270873v1_alt	143900	266	0
chr21_GL383579v2_alt	201197	126	0
chr21_GL383580v2_alt	74653	944	0
chr21_GL383581v2_alt	116689	2348	0
chr21_KI270872v1_alt	82692	1604	0
chr22_KI270875v1_alt	259914	2256	0
chr22_KI270878v1_alt	186262	1403	0
chr22_KI270879v1_alt	304135	12716	0
chr22_KI270876v1_alt	263666	1997	0
chr22_KI270877v1_alt	101331	1107	0
chr22_GL383583v2_alt	96924	984	0
chr22_GL383582v2_alt	162811	3865	0
chrX_KI270880v1_alt	284869	835	0
chrX_KI270881v1_alt	144206	527	0
chr19_KI270882v1_alt	248807	586	0
chr19_KI270883v1_alt	170399	291	0
chr19_KI270884v1_alt	157053	222	0
chr19_KI270885v1_alt	171027	279	0
chr19_KI270886v1_alt	204239	310	0
chr19_KI270887v1_alt	209512	592	0
chr19_KI270888v1_alt	155532	264	0
chr19_KI270889v1_alt	170698	320	0
chr19_KI270890v1_alt	184499	646	0
chr19_KI270891v1_alt	170680	274	0
chr1_KI270892v1_alt	162212	9467	0
chr2_KI270894v1_alt	214158	2438	0
chr2_KI270893v1_alt	161218	367	0
chr3_KI270895v1_alt	162896	4450	0
chr4_KI270896v1_alt	378547	3201	0
chr5_KI270897v1_alt	1144418	18551	0
chr5_KI270898v1_alt	130957	3015	0
chr6_GL000251v2_alt	4795265	53024	0
chr7_KI270899v1_alt	190869	3339	0
chr8_KI270901v1_alt	136959	267	0
chr8_KI270900v1_alt	318687	983	0
chr11_KI270902v1_alt	106711	14121	0
chr11_KI270903v1_alt	214625	2163	0
chr12_KI270904v1_alt	572349	5802	0
chr15_KI270906v1_alt	196384	1395	0
chr15_KI270905v1_alt	5161414	58974	0
chr17_KI270907v1_alt	137721	364	0
chr17_KI270910v1_alt	157099	1912	0
chr17_KI270909v1_alt	325800	9050	0
chr17_JH159148v1_alt	88070	1633	0
chr17_KI270908v1_alt	1423190	21850	1
chr18_KI270912v1_alt	174061	179	0
chr18_KI270911v1_alt	157710	418	0
chr19_GL949747v2_alt	729520	4699	0
chr22_KB663609v1_alt	74013	1882	0
chrX_KI270913v1_alt	274009	1603	0
chr19_KI270914v1_alt	205194	410	0
chr19_KI270915v1_alt	170665	327	0
chr19_KI270916v1_alt	184516	483	0
chr19_KI270917v1_alt	190932	391	0
chr19_KI270918v1_alt	123111	209	0
chr19_KI270919v1_alt	170701	281	0
chr19_KI270920v1_alt	198005	355	0
chr19_KI270921v1_alt	282224	745	0
chr19_KI270922v1_alt	187935	402	0
chr19_KI270923v1_alt	189352	353	0
chr3_KI270924v1_alt	166540	5767	0
chr4_KI270925v1_alt	555799	822	0
chr6_GL000252v2_alt	4604811	56754	0
chr8_KI270926v1_alt	229282	1404	0
chr11_KI270927v1_alt	218612	12798	1
chr19_GL949748v2_alt	1064304	2440	0
chr22_KI270928v1_alt	176103	4125	0
chr19_KI270929v1_alt	186203	334	0
chr19_KI270930v1_alt	200773	448	0
chr19_KI270931v1_alt	170148	326	0
chr19_KI270932v1_alt	215732	424	0
chr19_KI270933v1_alt	170537	219	0
chr19_GL000209v2_alt	177381	623	0
chr3_KI270934v1_alt	163458	4420	0
chr6_GL000253v2_alt	4677643	27135	0
chr19_GL949749v2_alt	1091841	2398	0
chr3_KI270935v1_alt	197351	11342	0
chr6_GL000254v2_alt	4827813	42961	0
chr19_GL949750v2_alt	1066390	2384	0
chr3_KI270936v1_alt	164170	4445	0
chr6_GL000255v2_alt	4606388	45401	1
chr19_GL949751v2_alt	1002683	2576	0
chr3_KI270937v1_alt	165607	4257	0
chr6_GL000256v2_alt	4929269	45953	0
chr19_GL949752v1_alt	987100	9730	0
chr6_KI270758v1_alt	76752	677	0
chr19_GL949753v2_alt	796479	6805	0
chr19_KI270938v1_alt	1066800	10387	0
chrM	16569	17778	0
chrUn_KI270302v1	2274	0	0
chrUn_KI270304v1	2165	2	0
chrUn_KI270303v1	1942	0	0
chrUn_KI270305v1	1472	0	0
chrUn_KI270322v1	21476	4	0
chrUn_KI270320v1	4416	0	0
chrUn_KI270310v1	1201	12	0
chrUn_KI270316v1	1444	0	0
chrUn_KI270315v1	2276	2	0
chrUn_KI270312v1	998	0	0
chrUn_KI270311v1	12399	2	0
chrUn_KI270317v1	37690	0	0
chrUn_KI270412v1	1179	2	0
chrUn_KI270411v1	2646	2	0
chrUn_KI270414v1	2489	0	0
chrUn_KI270419v1	1029	2	0
chrUn_KI270418v1	2145	4	0
chrUn_KI270420v1	2321	0	0
chrUn_KI270424v1	2140	0	0
chrUn_KI270417v1	2043	2	0
chrUn_KI270422v1	1445	0	0
chrUn_KI270423v1	981	2	0
chrUn_KI270425v1	1884	0	0
chrUn_KI270429v1	1361	2	0
chrUn_KI270442v1	392061	2735	1
chrUn_KI270466v1	1233	45	0
chrUn_KI270465v1	1774	6	0
chrUn_KI270467v1	3920	166	0
chrUn_KI270435v1	92983	104	0
chrUn_KI270438v1	112505	6019	2
chrUn_KI270468v1	4055	10	0
chrUn_KI270510v1	2415	4	0
chrUn_KI270509v1	2318	0	0
chrUn_KI270518v1	2186	0	0
chrUn_KI270508v1	1951	12	0
chrUn_KI270516v1	1300	2	0
chrUn_KI270512v1	22689	31	0
chrUn_KI270519v1	138126	145	0
chrUn_KI270522v1	5674	0	0
chrUn_KI270511v1	8127	4	0
chrUn_KI270515v1	6361	6	0
chrUn_KI270507v1	5353	8	0
chrUn_KI270517v1	3253	4	0
chrUn_KI270529v1	1899	0	0
chrUn_KI270528v1	2983	0	0
chrUn_KI270530v1	2168	0	0
chrUn_KI270539v1	993	0	0
chrUn_KI270538v1	91309	81	0
chrUn_KI270544v1	1202	0	0
chrUn_KI270548v1	1599	0	0
chrUn_KI270583v1	1400	4	0
chrUn_KI270587v1	2969	8	0
chrUn_KI270580v1	1553	0	0
chrUn_KI270581v1	7046	12	0
chrUn_KI270579v1	31033	8	0
chrUn_KI270589v1	44474	65	0
chrUn_KI270590v1	4685	17	0
chrUn_KI270584v1	4513	12	0
chrUn_KI270582v1	6504	6	0
chrUn_KI270588v1	6158	6	0
chrUn_KI270593v1	3041	2	0
chrUn_KI270591v1	5796	36	0
chrUn_KI270330v1	1652	29	0
chrUn_KI270329v1	1040	0	0
chrUn_KI270334v1	1368	0	0
chrUn_KI270333v1	2699	21	0
chrUn_KI270335v1	1048	6	0
chrUn_KI270338v1	1428	0	0
chrUn_KI270340v1	1428	0	0
chrUn_KI270336v1	1026	14	0
chrUn_KI270337v1	1121	22	0
chrUn_KI270363v1	1803	0	0
chrUn_KI270364v1	2855	0	0
chrUn_KI270362v1	3530	4	0
chrUn_KI270366v1	8320	2	0
chrUn_KI270378v1	1048	0	0
chrUn_KI270379v1	1045	0	0
chrUn_KI270389v1	1298	2	0
chrUn_KI270390v1	2387	2	0
chrUn_KI270387v1	1537	0	0
chrUn_KI270395v1	1143	6	0
chrUn_KI270396v1	1880	0	0
chrUn_KI270388v1	1216	0	0
chrUn_KI270394v1	970	0	0
chrUn_KI270386v1	1788	0	0
chrUn_KI270391v1	1484	0	0
chrUn_KI270383v1	1750	0	0
chrUn_KI270393v1	1308	2	0
chrUn_KI270384v1	1658	0	0
chrUn_KI270392v1	971	2	0
chrUn_KI270381v1	1930	0	0
chrUn_KI270385v1	990	0	0
chrUn_KI270382v1	4215	0	0
chrUn_KI270376v1	1136	0	0
chrUn_KI270374v1	2656	0	0
chrUn_KI270372v1	1650	0	0
chrUn_KI270373v1	1451	0	0
chrUn_KI270375v1	2378	2	0
chrUn_KI270371v1	2805	0	0
chrUn_KI270448v1	7992	12	0
chrUn_KI270521v1	7642	0	0
chrUn_GL000195v1	182896	585	0
chrUn_GL000219v1	179198	1864	0
chrUn_GL000220v1	161802	2669	0
chrUn_GL000224v1	179693	1522	0
chrUn_KI270741v1	157432	136	0
chrUn_GL000226v1	15008	32	0
chrUn_GL000213v1	164239	6353	0
chrUn_KI270743v1	210658	502	0
chrUn_KI270744v1	168472	2423	0
chrUn_KI270745v1	41891	63	0
chrUn_KI270746v1	66486	7709	0
chrUn_KI270747v1	198735	318	0
chrUn_KI270748v1	93321	115	0
chrUn_KI270749v1	158759	887	0
chrUn_KI270750v1	148850	2632	0
chrUn_KI270751v1	150742	582	0
chrUn_KI270752v1	27745	0	0
chrUn_KI270753v1	62944	136	0
chrUn_KI270754v1	40191	1109	0
chrUn_KI270755v1	36723	28	0
chrUn_KI270756v1	79590	199	0
chrUn_KI270757v1	71251	155	0
chrUn_GL000214v1	137718	879	0
chrUn_KI270742v1	186739	940	0
chrUn_GL000216v2	176608	2460	3
chrUn_GL000218v1	161147	1504	0
chrX	156040895	1568979	10
chrY	57227415	195633	12
chrY_KI270740v1_random	37240	26	0
*	0	0	86352
