chr1	248956422	9329038	2217
chr10	133797422	4311503	955
chr11	135086622	4805845	1141
chr11_KI270721v1_random	100316	719	0
chr12	133275309	4968325	1203
chr13	114364328	2033153	486
chr14	107043718	2746274	573
chr14_GL000009v2_random	201709	5668	0
chr14_GL000225v1_random	211173	3597	17
chr14_KI270722v1_random	194050	928	1
chr14_GL000194v1_random	191469	3942	0
chr14_KI270723v1_random	38115	663	2
chr14_KI270724v1_random	39555	898	2
chr14_KI270725v1_random	172810	856	0
chr14_KI270726v1_random	43739	83	0
chr15	101991189	2879740	680
chr15_KI270727v1_random	448248	11936	0
chr16	90338345	2900658	702
chr16_KI270728v1_random	1872759	36196	6
chr17	83257441	4339706	1040
chr17_GL000205v2_random	185591	10759	2
chr17_KI270729v1_random	280839	1609	4
chr17_KI270730v1_random	112551	526	1
chr18	80373285	1509282	353
chr19	58617616	3719225	921
chr1_KI270706v1_random	175055	6549	3
chr1_KI270707v1_random	32032	78	0
chr1_KI270708v1_random	127682	390	1
chr1_KI270709v1_random	66860	966	2
chr1_KI270710v1_random	40176	87	0
chr1_KI270711v1_random	42210	21616	2
chr1_KI270712v1_random	176043	1939	1
chr1_KI270713v1_random	40745	3373	1
chr1_KI270714v1_random	41717	2406	0
chr2	242193529	6218194	1384
chr20	64444167	2221076	505
chr21	46709983	989649	239
chr22	50818468	1587554	395
chr22_KI270731v1_random	150754	2690	0
chr22_KI270732v1_random	41543	304	0
chr22_KI270733v1_random	179772	6069	0
chr22_KI270734v1_random	165050	4298	1
chr22_KI270735v1_random	42811	365	0
chr22_KI270736v1_random	181920	1071	6
chr22_KI270737v1_random	103838	215	0
chr22_KI270738v1_random	99375	125	0
chr22_KI270739v1_random	73985	37	0
chr2_KI270715v1_random	161471	67	0
chr2_KI270716v1_random	153799	102	1
chr3	198295559	5112767	1169
chr3_GL000221v1_random	155397	9145	2
chr4	190214555	3658188	805
chr4_GL000008v2_random	209709	5950	1
chr5	181538259	4061293	1039
chr5_GL000208v1_random	92689	87	0
chr6	170805979	4545785	1058
chr7	159345973	4438030	1079
chr8	145138636	3094424	725
chr9	138394717	3947775	917
chr9_KI270717v1_random	40062	113	0
chr9_KI270718v1_random	38054	1876	1
chr9_KI270719v1_random	176845	1832	2
chr9_KI270720v1_random	39050	2550	1
chr1_KI270762v1_alt	354444	6619	1
chr1_KI270766v1_alt	256271	16727	3
chr1_KI270760v1_alt	109528	537	0
chr1_KI270765v1_alt	185285	1941	0
chr1_GL383518v1_alt	182439	13769	1
chr1_GL383519v1_alt	110268	13033	1
chr1_GL383520v2_alt	366580	5395	2
chr1_KI270764v1_alt	50258	118	0
chr1_KI270763v1_alt	911658	9294	2
chr1_KI270759v1_alt	425601	1342	0
chr1_KI270761v1_alt	165834	7007	1
chr2_KI270770v1_alt	136240	482	0
chr2_KI270773v1_alt	70887	201	0
chr2_KI270774v1_alt	223625	2953	0
chr2_KI270769v1_alt	120616	2454	2
chr2_GL383521v1_alt	143390	326	0
chr2_KI270772v1_alt	133041	567	0
chr2_KI270775v1_alt	138019	173	0
chr2_KI270771v1_alt	110395	182	0
chr2_KI270768v1_alt	110099	1204	0
chr2_GL582966v2_alt	96131	338	0
chr2_GL383522v1_alt	123821	2936	0
chr2_KI270776v1_alt	174166	1257	0
chr2_KI270767v1_alt	161578	768	0
chr3_JH636055v2_alt	173151	5196	0
chr3_KI270783v1_alt	109187	215	1
chr3_KI270780v1_alt	224108	1418	0
chr3_GL383526v1_alt	180671	1871	2
chr3_KI270777v1_alt	173649	1171	0
chr3_KI270778v1_alt	248252	242	0
chr3_KI270781v1_alt	113034	341	0
chr3_KI270779v1_alt	205312	2875	0
chr3_KI270782v1_alt	162429	2186	1
chr3_KI270784v1_alt	184404	2239	1
chr4_KI270790v1_alt	220246	339	0
chr4_GL383528v1_alt	376187	412	0
chr4_KI270787v1_alt	111943	197	0
chr4_GL000257v2_alt	586476	19985	5
chr4_KI270788v1_alt	158965	186	0
chr4_GL383527v1_alt	164536	5826	0
chr4_KI270785v1_alt	119912	166	0
chr4_KI270789v1_alt	205944	1171	0
chr4_KI270786v1_alt	244096	318	0
chr5_KI270793v1_alt	126136	1074	1
chr5_KI270792v1_alt	179043	4056	2
chr5_KI270791v1_alt	195710	7672	3
chr5_GL383532v1_alt	82728	70	0
chr5_GL949742v1_alt	226852	286	0
chr5_KI270794v1_alt	164558	1908	1
chr5_GL339449v2_alt	1612928	32378	7
chr5_GL383530v1_alt	101241	164	0
chr5_KI270796v1_alt	172708	290	0
chr5_GL383531v1_alt	173459	251	0
chr5_KI270795v1_alt	131892	1628	0
chr6_GL000250v2_alt	4672374	32819	6
chr6_KI270800v1_alt	175808	738	0
chr6_KI270799v1_alt	152148	144	1
chr6_GL383533v1_alt	124736	1104	1
chr6_KI270801v1_alt	870480	11598	6
chr6_KI270802v1_alt	75005	210	0
chr6_KB021644v2_alt	185823	576	1
chr6_KI270797v1_alt	197536	6611	2
chr6_KI270798v1_alt	271782	5517	0
chr7_KI270804v1_alt	157952	423	0
chr7_KI270809v1_alt	209586	8204	0
chr7_KI270806v1_alt	158166	4858	1
chr7_GL383534v2_alt	119183	2950	0
chr7_KI270803v1_alt	1111570	19334	3
chr7_KI270808v1_alt	271455	2393	0
chr7_KI270807v1_alt	126434	486	1
chr7_KI270805v1_alt	209988	931	0
chr8_KI270818v1_alt	145606	633	0
chr8_KI270812v1_alt	282736	1151	0
chr8_KI270811v1_alt	292436	828	0
chr8_KI270821v1_alt	985506	15035	5
chr8_KI270813v1_alt	300230	17057	1
chr8_KI270822v1_alt	624492	11582	0
chr8_KI270814v1_alt	141812	594	0
chr8_KI270810v1_alt	374415	682	0
chr8_KI270819v1_alt	133535	1691	0
chr8_KI270820v1_alt	36640	291	0
chr8_KI270817v1_alt	158983	2020	1
chr8_KI270816v1_alt	305841	8587	1
chr8_KI270815v1_alt	132244	679	1
chr9_GL383539v1_alt	162988	1217	0
chr9_GL383540v1_alt	71551	3185	0
chr9_GL383541v1_alt	171286	2883	3
chr9_GL383542v1_alt	60032	1247	1
chr9_KI270823v1_alt	439082	4531	1
chr10_GL383545v1_alt	179254	1997	0
chr10_KI270824v1_alt	181496	1146	0
chr10_GL383546v1_alt	309802	5139	0
chr10_KI270825v1_alt	188315	7228	2
chr11_KI270832v1_alt	210133	9704	4
chr11_KI270830v1_alt	177092	1303	0
chr11_KI270831v1_alt	296895	9051	3
chr11_KI270829v1_alt	204059	5281	0
chr11_GL383547v1_alt	154407	187	1
chr11_JH159136v1_alt	200998	8760	0
chr11_JH159137v1_alt	191409	3242	0
chr11_KI270827v1_alt	67707	283	0
chr11_KI270826v1_alt	186169	635	0
chr12_GL877875v1_alt	167313	2855	0
chr12_GL877876v1_alt	408271	7032	2
chr12_KI270837v1_alt	40090	1773	1
chr12_GL383549v1_alt	120804	231	0
chr12_KI270835v1_alt	238139	2199	0
chr12_GL383550v2_alt	169178	1383	0
chr12_GL383552v1_alt	138655	1051	0
chr12_GL383553v2_alt	152874	5063	1
chr12_KI270834v1_alt	119498	1595	0
chr12_GL383551v1_alt	184319	455	0
chr12_KI270833v1_alt	76061	5090	0
chr12_KI270836v1_alt	56134	136	0
chr13_KI270840v1_alt	191684	3735	1
chr13_KI270839v1_alt	180306	472	0
chr13_KI270843v1_alt	103832	116	1
chr13_KI270841v1_alt	169134	227	0
chr13_KI270838v1_alt	306913	3703	1
chr13_KI270842v1_alt	37287	123	0
chr14_KI270844v1_alt	322166	9889	3
chr14_KI270847v1_alt	1511111	46653	15
chr14_KI270845v1_alt	180703	1175	0
chr14_KI270846v1_alt	1351393	4622	2
chr15_KI270852v1_alt	478999	12411	8
chr15_KI270851v1_alt	263054	17678	1
chr15_KI270848v1_alt	327382	10825	3
chr15_GL383554v1_alt	296527	6955	0
chr15_KI270849v1_alt	244917	4453	1
chr15_GL383555v2_alt	388773	4086	0
chr15_KI270850v1_alt	430880	9374	1
chr16_KI270854v1_alt	134193	2714	3
chr16_KI270856v1_alt	63982	274	0
chr16_KI270855v1_alt	232857	8759	1
chr16_KI270853v1_alt	2659700	83597	20
chr16_GL383556v1_alt	192462	7292	1
chr16_GL383557v1_alt	89672	3500	1
chr17_GL383563v3_alt	375691	1637	1
chr17_KI270862v1_alt	391357	9117	3
chr17_KI270861v1_alt	196688	16071	4
chr17_KI270857v1_alt	2877074	98756	20
chr17_JH159146v1_alt	278131	13720	3
chr17_JH159147v1_alt	70345	1401	0
chr17_GL383564v2_alt	133151	11380	2
chr17_GL000258v2_alt	1821992	28788	7
chr17_GL383565v1_alt	223995	363	0
chr17_KI270858v1_alt	235827	591	0
chr17_KI270859v1_alt	108763	523	0
chr17_GL383566v1_alt	90219	360	0
chr17_KI270860v1_alt	178921	2180	1
chr18_KI270864v1_alt	111737	134	0
chr18_GL383567v1_alt	289831	2062	1
chr18_GL383570v1_alt	164789	284	0
chr18_GL383571v1_alt	198278	2008	2
chr18_GL383568v1_alt	104552	174	0
chr18_GL383569v1_alt	167950	399	0
chr18_GL383572v1_alt	159547	634	0
chr18_KI270863v1_alt	167999	2103	1
chr19_KI270868v1_alt	61734	1374	0
chr19_KI270865v1_alt	52969	229	0
chr19_GL383573v1_alt	385657	4457	1
chr19_GL383575v2_alt	170222	2546	0
chr19_GL383576v1_alt	188024	1986	0
chr19_GL383574v1_alt	155864	3631	0
chr19_KI270866v1_alt	43156	2241	1
chr19_KI270867v1_alt	233762	5761	5
chr19_GL949746v1_alt	987716	22566	5
chr20_GL383577v2_alt	128386	455	0
chr20_KI270869v1_alt	118774	3991	2
chr20_KI270871v1_alt	58661	1856	0
chr20_KI270870v1_alt	183433	6546	3
chr21_GL383578v2_alt	63917	123	0
chr21_KI270874v1_alt	166743	220	1
chr21_KI270873v1_alt	143900	1026	1
chr21_GL383579v2_alt	201197	261	0
chr21_GL383580v2_alt	74653	583	0
chr21_GL383581v2_alt	116689	6710	1
chr21_KI270872v1_alt	82692	3484	1
chr22_KI270875v1_alt	259914	4806	2
chr22_KI270878v1_alt	186262	2618	0
chr22_KI270879v1_alt	304135	14238	2
chr22_KI270876v1_alt	263666	5192	3
chr22_KI270877v1_alt	101331	3405	3
chr22_GL383583v2_alt	96924	2499	0
chr22_GL383582v2_alt	162811	5598	2
chrX_KI270880v1_alt	284869	462	1
chrX_KI270881v1_alt	144206	2148	0
chr19_KI270882v1_alt	248807	6679	1
chr19_KI270883v1_alt	170399	1893	1
chr19_KI270884v1_alt	157053	5367	1
chr19_KI270885v1_alt	171027	1760	0
chr19_KI270886v1_alt	204239	6844	1
chr19_KI270887v1_alt	209512	4003	0
chr19_KI270888v1_alt	155532	1639	1
chr19_KI270889v1_alt	170698	1741	0
chr19_KI270890v1_alt	184499	3945	1
chr19_KI270891v1_alt	170680	1847	0
chr1_KI270892v1_alt	162212	7075	1
chr2_KI270894v1_alt	214158	768	0
chr2_KI270893v1_alt	161218	720	0
chr3_KI270895v1_alt	162896	2323	1
chr4_KI270896v1_alt	378547	4037	0
chr5_KI270897v1_alt	1144418	17522	5
chr5_KI270898v1_alt	130957	1796	0
chr6_GL000251v2_alt	4795265	83098	16
chr7_KI270899v1_alt	190869	553	0
chr8_KI270901v1_alt	136959	580	1
chr8_KI270900v1_alt	318687	829	0
chr11_KI270902v1_alt	106711	578	3
chr11_KI270903v1_alt	214625	1907	1
chr12_KI270904v1_alt	572349	10656	4
chr15_KI270906v1_alt	196384	3192	1
chr15_KI270905v1_alt	5161414	86732	18
chr17_KI270907v1_alt	137721	704	0
chr17_KI270910v1_alt	157099	4833	2
chr17_KI270909v1_alt	325800	9833	1
chr17_JH159148v1_alt	88070	2175	0
chr17_KI270908v1_alt	1423190	44718	10
chr18_KI270912v1_alt	174061	434	1
chr18_KI270911v1_alt	157710	565	0
chr19_GL949747v2_alt	729520	11797	3
chr22_KB663609v1_alt	74013	2238	0
chrX_KI270913v1_alt	274009	822	0
chr19_KI270914v1_alt	205194	2956	1
chr19_KI270915v1_alt	170665	2353	0
chr19_KI270916v1_alt	184516	3332	0
chr19_KI270917v1_alt	190932	2108	0
chr19_KI270918v1_alt	123111	1487	2
chr19_KI270919v1_alt	170701	1867	1
chr19_KI270920v1_alt	198005	1781	0
chr19_KI270921v1_alt	282224	7053	2
chr19_KI270922v1_alt	187935	1965	0
chr19_KI270923v1_alt	189352	1748	1
chr3_KI270924v1_alt	166540	3873	0
chr4_KI270925v1_alt	555799	1975	0
chr6_GL000252v2_alt	4604811	74674	18
chr8_KI270926v1_alt	229282	1441	0
chr11_KI270927v1_alt	218612	1094	1
chr19_GL949748v2_alt	1064304	5432	0
chr22_KI270928v1_alt	176103	5588	1
chr19_KI270929v1_alt	186203	1645	0
chr19_KI270930v1_alt	200773	3134	0
chr19_KI270931v1_alt	170148	1849	0
chr19_KI270932v1_alt	215732	3447	2
chr19_KI270933v1_alt	170537	1774	1
chr19_GL000209v2_alt	177381	3843	2
chr3_KI270934v1_alt	163458	2263	2
chr6_GL000253v2_alt	4677643	56290	14
chr19_GL949749v2_alt	1091841	5237	1
chr3_KI270935v1_alt	197351	2741	1
chr6_GL000254v2_alt	4827813	69785	12
chr19_GL949750v2_alt	1066390	4671	0
chr3_KI270936v1_alt	164170	2221	0
chr6_GL000255v2_alt	4606388	73490	11
chr19_GL949751v2_alt	1002683	5785	0
chr3_KI270937v1_alt	165607	2339	0
chr6_GL000256v2_alt	4929269	74261	12
chr19_GL949752v1_alt	987100	20856	5
chr6_KI270758v1_alt	76752	968	0
chr19_GL949753v2_alt	796479	16365	3
chr19_KI270938v1_alt	1066800	24861	6
chrM	16569	8121	7
chrUn_KI270302v1	2274	3	0
chrUn_KI270304v1	2165	1	0
chrUn_KI270303v1	1942	4	0
chrUn_KI270305v1	1472	2	0
chrUn_KI270322v1	21476	5	0
chrUn_KI270320v1	4416	19	0
chrUn_KI270310v1	1201	3	0
chrUn_KI270316v1	1444	0	0
chrUn_KI270315v1	2276	0	0
chrUn_KI270312v1	998	0	0
chrUn_KI270311v1	12399	3	0
chrUn_KI270317v1	37690	1	0
chrUn_KI270412v1	1179	0	0
chrUn_KI270411v1	2646	5	0
chrUn_KI270414v1	2489	2	0
chrUn_KI270419v1	1029	2	0
chrUn_KI270418v1	2145	3	0
chrUn_KI270420v1	2321	2	0
chrUn_KI270424v1	2140	1	0
chrUn_KI270417v1	2043	0	0
chrUn_KI270422v1	1445	5	0
chrUn_KI270423v1	981	0	0
chrUn_KI270425v1	1884	0	0
chrUn_KI270429v1	1361	0	0
chrUn_KI270442v1	392061	4780	5
chrUn_KI270466v1	1233	208	0
chrUn_KI270465v1	1774	4	0
chrUn_KI270467v1	3920	633	2
chrUn_KI270435v1	92983	164	1
chrUn_KI270438v1	112505	4952	5
chrUn_KI270468v1	4055	2	0
chrUn_KI270510v1	2415	3	0
chrUn_KI270509v1	2318	4	0
chrUn_KI270518v1	2186	7	0
chrUn_KI270508v1	1951	5	0
chrUn_KI270516v1	1300	0	0
chrUn_KI270512v1	22689	37	1
chrUn_KI270519v1	138126	230	0
chrUn_KI270522v1	5674	6	0
chrUn_KI270511v1	8127	7	0
chrUn_KI270515v1	6361	14	0
chrUn_KI270507v1	5353	12	0
chrUn_KI270517v1	3253	10	0
chrUn_KI270529v1	1899	2	0
chrUn_KI270528v1	2983	2	0
chrUn_KI270530v1	2168	1	0
chrUn_KI270539v1	993	0	0
chrUn_KI270538v1	91309	156	0
chrUn_KI270544v1	1202	0	0
chrUn_KI270548v1	1599	3	0
chrUn_KI270583v1	1400	6	0
chrUn_KI270587v1	2969	1	0
chrUn_KI270580v1	1553	5	0
chrUn_KI270581v1	7046	27	0
chrUn_KI270579v1	31033	18	0
chrUn_KI270589v1	44474	84	0
chrUn_KI270590v1	4685	31	0
chrUn_KI270584v1	4513	13	0
chrUn_KI270582v1	6504	15	0
chrUn_KI270588v1	6158	27	0
chrUn_KI270593v1	3041	13	0
chrUn_KI270591v1	5796	30	0
chrUn_KI270330v1	1652	30	0
chrUn_KI270329v1	1040	1	0
chrUn_KI270334v1	1368	2	0
chrUn_KI270333v1	2699	72	0
chrUn_KI270335v1	1048	0	0
chrUn_KI270338v1	1428	0	0
chrUn_KI270340v1	1428	0	0
chrUn_KI270336v1	1026	12	0
chrUn_KI270337v1	1121	67	0
chrUn_KI270363v1	1803	0	0
chrUn_KI270364v1	2855	0	0
chrUn_KI270362v1	3530	1	0
chrUn_KI270366v1	8320	9	0
chrUn_KI270378v1	1048	0	0
chrUn_KI270379v1	1045	0	0
chrUn_KI270389v1	1298	0	0
chrUn_KI270390v1	2387	0	0
chrUn_KI270387v1	1537	0	0
chrUn_KI270395v1	1143	3	0
chrUn_KI270396v1	1880	0	0
chrUn_KI270388v1	1216	2	0
chrUn_KI270394v1	970	1	0
chrUn_KI270386v1	1788	1	0
chrUn_KI270391v1	1484	0	0
chrUn_KI270383v1	1750	0	0
chrUn_KI270393v1	1308	2	0
chrUn_KI270384v1	1658	0	0
chrUn_KI270392v1	971	0	0
chrUn_KI270381v1	1930	1	0
chrUn_KI270385v1	990	0	0
chrUn_KI270382v1	4215	0	0
chrUn_KI270376v1	1136	0	0
chrUn_KI270374v1	2656	0	0
chrUn_KI270372v1	1650	0	0
chrUn_KI270373v1	1451	0	0
chrUn_KI270375v1	2378	0	0
chrUn_KI270371v1	2805	2	0
chrUn_KI270448v1	7992	15	0
chrUn_KI270521v1	7642	4	0
chrUn_GL000195v1	182896	1372	1
chrUn_GL000219v1	179198	4389	1
chrUn_GL000220v1	161802	4840	3
chrUn_GL000224v1	179693	1799	0
chrUn_KI270741v1	157432	307	0
chrUn_GL000226v1	15008	93	0
chrUn_GL000213v1	164239	3916	2
chrUn_KI270743v1	210658	1131	0
chrUn_KI270744v1	168472	11309	3
chrUn_KI270745v1	41891	386	0
chrUn_KI270746v1	66486	2681	1
chrUn_KI270747v1	198735	103	0
chrUn_KI270748v1	93321	412	0
chrUn_KI270749v1	158759	1167	1
chrUn_KI270750v1	148850	6014	2
chrUn_KI270751v1	150742	4698	2
chrUn_KI270752v1	27745	0	0
chrUn_KI270753v1	62944	485	0
chrUn_KI270754v1	40191	430	0
chrUn_KI270755v1	36723	63	0
chrUn_KI270756v1	79590	140	0
chrUn_KI270757v1	71251	160	0
chrUn_GL000214v1	137718	5221	2
chrUn_KI270742v1	186739	14816	2
chrUn_GL000216v2	176608	2350	4
chrUn_GL000218v1	161147	2532	1
chrX	156040895	4142083	868
chrY	57227415	54982	38
chrY_KI270740v1_random	37240	0	0
*	0	0	61514
