chr1	248956422	12059515	144
chr10	133797422	5678843	74
chr11	135086622	6089827	209
chr11_KI270721v1_random	100316	671	0
chr12	133275309	6474952	110
chr13	114364328	2764769	82
chr14	107043718	3564936	50
chr14_GL000009v2_random	201709	9144	0
chr14_GL000225v1_random	211173	2665	7
chr14_KI270722v1_random	194050	598	0
chr14_GL000194v1_random	191469	3464	0
chr14_KI270723v1_random	38115	1044	1
chr14_KI270724v1_random	39555	520	1
chr14_KI270725v1_random	172810	921	0
chr14_KI270726v1_random	43739	30	1
chr15	101991189	3728978	39
chr15_KI270727v1_random	448248	17502	0
chr16	90338345	3428911	68
chr16_KI270728v1_random	1872759	33328	1
chr17	83257441	5272773	50
chr17_GL000205v2_random	185591	14223	0
chr17_KI270729v1_random	280839	1021	2
chr17_KI270730v1_random	112551	486	1
chr18	80373285	2028330	31
chr19	58617616	4170389	90
chr1_KI270706v1_random	175055	7127	0
chr1_KI270707v1_random	32032	55	0
chr1_KI270708v1_random	127682	73	0
chr1_KI270709v1_random	66860	398	0
chr1_KI270710v1_random	40176	44	0
chr1_KI270711v1_random	42210	20371	0
chr1_KI270712v1_random	176043	2312	0
chr1_KI270713v1_random	40745	2398	0
chr1_KI270714v1_random	41717	3251	0
chr2	242193529	8240738	162
chr20	64444167	2745902	46
chr21	46709983	1266088	42
chr22	50818468	1831473	44
chr22_KI270731v1_random	150754	3895	1
chr22_KI270732v1_random	41543	338	0
chr22_KI270733v1_random	179772	7529	1
chr22_KI270734v1_random	165050	5952	7
chr22_KI270735v1_random	42811	317	1
chr22_KI270736v1_random	181920	1288	9
chr22_KI270737v1_random	103838	139	1
chr22_KI270738v1_random	99375	92	0
chr22_KI270739v1_random	73985	39	0
chr2_KI270715v1_random	161471	73	0
chr2_KI270716v1_random	153799	64	0
chr3	198295559	6718192	95
chr3_GL000221v1_random	155397	14962	0
chr4	190214555	5002022	75
chr4_GL000008v2_random	209709	9313	0
chr5	181538259	5398012	219
chr5_GL000208v1_random	92689	77	0
chr6	170805979	6039545	72
chr7	159345973	5766584	111
chr8	145138636	4126123	52
chr9	138394717	5116750	53
chr9_KI270717v1_random	40062	163	0
chr9_KI270718v1_random	38054	2800	0
chr9_KI270719v1_random	176845	1866	0
chr9_KI270720v1_random	39050	3754	0
chr1_KI270762v1_alt	354444	5859	0
chr1_KI270766v1_alt	256271	20328	0
chr1_KI270760v1_alt	109528	459	0
chr1_KI270765v1_alt	185285	2282	0
chr1_GL383518v1_alt	182439	15735	0
chr1_GL383519v1_alt	110268	14122	0
chr1_GL383520v2_alt	366580	7999	1
chr1_KI270764v1_alt	50258	179	0
chr1_KI270763v1_alt	911658	13722	0
chr1_KI270759v1_alt	425601	1507	0
chr1_KI270761v1_alt	165834	8778	0
chr2_KI270770v1_alt	136240	548	0
chr2_KI270773v1_alt	70887	256	0
chr2_KI270774v1_alt	223625	2926	0
chr2_KI270769v1_alt	120616	3027	0
chr2_GL383521v1_alt	143390	389	0
chr2_KI270772v1_alt	133041	329	0
chr2_KI270775v1_alt	138019	243	0
chr2_KI270771v1_alt	110395	182	0
chr2_KI270768v1_alt	110099	1569	0
chr2_GL582966v2_alt	96131	416	0
chr2_GL383522v1_alt	123821	3930	0
chr2_KI270776v1_alt	174166	1129	1
chr2_KI270767v1_alt	161578	922	0
chr3_JH636055v2_alt	173151	6706	0
chr3_KI270783v1_alt	109187	211	0
chr3_KI270780v1_alt	224108	1588	0
chr3_GL383526v1_alt	180671	2917	0
chr3_KI270777v1_alt	173649	1881	0
chr3_KI270778v1_alt	248252	314	0
chr3_KI270781v1_alt	113034	419	0
chr3_KI270779v1_alt	205312	3415	0
chr3_KI270782v1_alt	162429	2490	0
chr3_KI270784v1_alt	184404	2860	0
chr4_KI270790v1_alt	220246	435	0
chr4_GL383528v1_alt	376187	514	0
chr4_KI270787v1_alt	111943	232	0
chr4_GL000257v2_alt	586476	27398	1
chr4_KI270788v1_alt	158965	358	1
chr4_GL383527v1_alt	164536	8764	0
chr4_KI270785v1_alt	119912	293	0
chr4_KI270789v1_alt	205944	1552	0
chr4_KI270786v1_alt	244096	430	0
chr5_KI270793v1_alt	126136	1243	1
chr5_KI270792v1_alt	179043	3904	0
chr5_KI270791v1_alt	195710	8514	0
chr5_GL383532v1_alt	82728	177	0
chr5_GL949742v1_alt	226852	464	0
chr5_KI270794v1_alt	164558	2404	0
chr5_GL339449v2_alt	1612928	47295	0
chr5_GL383530v1_alt	101241	196	0
chr5_KI270796v1_alt	172708	306	0
chr5_GL383531v1_alt	173459	334	0
chr5_KI270795v1_alt	131892	2158	0
chr6_GL000250v2_alt	4672374	36755	0
chr6_KI270800v1_alt	175808	971	0
chr6_KI270799v1_alt	152148	188	0
chr6_GL383533v1_alt	124736	1470	0
chr6_KI270801v1_alt	870480	16146	0
chr6_KI270802v1_alt	75005	272	0
chr6_KB021644v2_alt	185823	624	0
chr6_KI270797v1_alt	197536	9238	0
chr6_KI270798v1_alt	271782	6693	0
chr7_KI270804v1_alt	157952	481	0
chr7_KI270809v1_alt	209586	11336	1
chr7_KI270806v1_alt	158166	7651	0
chr7_GL383534v2_alt	119183	4337	0
chr7_KI270803v1_alt	1111570	26971	0
chr7_KI270808v1_alt	271455	2757	0
chr7_KI270807v1_alt	126434	518	0
chr7_KI270805v1_alt	209988	891	0
chr8_KI270818v1_alt	145606	624	0
chr8_KI270812v1_alt	282736	1195	0
chr8_KI270811v1_alt	292436	981	0
chr8_KI270821v1_alt	985506	20711	0
chr8_KI270813v1_alt	300230	27800	0
chr8_KI270822v1_alt	624492	16136	0
chr8_KI270814v1_alt	141812	712	0
chr8_KI270810v1_alt	374415	748	0
chr8_KI270819v1_alt	133535	1499	0
chr8_KI270820v1_alt	36640	266	0
chr8_KI270817v1_alt	158983	2120	0
chr8_KI270816v1_alt	305841	8195	0
chr8_KI270815v1_alt	132244	671	0
chr9_GL383539v1_alt	162988	1522	0
chr9_GL383540v1_alt	71551	4070	0
chr9_GL383541v1_alt	171286	3873	0
chr9_GL383542v1_alt	60032	1677	0
chr9_KI270823v1_alt	439082	5833	0
chr10_GL383545v1_alt	179254	3042	0
chr10_KI270824v1_alt	181496	1345	0
chr10_GL383546v1_alt	309802	6278	0
chr10_KI270825v1_alt	188315	7685	0
chr11_KI270832v1_alt	210133	9043	0
chr11_KI270830v1_alt	177092	1381	0
chr11_KI270831v1_alt	296895	9163	0
chr11_KI270829v1_alt	204059	6891	0
chr11_GL383547v1_alt	154407	237	0
chr11_JH159136v1_alt	200998	11925	0
chr11_JH159137v1_alt	191409	4597	0
chr11_KI270827v1_alt	67707	331	0
chr11_KI270826v1_alt	186169	706	0
chr12_GL877875v1_alt	167313	3307	0
chr12_GL877876v1_alt	408271	10353	0
chr12_KI270837v1_alt	40090	1700	0
chr12_GL383549v1_alt	120804	297	0
chr12_KI270835v1_alt	238139	3250	0
chr12_GL383550v2_alt	169178	1664	0
chr12_GL383552v1_alt	138655	1376	0
chr12_GL383553v2_alt	152874	7060	0
chr12_KI270834v1_alt	119498	1849	0
chr12_GL383551v1_alt	184319	469	0
chr12_KI270833v1_alt	76061	6557	0
chr12_KI270836v1_alt	56134	142	0
chr13_KI270840v1_alt	191684	5286	1
chr13_KI270839v1_alt	180306	592	0
chr13_KI270843v1_alt	103832	148	0
chr13_KI270841v1_alt	169134	209	0
chr13_KI270838v1_alt	306913	4710	0
chr13_KI270842v1_alt	37287	139	0
chr14_KI270844v1_alt	322166	14944	0
chr14_KI270847v1_alt	1511111	60013	1
chr14_KI270845v1_alt	180703	999	0
chr14_KI270846v1_alt	1351393	4079	0
chr15_KI270852v1_alt	478999	17830	0
chr15_KI270851v1_alt	263054	22575	0
chr15_KI270848v1_alt	327382	12938	0
chr15_GL383554v1_alt	296527	8467	0
chr15_KI270849v1_alt	244917	5906	0
chr15_GL383555v2_alt	388773	4291	1
chr15_KI270850v1_alt	430880	10537	0
chr16_KI270854v1_alt	134193	2676	0
chr16_KI270856v1_alt	63982	154	0
chr16_KI270855v1_alt	232857	9170	0
chr16_KI270853v1_alt	2659700	104340	0
chr16_GL383556v1_alt	192462	9428	0
chr16_GL383557v1_alt	89672	4909	0
chr17_GL383563v3_alt	375691	2019	0
chr17_KI270862v1_alt	391357	10544	0
chr17_KI270861v1_alt	196688	16117	0
chr17_KI270857v1_alt	2877074	154657	2
chr17_JH159146v1_alt	278131	16316	1
chr17_JH159147v1_alt	70345	2648	0
chr17_GL383564v2_alt	133151	12445	0
chr17_GL000258v2_alt	1821992	24183	5
chr17_GL383565v1_alt	223995	406	0
chr17_KI270858v1_alt	235827	664	0
chr17_KI270859v1_alt	108763	700	0
chr17_GL383566v1_alt	90219	313	0
chr17_KI270860v1_alt	178921	2091	0
chr18_KI270864v1_alt	111737	183	0
chr18_GL383567v1_alt	289831	2697	0
chr18_GL383570v1_alt	164789	387	0
chr18_GL383571v1_alt	198278	2799	1
chr18_GL383568v1_alt	104552	171	0
chr18_GL383569v1_alt	167950	437	1
chr18_GL383572v1_alt	159547	615	0
chr18_KI270863v1_alt	167999	2409	0
chr19_KI270868v1_alt	61734	1137	0
chr19_KI270865v1_alt	52969	168	0
chr19_GL383573v1_alt	385657	5599	0
chr19_GL383575v2_alt	170222	3135	0
chr19_GL383576v1_alt	188024	2737	0
chr19_GL383574v1_alt	155864	4900	0
chr19_KI270866v1_alt	43156	2676	0
chr19_KI270867v1_alt	233762	6749	1
chr19_GL949746v1_alt	987716	21224	0
chr20_GL383577v2_alt	128386	491	0
chr20_KI270869v1_alt	118774	4923	0
chr20_KI270871v1_alt	58661	1800	0
chr20_KI270870v1_alt	183433	7203	0
chr21_GL383578v2_alt	63917	162	0
chr21_KI270874v1_alt	166743	312	0
chr21_KI270873v1_alt	143900	1578	0
chr21_GL383579v2_alt	201197	312	0
chr21_GL383580v2_alt	74653	795	0
chr21_GL383581v2_alt	116689	9224	0
chr21_KI270872v1_alt	82692	3202	0
chr22_KI270875v1_alt	259914	5403	0
chr22_KI270878v1_alt	186262	2955	0
chr22_KI270879v1_alt	304135	11809	0
chr22_KI270876v1_alt	263666	7147	0
chr22_KI270877v1_alt	101331	3366	0
chr22_GL383583v2_alt	96924	2783	0
chr22_GL383582v2_alt	162811	6688	1
chrX_KI270880v1_alt	284869	438	4
chrX_KI270881v1_alt	144206	1483	0
chr19_KI270882v1_alt	248807	1331	1
chr19_KI270883v1_alt	170399	3540	0
chr19_KI270884v1_alt	157053	1135	0
chr19_KI270885v1_alt	171027	4443	0
chr19_KI270886v1_alt	204239	1256	0
chr19_KI270887v1_alt	209512	3003	0
chr19_KI270888v1_alt	155532	2749	0
chr19_KI270889v1_alt	170698	4403	0
chr19_KI270890v1_alt	184499	943	0
chr19_KI270891v1_alt	170680	4022	0
chr1_KI270892v1_alt	162212	8754	0
chr2_KI270894v1_alt	214158	487	0
chr2_KI270893v1_alt	161218	958	0
chr3_KI270895v1_alt	162896	3001	0
chr4_KI270896v1_alt	378547	5281	0
chr5_KI270897v1_alt	1144418	29358	1
chr5_KI270898v1_alt	130957	2288	0
chr6_GL000251v2_alt	4795265	93660	0
chr7_KI270899v1_alt	190869	494	0
chr8_KI270901v1_alt	136959	504	0
chr8_KI270900v1_alt	318687	788	0
chr11_KI270902v1_alt	106711	575	0
chr11_KI270903v1_alt	214625	1677	0
chr12_KI270904v1_alt	572349	14099	1
chr15_KI270906v1_alt	196384	3924	0
chr15_KI270905v1_alt	5161414	106936	3
chr17_KI270907v1_alt	137721	630	0
chr17_KI270910v1_alt	157099	5307	0
chr17_KI270909v1_alt	325800	42041	0
chr17_JH159148v1_alt	88070	1689	0
chr17_KI270908v1_alt	1423190	48562	0
chr18_KI270912v1_alt	174061	430	0
chr18_KI270911v1_alt	157710	584	0
chr19_GL949747v2_alt	729520	10740	0
chr22_KB663609v1_alt	74013	2360	0
chrX_KI270913v1_alt	274009	628	2
chr19_KI270914v1_alt	205194	1951	0
chr19_KI270915v1_alt	170665	6366	0
chr19_KI270916v1_alt	184516	1292	0
chr19_KI270917v1_alt	190932	4568	0
chr19_KI270918v1_alt	123111	2552	0
chr19_KI270919v1_alt	170701	3337	0
chr19_KI270920v1_alt	198005	3251	0
chr19_KI270921v1_alt	282224	1777	0
chr19_KI270922v1_alt	187935	4209	0
chr19_KI270923v1_alt	189352	2029	0
chr3_KI270924v1_alt	166540	3563	0
chr4_KI270925v1_alt	555799	2811	0
chr6_GL000252v2_alt	4604811	89183	0
chr8_KI270926v1_alt	229282	1562	0
chr11_KI270927v1_alt	218612	916	0
chr19_GL949748v2_alt	1064304	5869	0
chr22_KI270928v1_alt	176103	6474	0
chr19_KI270929v1_alt	186203	3779	0
chr19_KI270930v1_alt	200773	1377	0
chr19_KI270931v1_alt	170148	3985	0
chr19_KI270932v1_alt	215732	1554	0
chr19_KI270933v1_alt	170537	2035	0
chr19_GL000209v2_alt	177381	1074	0
chr3_KI270934v1_alt	163458	3073	0
chr6_GL000253v2_alt	4677643	70466	0
chr19_GL949749v2_alt	1091841	6172	0
chr3_KI270935v1_alt	197351	3195	0
chr6_GL000254v2_alt	4827813	86935	2
chr19_GL949750v2_alt	1066390	5457	0
chr3_KI270936v1_alt	164170	2979	0
chr6_GL000255v2_alt	4606388	84985	2
chr19_GL949751v2_alt	1002683	7283	0
chr3_KI270937v1_alt	165607	3007	0
chr6_GL000256v2_alt	4929269	85122	0
chr19_GL949752v1_alt	987100	25624	0
chr6_KI270758v1_alt	76752	647	0
chr19_GL949753v2_alt	796479	13935	0
chr19_KI270938v1_alt	1066800	25421	1
chrM	16569	7071	2
chrUn_KI270302v1	2274	0	0
chrUn_KI270304v1	2165	0	0
chrUn_KI270303v1	1942	0	0
chrUn_KI270305v1	1472	0	0
chrUn_KI270322v1	21476	11	0
chrUn_KI270320v1	4416	8	0
chrUn_KI270310v1	1201	1	0
chrUn_KI270316v1	1444	0	0
chrUn_KI270315v1	2276	1	0
chrUn_KI270312v1	998	0	0
chrUn_KI270311v1	12399	1	0
chrUn_KI270317v1	37690	0	0
chrUn_KI270412v1	1179	0	0
chrUn_KI270411v1	2646	8	0
chrUn_KI270414v1	2489	0	0
chrUn_KI270419v1	1029	0	0
chrUn_KI270418v1	2145	2	0
chrUn_KI270420v1	2321	8	0
chrUn_KI270424v1	2140	0	0
chrUn_KI270417v1	2043	2	0
chrUn_KI270422v1	1445	5	0
chrUn_KI270423v1	981	2	0
chrUn_KI270425v1	1884	4	0
chrUn_KI270429v1	1361	6	0
chrUn_KI270442v1	392061	5678	6
chrUn_KI270466v1	1233	99	0
chrUn_KI270465v1	1774	4	0
chrUn_KI270467v1	3920	448	0
chrUn_KI270435v1	92983	208	1
chrUn_KI270438v1	112505	2671	2
chrUn_KI270468v1	4055	10	0
chrUn_KI270510v1	2415	11	0
chrUn_KI270509v1	2318	4	0
chrUn_KI270518v1	2186	9	0
chrUn_KI270508v1	1951	1	0
chrUn_KI270516v1	1300	3	0
chrUn_KI270512v1	22689	30	0
chrUn_KI270519v1	138126	234	0
chrUn_KI270522v1	5674	1	0
chrUn_KI270511v1	8127	13	0
chrUn_KI270515v1	6361	12	0
chrUn_KI270507v1	5353	13	0
chrUn_KI270517v1	3253	4	0
chrUn_KI270529v1	1899	2	0
chrUn_KI270528v1	2983	0	0
chrUn_KI270530v1	2168	0	0
chrUn_KI270539v1	993	0	0
chrUn_KI270538v1	91309	150	0
chrUn_KI270544v1	1202	2	0
chrUn_KI270548v1	1599	0	0
chrUn_KI270583v1	1400	7	0
chrUn_KI270587v1	2969	0	0
chrUn_KI270580v1	1553	4	0
chrUn_KI270581v1	7046	10	0
chrUn_KI270579v1	31033	23	0
chrUn_KI270589v1	44474	102	0
chrUn_KI270590v1	4685	24	0
chrUn_KI270584v1	4513	6	0
chrUn_KI270582v1	6504	18	0
chrUn_KI270588v1	6158	17	0
chrUn_KI270593v1	3041	1	0
chrUn_KI270591v1	5796	34	0
chrUn_KI270330v1	1652	32	0
chrUn_KI270329v1	1040	4	0
chrUn_KI270334v1	1368	6	0
chrUn_KI270333v1	2699	161	0
chrUn_KI270335v1	1048	0	0
chrUn_KI270338v1	1428	6	0
chrUn_KI270340v1	1428	8	0
chrUn_KI270336v1	1026	41	0
chrUn_KI270337v1	1121	131	0
chrUn_KI270363v1	1803	0	0
chrUn_KI270364v1	2855	3	0
chrUn_KI270362v1	3530	4	0
chrUn_KI270366v1	8320	2	0
chrUn_KI270378v1	1048	0	0
chrUn_KI270379v1	1045	0	0
chrUn_KI270389v1	1298	0	0
chrUn_KI270390v1	2387	2	0
chrUn_KI270387v1	1537	4	0
chrUn_KI270395v1	1143	2	0
chrUn_KI270396v1	1880	0	0
chrUn_KI270388v1	1216	0	0
chrUn_KI270394v1	970	0	0
chrUn_KI270386v1	1788	2	0
chrUn_KI270391v1	1484	1	0
chrUn_KI270383v1	1750	0	0
chrUn_KI270393v1	1308	2	0
chrUn_KI270384v1	1658	0	0
chrUn_KI270392v1	971	0	0
chrUn_KI270381v1	1930	0	0
chrUn_KI270385v1	990	0	0
chrUn_KI270382v1	4215	0	0
chrUn_KI270376v1	1136	0	0
chrUn_KI270374v1	2656	0	0
chrUn_KI270372v1	1650	0	0
chrUn_KI270373v1	1451	1	0
chrUn_KI270375v1	2378	0	0
chrUn_KI270371v1	2805	2	0
chrUn_KI270448v1	7992	23	0
chrUn_KI270521v1	7642	11	0
chrUn_GL000195v1	182896	1700	0
chrUn_GL000219v1	179198	7779	0
chrUn_GL000220v1	161802	6047	0
chrUn_GL000224v1	179693	2265	0
chrUn_KI270741v1	157432	634	0
chrUn_GL000226v1	15008	45	0
chrUn_GL000213v1	164239	8391	0
chrUn_KI270743v1	210658	1171	0
chrUn_KI270744v1	168472	21940	0
chrUn_KI270745v1	41891	300	0
chrUn_KI270746v1	66486	4860	0
chrUn_KI270747v1	198735	134	0
chrUn_KI270748v1	93321	339	0
chrUn_KI270749v1	158759	1578	0
chrUn_KI270750v1	148850	7682	0
chrUn_KI270751v1	150742	5730	0
chrUn_KI270752v1	27745	4	0
chrUn_KI270753v1	62944	527	0
chrUn_KI270754v1	40191	297	0
chrUn_KI270755v1	36723	63	0
chrUn_KI270756v1	79590	120	1
chrUn_KI270757v1	71251	155	1
chrUn_GL000214v1	137718	5776	0
chrUn_KI270742v1	186739	16968	0
chrUn_GL000216v2	176608	1701	1
chrUn_GL000218v1	161147	4265	0
chrX	156040895	2853234	49
chrY	57227415	477312	35
chrY_KI270740v1_random	37240	16	0
*	0	0	16554
