chr1	248956422	5421236	22
chr10	133797422	2094371	17
chr11	135086622	2479633	15
chr11_KI270721v1_random	100316	724	0
chr12	133275309	2327346	20
chr13	114364328	915024	9
chr14	107043718	1436008	9
chr14_GL000009v2_random	201709	1047	0
chr14_GL000225v1_random	211173	3037	2
chr14_KI270722v1_random	194050	646	0
chr14_GL000194v1_random	191469	1929	0
chr14_KI270723v1_random	38115	418	0
chr14_KI270724v1_random	39555	508	0
chr14_KI270725v1_random	172810	1307	0
chr14_KI270726v1_random	43739	31	0
chr15	101991189	1649740	5
chr15_KI270727v1_random	448248	9858	1
chr16	90338345	1887165	10
chr16_KI270728v1_random	1872759	21353	0
chr17	83257441	2541913	15
chr17_GL000205v2_random	185591	1929	0
chr17_KI270729v1_random	280839	4256	3
chr17_KI270730v1_random	112551	605	4
chr18	80373285	741390	2
chr19	58617616	2177150	92
chr1_KI270706v1_random	175055	1038	0
chr1_KI270707v1_random	32032	50	0
chr1_KI270708v1_random	127682	898	0
chr1_KI270709v1_random	66860	3017	0
chr1_KI270710v1_random	40176	47	0
chr1_KI270711v1_random	42210	10980	0
chr1_KI270712v1_random	176043	1564	0
chr1_KI270713v1_random	40745	3301	0
chr1_KI270714v1_random	41717	1685	0
chr2	242193529	4216075	27
chr20	64444167	1055064	5
chr21	46709983	509466	9
chr22	50818468	1036952	2
chr22_KI270731v1_random	150754	5545	0
chr22_KI270732v1_random	41543	86	0
chr22_KI270733v1_random	179772	2222	0
chr22_KI270734v1_random	165050	8029	0
chr22_KI270735v1_random	42811	382	0
chr22_KI270736v1_random	181920	1605	6
chr22_KI270737v1_random	103838	440	1
chr22_KI270738v1_random	99375	218	0
chr22_KI270739v1_random	73985	32	0
chr2_KI270715v1_random	161471	90	0
chr2_KI270716v1_random	153799	102	0
chr3	198295559	2854925	16
chr3_GL000221v1_random	155397	780	0
chr4	190214555	2026224	17
chr4_GL000008v2_random	209709	1192	1
chr5	181538259	2353035	22
chr5_GL000208v1_random	92689	92	0
chr6	170805979	2026842	15
chr7	159345973	2530399	20
chr8	145138636	1488883	7
chr9	138394717	2041103	11
chr9_KI270717v1_random	40062	407	0
chr9_KI270718v1_random	38054	1453	0
chr9_KI270719v1_random	176845	1822	0
chr9_KI270720v1_random	39050	2120	0
chr1_KI270762v1_alt	354444	6694	0
chr1_KI270766v1_alt	256271	22634	0
chr1_KI270760v1_alt	109528	186	0
chr1_KI270765v1_alt	185285	1896	0
chr1_GL383518v1_alt	182439	5790	0
chr1_GL383519v1_alt	110268	10667	0
chr1_GL383520v2_alt	366580	2063	0
chr1_KI270764v1_alt	50258	72	0
chr1_KI270763v1_alt	911658	12002	0
chr1_KI270759v1_alt	425601	2526	0
chr1_KI270761v1_alt	165834	9115	0
chr2_KI270770v1_alt	136240	167	0
chr2_KI270773v1_alt	70887	526	0
chr2_KI270774v1_alt	223625	1895	0
chr2_KI270769v1_alt	120616	2232	0
chr2_GL383521v1_alt	143390	115	0
chr2_KI270772v1_alt	133041	798	0
chr2_KI270775v1_alt	138019	95	0
chr2_KI270771v1_alt	110395	70	0
chr2_KI270768v1_alt	110099	1228	0
chr2_GL582966v2_alt	96131	2246	0
chr2_GL383522v1_alt	123821	3280	0
chr2_KI270776v1_alt	174166	2053	0
chr2_KI270767v1_alt	161578	418	0
chr3_JH636055v2_alt	173151	2161	0
chr3_KI270783v1_alt	109187	70	0
chr3_KI270780v1_alt	224108	596	0
chr3_GL383526v1_alt	180671	832	0
chr3_KI270777v1_alt	173649	2022	0
chr3_KI270778v1_alt	248252	98	0
chr3_KI270781v1_alt	113034	173	0
chr3_KI270779v1_alt	205312	19533	0
chr3_KI270782v1_alt	162429	827	0
chr3_KI270784v1_alt	184404	3348	1
chr4_KI270790v1_alt	220246	174	0
chr4_GL383528v1_alt	376187	207	0
chr4_KI270787v1_alt	111943	90	0
chr4_GL000257v2_alt	586476	13403	1
chr4_KI270788v1_alt	158965	103	0
chr4_GL383527v1_alt	164536	2100	0
chr4_KI270785v1_alt	119912	98	0
chr4_KI270789v1_alt	205944	398	0
chr4_KI270786v1_alt	244096	103	0
chr5_KI270793v1_alt	126136	544	0
chr5_KI270792v1_alt	179043	2582	0
chr5_KI270791v1_alt	195710	3814	0
chr5_GL383532v1_alt	82728	28	0
chr5_GL949742v1_alt	226852	126	0
chr5_KI270794v1_alt	164558	1076	0
chr5_GL339449v2_alt	1612928	46150	0
chr5_GL383530v1_alt	101241	50	0
chr5_KI270796v1_alt	172708	120	0
chr5_GL383531v1_alt	173459	124	0
chr5_KI270795v1_alt	131892	2864	0
chr6_GL000250v2_alt	4672374	18690	0
chr6_KI270800v1_alt	175808	871	0
chr6_KI270799v1_alt	152148	88	0
chr6_GL383533v1_alt	124736	288	0
chr6_KI270801v1_alt	870480	4625	0
chr6_KI270802v1_alt	75005	130	0
chr6_KB021644v2_alt	185823	250	0
chr6_KI270797v1_alt	197536	2057	0
chr6_KI270798v1_alt	271782	2138	0
chr7_KI270804v1_alt	157952	261	0
chr7_KI270809v1_alt	209586	4977	0
chr7_KI270806v1_alt	158166	3111	0
chr7_GL383534v2_alt	119183	2129	0
chr7_KI270803v1_alt	1111570	16671	0
chr7_KI270808v1_alt	271455	893	0
chr7_KI270807v1_alt	126434	227	0
chr7_KI270805v1_alt	209988	440	0
chr8_KI270818v1_alt	145606	244	0
chr8_KI270812v1_alt	282736	455	0
chr8_KI270811v1_alt	292436	498	0
chr8_KI270821v1_alt	985506	7503	0
chr8_KI270813v1_alt	300230	33532	0
chr8_KI270822v1_alt	624492	6323	0
chr8_KI270814v1_alt	141812	288	0
chr8_KI270810v1_alt	374415	225	0
chr8_KI270819v1_alt	133535	1491	0
chr8_KI270820v1_alt	36640	177	0
chr8_KI270817v1_alt	158983	906	0
chr8_KI270816v1_alt	305841	9100	0
chr8_KI270815v1_alt	132244	1108	0
chr9_GL383539v1_alt	162988	741	0
chr9_GL383540v1_alt	71551	1075	0
chr9_GL383541v1_alt	171286	1072	0
chr9_GL383542v1_alt	60032	450	0
chr9_KI270823v1_alt	439082	1409	0
chr10_GL383545v1_alt	179254	1364	0
chr10_KI270824v1_alt	181496	892	0
chr10_GL383546v1_alt	309802	2817	0
chr10_KI270825v1_alt	188315	3282	2
chr11_KI270832v1_alt	210133	6938	0
chr11_KI270830v1_alt	177092	1552	0
chr11_KI270831v1_alt	296895	4258	0
chr11_KI270829v1_alt	204059	2210	0
chr11_GL383547v1_alt	154407	89	0
chr11_JH159136v1_alt	200998	5196	0
chr11_JH159137v1_alt	191409	1261	0
chr11_KI270827v1_alt	67707	122	0
chr11_KI270826v1_alt	186169	222	0
chr12_GL877875v1_alt	167313	2700	0
chr12_GL877876v1_alt	408271	6272	0
chr12_KI270837v1_alt	40090	1412	0
chr12_GL383549v1_alt	120804	90	0
chr12_KI270835v1_alt	238139	869	0
chr12_GL383550v2_alt	169178	747	0
chr12_GL383552v1_alt	138655	556	0
chr12_GL383553v2_alt	152874	1320	0
chr12_KI270834v1_alt	119498	5304	0
chr12_GL383551v1_alt	184319	168	0
chr12_KI270833v1_alt	76061	1568	0
chr12_KI270836v1_alt	56134	76	0
chr13_KI270840v1_alt	191684	819	0
chr13_KI270839v1_alt	180306	540	0
chr13_KI270843v1_alt	103832	47	0
chr13_KI270841v1_alt	169134	104	0
chr13_KI270838v1_alt	306913	1635	1
chr13_KI270842v1_alt	37287	88	0
chr14_KI270844v1_alt	322166	3547	0
chr14_KI270847v1_alt	1511111	19391	0
chr14_KI270845v1_alt	180703	740	0
chr14_KI270846v1_alt	1351393	24381	1
chr15_KI270852v1_alt	478999	10166	0
chr15_KI270851v1_alt	263054	9260	0
chr15_KI270848v1_alt	327382	4969	0
chr15_GL383554v1_alt	296527	4085	0
chr15_KI270849v1_alt	244917	3496	0
chr15_GL383555v2_alt	388773	2150	0
chr15_KI270850v1_alt	430880	4895	0
chr16_KI270854v1_alt	134193	2105	0
chr16_KI270856v1_alt	63982	243	0
chr16_KI270855v1_alt	232857	5240	0
chr16_KI270853v1_alt	2659700	93281	0
chr16_GL383556v1_alt	192462	5390	1
chr16_GL383557v1_alt	89672	1471	0
chr17_GL383563v3_alt	375691	1545	0
chr17_KI270862v1_alt	391357	3484	0
chr17_KI270861v1_alt	196688	9460	0
chr17_KI270857v1_alt	2877074	52793	0
chr17_JH159146v1_alt	278131	9393	0
chr17_JH159147v1_alt	70345	4742	0
chr17_GL383564v2_alt	133151	4184	0
chr17_GL000258v2_alt	1821992	35756	0
chr17_GL383565v1_alt	223995	156	0
chr17_KI270858v1_alt	235827	164	0
chr17_KI270859v1_alt	108763	148	0
chr17_GL383566v1_alt	90219	156	0
chr17_KI270860v1_alt	178921	2290	0
chr18_KI270864v1_alt	111737	60	0
chr18_GL383567v1_alt	289831	972	0
chr18_GL383570v1_alt	164789	132	0
chr18_GL383571v1_alt	198278	1393	0
chr18_GL383568v1_alt	104552	82	0
chr18_GL383569v1_alt	167950	170	0
chr18_GL383572v1_alt	159547	447	0
chr18_KI270863v1_alt	167999	1033	0
chr19_KI270868v1_alt	61734	1144	0
chr19_KI270865v1_alt	52969	1126	0
chr19_GL383573v1_alt	385657	1732	0
chr19_GL383575v2_alt	170222	1097	0
chr19_GL383576v1_alt	188024	1053	0
chr19_GL383574v1_alt	155864	1319	0
chr19_KI270866v1_alt	43156	1183	0
chr19_KI270867v1_alt	233762	2100	0
chr19_GL949746v1_alt	987716	11523	0
chr20_GL383577v2_alt	128386	185	0
chr20_KI270869v1_alt	118774	1748	0
chr20_KI270871v1_alt	58661	988	0
chr20_KI270870v1_alt	183433	3282	0
chr21_GL383578v2_alt	63917	70	0
chr21_KI270874v1_alt	166743	130	0
chr21_KI270873v1_alt	143900	338	0
chr21_GL383579v2_alt	201197	120	0
chr21_GL383580v2_alt	74653	970	0
chr21_GL383581v2_alt	116689	2758	0
chr21_KI270872v1_alt	82692	1476	0
chr22_KI270875v1_alt	259914	4436	0
chr22_KI270878v1_alt	186262	1397	0
chr22_KI270879v1_alt	304135	12444	0
chr22_KI270876v1_alt	263666	1917	0
chr22_KI270877v1_alt	101331	1191	0
chr22_GL383583v2_alt	96924	1063	0
chr22_GL383582v2_alt	162811	3934	0
chrX_KI270880v1_alt	284869	457	0
chrX_KI270881v1_alt	144206	626	0
chr19_KI270882v1_alt	248807	444	0
chr19_KI270883v1_alt	170399	358	0
chr19_KI270884v1_alt	157053	445	0
chr19_KI270885v1_alt	171027	326	0
chr19_KI270886v1_alt	204239	341	0
chr19_KI270887v1_alt	209512	404	0
chr19_KI270888v1_alt	155532	306	0
chr19_KI270889v1_alt	170698	283	0
chr19_KI270890v1_alt	184499	484	0
chr19_KI270891v1_alt	170680	308	0
chr1_KI270892v1_alt	162212	9391	0
chr2_KI270894v1_alt	214158	2470	0
chr2_KI270893v1_alt	161218	432	0
chr3_KI270895v1_alt	162896	5593	0
chr4_KI270896v1_alt	378547	4250	0
chr5_KI270897v1_alt	1144418	22327	0
chr5_KI270898v1_alt	130957	3035	0
chr6_GL000251v2_alt	4795265	56918	0
chr7_KI270899v1_alt	190869	2621	0
chr8_KI270901v1_alt	136959	277	0
chr8_KI270900v1_alt	318687	754	0
chr11_KI270902v1_alt	106711	13851	0
chr11_KI270903v1_alt	214625	2193	0
chr12_KI270904v1_alt	572349	7570	0
chr15_KI270906v1_alt	196384	1457	0
chr15_KI270905v1_alt	5161414	64191	0
chr17_KI270907v1_alt	137721	315	0
chr17_KI270910v1_alt	157099	1952	0
chr17_KI270909v1_alt	325800	4454	0
chr17_JH159148v1_alt	88070	1602	0
chr17_KI270908v1_alt	1423190	25204	0
chr18_KI270912v1_alt	174061	219	0
chr18_KI270911v1_alt	157710	410	0
chr19_GL949747v2_alt	729520	4690	0
chr22_KB663609v1_alt	74013	1785	0
chrX_KI270913v1_alt	274009	828	0
chr19_KI270914v1_alt	205194	464	0
chr19_KI270915v1_alt	170665	283	0
chr19_KI270916v1_alt	184516	305	0
chr19_KI270917v1_alt	190932	368	0
chr19_KI270918v1_alt	123111	133	0
chr19_KI270919v1_alt	170701	392	0
chr19_KI270920v1_alt	198005	541	0
chr19_KI270921v1_alt	282224	568	0
chr19_KI270922v1_alt	187935	370	0
chr19_KI270923v1_alt	189352	457	0
chr3_KI270924v1_alt	166540	8675	0
chr4_KI270925v1_alt	555799	910	0
chr6_GL000252v2_alt	4604811	44837	0
chr8_KI270926v1_alt	229282	1251	0
chr11_KI270927v1_alt	218612	11872	0
chr19_GL949748v2_alt	1064304	2516	0
chr22_KI270928v1_alt	176103	3927	0
chr19_KI270929v1_alt	186203	470	0
chr19_KI270930v1_alt	200773	654	0
chr19_KI270931v1_alt	170148	289	0
chr19_KI270932v1_alt	215732	589	0
chr19_KI270933v1_alt	170537	947	0
chr19_GL000209v2_alt	177381	424	0
chr3_KI270934v1_alt	163458	5566	0
chr6_GL000253v2_alt	4677643	26688	0
chr19_GL949749v2_alt	1091841	2554	0
chr3_KI270935v1_alt	197351	5353	0
chr6_GL000254v2_alt	4827813	38048	0
chr19_GL949750v2_alt	1066390	2532	0
chr3_KI270936v1_alt	164170	5584	0
chr6_GL000255v2_alt	4606388	41950	0
chr19_GL949751v2_alt	1002683	2578	0
chr3_KI270937v1_alt	165607	4702	0
chr6_GL000256v2_alt	4929269	38690	0
chr19_GL949752v1_alt	987100	12992	0
chr6_KI270758v1_alt	76752	579	0
chr19_GL949753v2_alt	796479	7316	0
chr19_KI270938v1_alt	1066800	12531	0
chrM	16569	24734	0
chrUn_KI270302v1	2274	0	0
chrUn_KI270304v1	2165	0	0
chrUn_KI270303v1	1942	0	0
chrUn_KI270305v1	1472	0	0
chrUn_KI270322v1	21476	6	0
chrUn_KI270320v1	4416	10	0
chrUn_KI270310v1	1201	6	0
chrUn_KI270316v1	1444	1	0
chrUn_KI270315v1	2276	2	0
chrUn_KI270312v1	998	0	0
chrUn_KI270311v1	12399	4	0
chrUn_KI270317v1	37690	0	0
chrUn_KI270412v1	1179	0	0
chrUn_KI270411v1	2646	4	0
chrUn_KI270414v1	2489	2	0
chrUn_KI270419v1	1029	0	0
chrUn_KI270418v1	2145	2	0
chrUn_KI270420v1	2321	10	0
chrUn_KI270424v1	2140	2	0
chrUn_KI270417v1	2043	0	0
chrUn_KI270422v1	1445	0	0
chrUn_KI270423v1	981	0	0
chrUn_KI270425v1	1884	0	0
chrUn_KI270429v1	1361	2	0
chrUn_KI270442v1	392061	4354	1
chrUn_KI270466v1	1233	172	0
chrUn_KI270465v1	1774	2	0
chrUn_KI270467v1	3920	484	1
chrUn_KI270435v1	92983	196	1
chrUn_KI270438v1	112505	5812	0
chrUn_KI270468v1	4055	8	0
chrUn_KI270510v1	2415	16	0
chrUn_KI270509v1	2318	6	0
chrUn_KI270518v1	2186	4	0
chrUn_KI270508v1	1951	4	0
chrUn_KI270516v1	1300	4	0
chrUn_KI270512v1	22689	52	0
chrUn_KI270519v1	138126	202	0
chrUn_KI270522v1	5674	6	0
chrUn_KI270511v1	8127	6	0
chrUn_KI270515v1	6361	7	0
chrUn_KI270507v1	5353	12	0
chrUn_KI270517v1	3253	7	0
chrUn_KI270529v1	1899	6	0
chrUn_KI270528v1	2983	4	0
chrUn_KI270530v1	2168	0	0
chrUn_KI270539v1	993	0	0
chrUn_KI270538v1	91309	133	0
chrUn_KI270544v1	1202	6	0
chrUn_KI270548v1	1599	1	0
chrUn_KI270583v1	1400	4	0
chrUn_KI270587v1	2969	10	0
chrUn_KI270580v1	1553	2	0
chrUn_KI270581v1	7046	8	0
chrUn_KI270579v1	31033	12	0
chrUn_KI270589v1	44474	119	1
chrUn_KI270590v1	4685	21	0
chrUn_KI270584v1	4513	4	0
chrUn_KI270582v1	6504	18	0
chrUn_KI270588v1	6158	12	0
chrUn_KI270593v1	3041	2	0
chrUn_KI270591v1	5796	38	0
chrUn_KI270330v1	1652	52	0
chrUn_KI270329v1	1040	0	0
chrUn_KI270334v1	1368	0	0
chrUn_KI270333v1	2699	68	0
chrUn_KI270335v1	1048	0	0
chrUn_KI270338v1	1428	0	0
chrUn_KI270340v1	1428	0	0
chrUn_KI270336v1	1026	27	0
chrUn_KI270337v1	1121	107	0
chrUn_KI270363v1	1803	2	0
chrUn_KI270364v1	2855	4	0
chrUn_KI270362v1	3530	4	0
chrUn_KI270366v1	8320	8	0
chrUn_KI270378v1	1048	2	0
chrUn_KI270379v1	1045	0	0
chrUn_KI270389v1	1298	0	0
chrUn_KI270390v1	2387	0	0
chrUn_KI270387v1	1537	2	0
chrUn_KI270395v1	1143	2	0
chrUn_KI270396v1	1880	0	0
chrUn_KI270388v1	1216	0	0
chrUn_KI270394v1	970	0	0
chrUn_KI270386v1	1788	2	0
chrUn_KI270391v1	1484	4	0
chrUn_KI270383v1	1750	0	0
chrUn_KI270393v1	1308	0	0
chrUn_KI270384v1	1658	2	0
chrUn_KI270392v1	971	0	0
chrUn_KI270381v1	1930	2	0
chrUn_KI270385v1	990	0	0
chrUn_KI270382v1	4215	9	0
chrUn_KI270376v1	1136	2	0
chrUn_KI270374v1	2656	0	0
chrUn_KI270372v1	1650	0	0
chrUn_KI270373v1	1451	0	0
chrUn_KI270375v1	2378	2	0
chrUn_KI270371v1	2805	2	0
chrUn_KI270448v1	7992	6	0
chrUn_KI270521v1	7642	10	0
chrUn_GL000195v1	182896	599	0
chrUn_GL000219v1	179198	1663	0
chrUn_GL000220v1	161802	2140	0
chrUn_GL000224v1	179693	1691	0
chrUn_KI270741v1	157432	100	0
chrUn_GL000226v1	15008	66	0
chrUn_GL000213v1	164239	4778	0
chrUn_KI270743v1	210658	1004	0
chrUn_KI270744v1	168472	2368	0
chrUn_KI270745v1	41891	46	0
chrUn_KI270746v1	66486	8877	0
chrUn_KI270747v1	198735	385	0
chrUn_KI270748v1	93321	103	0
chrUn_KI270749v1	158759	1244	0
chrUn_KI270750v1	148850	3139	0
chrUn_KI270751v1	150742	718	0
chrUn_KI270752v1	27745	0	0
chrUn_KI270753v1	62944	174	0
chrUn_KI270754v1	40191	1052	0
chrUn_KI270755v1	36723	10	0
chrUn_KI270756v1	79590	225	0
chrUn_KI270757v1	71251	194	1
chrUn_GL000214v1	137718	856	0
chrUn_KI270742v1	186739	1138	0
chrUn_GL000216v2	176608	2886	2
chrUn_GL000218v1	161147	2091	0
chrX	156040895	1756995	4
chrY	57227415	38362	11
chrY_KI270740v1_random	37240	0	0
*	0	0	84356
