chr1	248956422	6101619	7
chr10	133797422	2336580	4
chr11	135086622	2741914	9
chr11_KI270721v1_random	100316	604	0
chr12	133275309	2559149	10
chr13	114364328	1016862	3
chr14	107043718	1606036	4
chr14_GL000009v2_random	201709	940	0
chr14_GL000225v1_random	211173	1354	0
chr14_KI270722v1_random	194050	530	0
chr14_GL000194v1_random	191469	1668	0
chr14_KI270723v1_random	38115	206	0
chr14_KI270724v1_random	39555	474	0
chr14_KI270725v1_random	172810	1561	0
chr14_KI270726v1_random	43739	1855	0
chr15	101991189	1859448	3
chr15_KI270727v1_random	448248	13967	0
chr16	90338345	2070812	3
chr16_KI270728v1_random	1872759	29575	0
chr17	83257441	2801949	7
chr17_GL000205v2_random	185591	1606	0
chr17_KI270729v1_random	280839	1451	0
chr17_KI270730v1_random	112551	217	1
chr18	80373285	802381	1
chr19	58617616	2292308	97
chr1_KI270706v1_random	175055	801	0
chr1_KI270707v1_random	32032	22	0
chr1_KI270708v1_random	127682	946	0
chr1_KI270709v1_random	66860	635	0
chr1_KI270710v1_random	40176	22	0
chr1_KI270711v1_random	42210	16526	0
chr1_KI270712v1_random	176043	2010	0
chr1_KI270713v1_random	40745	5355	0
chr1_KI270714v1_random	41717	2542	0
chr2	242193529	4826172	12
chr20	64444167	1123802	2
chr21	46709983	550159	4
chr22	50818468	1122288	2
chr22_KI270731v1_random	150754	5982	0
chr22_KI270732v1_random	41543	36	0
chr22_KI270733v1_random	179772	2143	0
chr22_KI270734v1_random	165050	7938	0
chr22_KI270735v1_random	42811	154	0
chr22_KI270736v1_random	181920	447	1
chr22_KI270737v1_random	103838	125	0
chr22_KI270738v1_random	99375	155	0
chr22_KI270739v1_random	73985	10	0
chr2_KI270715v1_random	161471	26	0
chr2_KI270716v1_random	153799	75	0
chr3	198295559	3173560	9
chr3_GL000221v1_random	155397	597	0
chr4	190214555	2281729	3
chr4_GL000008v2_random	209709	760	0
chr5	181538259	2641635	15
chr5_GL000208v1_random	92689	48	0
chr6	170805979	2244539	3
chr7	159345973	2783105	7
chr8	145138636	1600626	3
chr9	138394717	2254962	6
chr9_KI270717v1_random	40062	385	0
chr9_KI270718v1_random	38054	1713	0
chr9_KI270719v1_random	176845	1796	0
chr9_KI270720v1_random	39050	2418	0
chr1_KI270762v1_alt	354444	7145	0
chr1_KI270766v1_alt	256271	25794	0
chr1_KI270760v1_alt	109528	98	0
chr1_KI270765v1_alt	185285	1811	0
chr1_GL383518v1_alt	182439	6332	0
chr1_GL383519v1_alt	110268	11830	0
chr1_GL383520v2_alt	366580	2691	0
chr1_KI270764v1_alt	50258	24	0
chr1_KI270763v1_alt	911658	14123	0
chr1_KI270759v1_alt	425601	2814	0
chr1_KI270761v1_alt	165834	10659	0
chr2_KI270770v1_alt	136240	94	0
chr2_KI270773v1_alt	70887	560	0
chr2_KI270774v1_alt	223625	1514	0
chr2_KI270769v1_alt	120616	2527	0
chr2_GL383521v1_alt	143390	120	0
chr2_KI270772v1_alt	133041	510	0
chr2_KI270775v1_alt	138019	54	0
chr2_KI270771v1_alt	110395	42	0
chr2_KI270768v1_alt	110099	1430	0
chr2_GL582966v2_alt	96131	2669	0
chr2_GL383522v1_alt	123821	4069	0
chr2_KI270776v1_alt	174166	2424	0
chr2_KI270767v1_alt	161578	419	0
chr3_JH636055v2_alt	173151	2794	0
chr3_KI270783v1_alt	109187	27	0
chr3_KI270780v1_alt	224108	477	0
chr3_GL383526v1_alt	180671	953	0
chr3_KI270777v1_alt	173649	2393	0
chr3_KI270778v1_alt	248252	60	0
chr3_KI270781v1_alt	113034	77	0
chr3_KI270779v1_alt	205312	5146	0
chr3_KI270782v1_alt	162429	846	0
chr3_KI270784v1_alt	184404	3882	0
chr4_KI270790v1_alt	220246	60	0
chr4_GL383528v1_alt	376187	101	0
chr4_KI270787v1_alt	111943	30	0
chr4_GL000257v2_alt	586476	15211	0
chr4_KI270788v1_alt	158965	39	0
chr4_GL383527v1_alt	164536	2558	0
chr4_KI270785v1_alt	119912	44	0
chr4_KI270789v1_alt	205944	391	0
chr4_KI270786v1_alt	244096	52	0
chr5_KI270793v1_alt	126136	538	0
chr5_KI270792v1_alt	179043	2528	0
chr5_KI270791v1_alt	195710	4136	0
chr5_GL383532v1_alt	82728	12	0
chr5_GL949742v1_alt	226852	61	0
chr5_KI270794v1_alt	164558	1214	0
chr5_GL339449v2_alt	1612928	57271	0
chr5_GL383530v1_alt	101241	26	0
chr5_KI270796v1_alt	172708	49	0
chr5_GL383531v1_alt	173459	62	0
chr5_KI270795v1_alt	131892	3483	0
chr6_GL000250v2_alt	4672374	19258	0
chr6_KI270800v1_alt	175808	1162	0
chr6_KI270799v1_alt	152148	44	0
chr6_GL383533v1_alt	124736	464	0
chr6_KI270801v1_alt	870480	5476	0
chr6_KI270802v1_alt	75005	72	0
chr6_KB021644v2_alt	185823	98	0
chr6_KI270797v1_alt	197536	2429	0
chr6_KI270798v1_alt	271782	2323	0
chr7_KI270804v1_alt	157952	257	0
chr7_KI270809v1_alt	209586	6719	0
chr7_KI270806v1_alt	158166	3656	0
chr7_GL383534v2_alt	119183	2674	0
chr7_KI270803v1_alt	1111570	18696	0
chr7_KI270808v1_alt	271455	807	0
chr7_KI270807v1_alt	126434	88	0
chr7_KI270805v1_alt	209988	213	0
chr8_KI270818v1_alt	145606	167	0
chr8_KI270812v1_alt	282736	236	0
chr8_KI270811v1_alt	292436	293	0
chr8_KI270821v1_alt	985506	8263	0
chr8_KI270813v1_alt	300230	21898	0
chr8_KI270822v1_alt	624492	7598	0
chr8_KI270814v1_alt	141812	149	0
chr8_KI270810v1_alt	374415	132	0
chr8_KI270819v1_alt	133535	1822	0
chr8_KI270820v1_alt	36640	138	0
chr8_KI270817v1_alt	158983	979	0
chr8_KI270816v1_alt	305841	10723	0
chr8_KI270815v1_alt	132244	1156	0
chr9_GL383539v1_alt	162988	811	0
chr9_GL383540v1_alt	71551	1160	0
chr9_GL383541v1_alt	171286	1011	0
chr9_GL383542v1_alt	60032	374	0
chr9_KI270823v1_alt	439082	1576	0
chr10_GL383545v1_alt	179254	1358	0
chr10_KI270824v1_alt	181496	751	0
chr10_GL383546v1_alt	309802	3148	0
chr10_KI270825v1_alt	188315	3415	0
chr11_KI270832v1_alt	210133	7219	0
chr11_KI270830v1_alt	177092	1270	0
chr11_KI270831v1_alt	296895	5060	0
chr11_KI270829v1_alt	204059	2397	0
chr11_GL383547v1_alt	154407	51	0
chr11_JH159136v1_alt	200998	5852	0
chr11_JH159137v1_alt	191409	1757	0
chr11_KI270827v1_alt	67707	59	0
chr11_KI270826v1_alt	186169	107	0
chr12_GL877875v1_alt	167313	3012	0
chr12_GL877876v1_alt	408271	6924	0
chr12_KI270837v1_alt	40090	1597	0
chr12_GL383549v1_alt	120804	52	0
chr12_KI270835v1_alt	238139	814	0
chr12_GL383550v2_alt	169178	810	0
chr12_GL383552v1_alt	138655	557	0
chr12_GL383553v2_alt	152874	1545	0
chr12_KI270834v1_alt	119498	6064	0
chr12_GL383551v1_alt	184319	76	0
chr12_KI270833v1_alt	76061	1970	0
chr12_KI270836v1_alt	56134	24	0
chr13_KI270840v1_alt	191684	1114	0
chr13_KI270839v1_alt	180306	550	0
chr13_KI270843v1_alt	103832	20	0
chr13_KI270841v1_alt	169134	54	0
chr13_KI270838v1_alt	306913	1708	0
chr13_KI270842v1_alt	37287	40	0
chr14_KI270844v1_alt	322166	3898	0
chr14_KI270847v1_alt	1511111	22525	0
chr14_KI270845v1_alt	180703	693	0
chr14_KI270846v1_alt	1351393	34989	3
chr15_KI270852v1_alt	478999	14812	0
chr15_KI270851v1_alt	263054	14567	1
chr15_KI270848v1_alt	327382	5913	0
chr15_GL383554v1_alt	296527	3454	0
chr15_KI270849v1_alt	244917	4803	0
chr15_GL383555v2_alt	388773	2254	0
chr15_KI270850v1_alt	430880	4575	0
chr16_KI270854v1_alt	134193	2081	0
chr16_KI270856v1_alt	63982	165	0
chr16_KI270855v1_alt	232857	5723	0
chr16_KI270853v1_alt	2659700	107729	0
chr16_GL383556v1_alt	192462	5825	0
chr16_GL383557v1_alt	89672	1490	0
chr17_GL383563v3_alt	375691	1387	0
chr17_KI270862v1_alt	391357	3756	0
chr17_KI270861v1_alt	196688	9974	0
chr17_KI270857v1_alt	2877074	59699	0
chr17_JH159146v1_alt	278131	10791	0
chr17_JH159147v1_alt	70345	3669	0
chr17_GL383564v2_alt	133151	4944	0
chr17_GL000258v2_alt	1821992	20956	0
chr17_GL383565v1_alt	223995	62	0
chr17_KI270858v1_alt	235827	94	0
chr17_KI270859v1_alt	108763	110	0
chr17_GL383566v1_alt	90219	72	0
chr17_KI270860v1_alt	178921	2385	0
chr18_KI270864v1_alt	111737	20	0
chr18_GL383567v1_alt	289831	754	0
chr18_GL383570v1_alt	164789	58	0
chr18_GL383571v1_alt	198278	1627	0
chr18_GL383568v1_alt	104552	30	0
chr18_GL383569v1_alt	167950	81	0
chr18_GL383572v1_alt	159547	494	0
chr18_KI270863v1_alt	167999	1035	0
chr19_KI270868v1_alt	61734	1181	0
chr19_KI270865v1_alt	52969	1436	0
chr19_GL383573v1_alt	385657	1499	0
chr19_GL383575v2_alt	170222	1055	0
chr19_GL383576v1_alt	188024	1204	0
chr19_GL383574v1_alt	155864	1599	0
chr19_KI270866v1_alt	43156	1321	0
chr19_KI270867v1_alt	233762	2361	0
chr19_GL949746v1_alt	987716	11651	0
chr20_GL383577v2_alt	128386	61	0
chr20_KI270869v1_alt	118774	2069	0
chr20_KI270871v1_alt	58661	1000	0
chr20_KI270870v1_alt	183433	3589	0
chr21_GL383578v2_alt	63917	22	0
chr21_KI270874v1_alt	166743	49	0
chr21_KI270873v1_alt	143900	265	0
chr21_GL383579v2_alt	201197	72	0
chr21_GL383580v2_alt	74653	1053	0
chr21_GL383581v2_alt	116689	3234	0
chr21_KI270872v1_alt	82692	1661	0
chr22_KI270875v1_alt	259914	4640	0
chr22_KI270878v1_alt	186262	1280	0
chr22_KI270879v1_alt	304135	19636	0
chr22_KI270876v1_alt	263666	2137	0
chr22_KI270877v1_alt	101331	1055	0
chr22_GL383583v2_alt	96924	813	0
chr22_GL383582v2_alt	162811	4152	0
chrX_KI270880v1_alt	284869	874	0
chrX_KI270881v1_alt	144206	690	0
chr19_KI270882v1_alt	248807	334	0
chr19_KI270883v1_alt	170399	546	0
chr19_KI270884v1_alt	157053	336	0
chr19_KI270885v1_alt	171027	719	0
chr19_KI270886v1_alt	204239	316	0
chr19_KI270887v1_alt	209512	523	0
chr19_KI270888v1_alt	155532	493	0
chr19_KI270889v1_alt	170698	630	0
chr19_KI270890v1_alt	184499	260	0
chr19_KI270891v1_alt	170680	625	0
chr1_KI270892v1_alt	162212	10384	0
chr2_KI270894v1_alt	214158	2699	0
chr2_KI270893v1_alt	161218	422	0
chr3_KI270895v1_alt	162896	3485	0
chr4_KI270896v1_alt	378547	4509	0
chr5_KI270897v1_alt	1144418	28576	0
chr5_KI270898v1_alt	130957	3775	0
chr6_GL000251v2_alt	4795265	51244	0
chr7_KI270899v1_alt	190869	3592	0
chr8_KI270901v1_alt	136959	126	0
chr8_KI270900v1_alt	318687	1114	0
chr11_KI270902v1_alt	106711	12364	0
chr11_KI270903v1_alt	214625	1973	0
chr12_KI270904v1_alt	572349	7384	0
chr15_KI270906v1_alt	196384	1561	0
chr15_KI270905v1_alt	5161414	59928	0
chr17_KI270907v1_alt	137721	214	0
chr17_KI270910v1_alt	157099	2086	0
chr17_KI270909v1_alt	325800	9968	0
chr17_JH159148v1_alt	88070	3091	0
chr17_KI270908v1_alt	1423190	28132	0
chr18_KI270912v1_alt	174061	102	0
chr18_KI270911v1_alt	157710	396	0
chr19_GL949747v2_alt	729520	4661	0
chr22_KB663609v1_alt	74013	4669	0
chrX_KI270913v1_alt	274009	1574	0
chr19_KI270914v1_alt	205194	302	0
chr19_KI270915v1_alt	170665	718	0
chr19_KI270916v1_alt	184516	334	0
chr19_KI270917v1_alt	190932	867	0
chr19_KI270918v1_alt	123111	459	0
chr19_KI270919v1_alt	170701	575	0
chr19_KI270920v1_alt	198005	671	0
chr19_KI270921v1_alt	282224	449	0
chr19_KI270922v1_alt	187935	848	0
chr19_KI270923v1_alt	189352	490	0
chr3_KI270924v1_alt	166540	3175	0
chr4_KI270925v1_alt	555799	734	0
chr6_GL000252v2_alt	4604811	46820	0
chr8_KI270926v1_alt	229282	1265	0
chr11_KI270927v1_alt	218612	10949	0
chr19_GL949748v2_alt	1064304	2668	0
chr22_KI270928v1_alt	176103	5037	0
chr19_KI270929v1_alt	186203	734	0
chr19_KI270930v1_alt	200773	358	0
chr19_KI270931v1_alt	170148	727	0
chr19_KI270932v1_alt	215732	314	0
chr19_KI270933v1_alt	170537	364	0
chr19_GL000209v2_alt	177381	279	0
chr3_KI270934v1_alt	163458	3468	0
chr6_GL000253v2_alt	4677643	32017	0
chr19_GL949749v2_alt	1091841	2546	0
chr3_KI270935v1_alt	197351	9672	0
chr6_GL000254v2_alt	4827813	44445	0
chr19_GL949750v2_alt	1066390	2611	0
chr3_KI270936v1_alt	164170	4499	0
chr6_GL000255v2_alt	4606388	47509	1
chr19_GL949751v2_alt	1002683	2755	0
chr3_KI270937v1_alt	165607	3350	0
chr6_GL000256v2_alt	4929269	41503	0
chr19_GL949752v1_alt	987100	14004	0
chr6_KI270758v1_alt	76752	255	0
chr19_GL949753v2_alt	796479	6974	0
chr19_KI270938v1_alt	1066800	15007	0
chrM	16569	6212	0
chrUn_KI270302v1	2274	0	0
chrUn_KI270304v1	2165	2	0
chrUn_KI270303v1	1942	4	0
chrUn_KI270305v1	1472	0	0
chrUn_KI270322v1	21476	4	0
chrUn_KI270320v1	4416	0	0
chrUn_KI270310v1	1201	2	0
chrUn_KI270316v1	1444	0	0
chrUn_KI270315v1	2276	0	0
chrUn_KI270312v1	998	0	0
chrUn_KI270311v1	12399	2	0
chrUn_KI270317v1	37690	0	0
chrUn_KI270412v1	1179	0	0
chrUn_KI270411v1	2646	6	0
chrUn_KI270414v1	2489	2	0
chrUn_KI270419v1	1029	0	0
chrUn_KI270418v1	2145	0	0
chrUn_KI270420v1	2321	0	0
chrUn_KI270424v1	2140	0	0
chrUn_KI270417v1	2043	2	0
chrUn_KI270422v1	1445	2	0
chrUn_KI270423v1	981	0	0
chrUn_KI270425v1	1884	0	0
chrUn_KI270429v1	1361	0	0
chrUn_KI270442v1	392061	3339	0
chrUn_KI270466v1	1233	32	0
chrUn_KI270465v1	1774	4	0
chrUn_KI270467v1	3920	139	0
chrUn_KI270435v1	92983	67	0
chrUn_KI270438v1	112505	3448	0
chrUn_KI270468v1	4055	4	0
chrUn_KI270510v1	2415	2	0
chrUn_KI270509v1	2318	0	0
chrUn_KI270518v1	2186	0	0
chrUn_KI270508v1	1951	4	0
chrUn_KI270516v1	1300	2	0
chrUn_KI270512v1	22689	25	0
chrUn_KI270519v1	138126	112	0
chrUn_KI270522v1	5674	4	0
chrUn_KI270511v1	8127	2	0
chrUn_KI270515v1	6361	5	0
chrUn_KI270507v1	5353	4	0
chrUn_KI270517v1	3253	6	0
chrUn_KI270529v1	1899	2	0
chrUn_KI270528v1	2983	0	0
chrUn_KI270530v1	2168	0	0
chrUn_KI270539v1	993	0	0
chrUn_KI270538v1	91309	63	0
chrUn_KI270544v1	1202	0	0
chrUn_KI270548v1	1599	0	0
chrUn_KI270583v1	1400	0	0
chrUn_KI270587v1	2969	0	0
chrUn_KI270580v1	1553	0	0
chrUn_KI270581v1	7046	8	0
chrUn_KI270579v1	31033	8	0
chrUn_KI270589v1	44474	71	0
chrUn_KI270590v1	4685	14	0
chrUn_KI270584v1	4513	6	0
chrUn_KI270582v1	6504	0	0
chrUn_KI270588v1	6158	2	0
chrUn_KI270593v1	3041	6	0
chrUn_KI270591v1	5796	8	0
chrUn_KI270330v1	1652	26	0
chrUn_KI270329v1	1040	2	0
chrUn_KI270334v1	1368	2	0
chrUn_KI270333v1	2699	23	0
chrUn_KI270335v1	1048	0	0
chrUn_KI270338v1	1428	2	0
chrUn_KI270340v1	1428	2	0
chrUn_KI270336v1	1026	17	0
chrUn_KI270337v1	1121	35	0
chrUn_KI270363v1	1803	2	0
chrUn_KI270364v1	2855	2	0
chrUn_KI270362v1	3530	3	0
chrUn_KI270366v1	8320	4	0
chrUn_KI270378v1	1048	0	0
chrUn_KI270379v1	1045	0	0
chrUn_KI270389v1	1298	0	0
chrUn_KI270390v1	2387	0	0
chrUn_KI270387v1	1537	0	0
chrUn_KI270395v1	1143	0	0
chrUn_KI270396v1	1880	2	0
chrUn_KI270388v1	1216	0	0
chrUn_KI270394v1	970	0	0
chrUn_KI270386v1	1788	0	0
chrUn_KI270391v1	1484	0	0
chrUn_KI270383v1	1750	0	0
chrUn_KI270393v1	1308	0	0
chrUn_KI270384v1	1658	0	0
chrUn_KI270392v1	971	0	0
chrUn_KI270381v1	1930	0	0
chrUn_KI270385v1	990	0	0
chrUn_KI270382v1	4215	0	0
chrUn_KI270376v1	1136	0	0
chrUn_KI270374v1	2656	0	0
chrUn_KI270372v1	1650	0	0
chrUn_KI270373v1	1451	0	0
chrUn_KI270375v1	2378	4	0
chrUn_KI270371v1	2805	2	0
chrUn_KI270448v1	7992	8	0
chrUn_KI270521v1	7642	2	0
chrUn_GL000195v1	182896	346	0
chrUn_GL000219v1	179198	3102	0
chrUn_GL000220v1	161802	1491	0
chrUn_GL000224v1	179693	1408	0
chrUn_KI270741v1	157432	178	0
chrUn_GL000226v1	15008	20	0
chrUn_GL000213v1	164239	8639	0
chrUn_KI270743v1	210658	333	0
chrUn_KI270744v1	168472	2525	0
chrUn_KI270745v1	41891	35	0
chrUn_KI270746v1	66486	14394	0
chrUn_KI270747v1	198735	278	0
chrUn_KI270748v1	93321	70	0
chrUn_KI270749v1	158759	1238	0
chrUn_KI270750v1	148850	3189	0
chrUn_KI270751v1	150742	520	0
chrUn_KI270752v1	27745	0	0
chrUn_KI270753v1	62944	66	0
chrUn_KI270754v1	40191	1015	0
chrUn_KI270755v1	36723	4	0
chrUn_KI270756v1	79590	93	0
chrUn_KI270757v1	71251	119	0
chrUn_GL000214v1	137718	679	0
chrUn_KI270742v1	186739	1016	0
chrUn_GL000216v2	176608	1106	2
chrUn_GL000218v1	161147	1509	0
chrX	156040895	1875167	1
chrY	57227415	257937	3
chrY_KI270740v1_random	37240	9	0
*	0	0	27286
