chr1	248956422	10906267	406
chr10	133797422	5035637	193
chr11	135086622	5584037	278
chr11_KI270721v1_random	100316	762	0
chr12	133275309	5801940	232
chr13	114364328	2364721	142
chr14	107043718	3203847	125
chr14_GL000009v2_random	201709	7682	0
chr14_GL000225v1_random	211173	3203	5
chr14_KI270722v1_random	194050	397	0
chr14_GL000194v1_random	191469	3688	0
chr14_KI270723v1_random	38115	1012	0
chr14_KI270724v1_random	39555	665	1
chr14_KI270725v1_random	172810	907	0
chr14_KI270726v1_random	43739	25	0
chr15	101991189	3354582	118
chr15_KI270727v1_random	448248	13221	1
chr16	90338345	3234389	134
chr16_KI270728v1_random	1872759	30374	2
chr17	83257441	5007078	166
chr17_GL000205v2_random	185591	13089	0
chr17_KI270729v1_random	280839	1899	2
chr17_KI270730v1_random	112551	598	0
chr18	80373285	1743590	72
chr19	58617616	4099776	191
chr1_KI270706v1_random	175055	8487	2
chr1_KI270707v1_random	32032	86	0
chr1_KI270708v1_random	127682	457	0
chr1_KI270709v1_random	66860	1949	0
chr1_KI270710v1_random	40176	81	0
chr1_KI270711v1_random	42210	25698	1
chr1_KI270712v1_random	176043	2453	0
chr1_KI270713v1_random	40745	4424	0
chr1_KI270714v1_random	41717	4716	0
chr2	242193529	7170396	303
chr20	64444167	2523776	98
chr21	46709983	1133782	60
chr22	50818468	1765537	76
chr22_KI270731v1_random	150754	3777	3
chr22_KI270732v1_random	41543	286	0
chr22_KI270733v1_random	179772	8736	0
chr22_KI270734v1_random	165050	6267	4
chr22_KI270735v1_random	42811	403	0
chr22_KI270736v1_random	181920	1121	11
chr22_KI270737v1_random	103838	236	0
chr22_KI270738v1_random	99375	164	0
chr22_KI270739v1_random	73985	50	0
chr2_KI270715v1_random	161471	157	0
chr2_KI270716v1_random	153799	141	0
chr3	198295559	5929221	210
chr3_GL000221v1_random	155397	12243	0
chr4	190214555	4251650	194
chr4_GL000008v2_random	209709	8411	0
chr5	181538259	4675100	204
chr5_GL000208v1_random	92689	151	0
chr6	170805979	5264188	189
chr7	159345973	5153868	214
chr8	145138636	3568365	149
chr9	138394717	4589044	173
chr9_KI270717v1_random	40062	130	0
chr9_KI270718v1_random	38054	2511	0
chr9_KI270719v1_random	176845	1418	0
chr9_KI270720v1_random	39050	3108	0
chr1_KI270762v1_alt	354444	6500	0
chr1_KI270766v1_alt	256271	19363	1
chr1_KI270760v1_alt	109528	452	0
chr1_KI270765v1_alt	185285	1654	0
chr1_GL383518v1_alt	182439	15252	0
chr1_GL383519v1_alt	110268	14382	1
chr1_GL383520v2_alt	366580	6407	0
chr1_KI270764v1_alt	50258	94	0
chr1_KI270763v1_alt	911658	11296	0
chr1_KI270759v1_alt	425601	1020	1
chr1_KI270761v1_alt	165834	7791	1
chr2_KI270770v1_alt	136240	318	0
chr2_KI270773v1_alt	70887	174	0
chr2_KI270774v1_alt	223625	2796	0
chr2_KI270769v1_alt	120616	2850	0
chr2_GL383521v1_alt	143390	268	0
chr2_KI270772v1_alt	133041	612	0
chr2_KI270775v1_alt	138019	177	0
chr2_KI270771v1_alt	110395	107	1
chr2_KI270768v1_alt	110099	1377	0
chr2_GL582966v2_alt	96131	240	0
chr2_GL383522v1_alt	123821	3625	0
chr2_KI270776v1_alt	174166	1028	0
chr2_KI270767v1_alt	161578	706	0
chr3_JH636055v2_alt	173151	5982	0
chr3_KI270783v1_alt	109187	194	0
chr3_KI270780v1_alt	224108	1384	0
chr3_GL383526v1_alt	180671	2382	0
chr3_KI270777v1_alt	173649	1368	0
chr3_KI270778v1_alt	248252	191	0
chr3_KI270781v1_alt	113034	258	0
chr3_KI270779v1_alt	205312	2919	0
chr3_KI270782v1_alt	162429	2213	0
chr3_KI270784v1_alt	184404	2422	0
chr4_KI270790v1_alt	220246	327	0
chr4_GL383528v1_alt	376187	370	0
chr4_KI270787v1_alt	111943	179	0
chr4_GL000257v2_alt	586476	23159	0
chr4_KI270788v1_alt	158965	162	0
chr4_GL383527v1_alt	164536	7070	0
chr4_KI270785v1_alt	119912	172	0
chr4_KI270789v1_alt	205944	1243	0
chr4_KI270786v1_alt	244096	244	0
chr5_KI270793v1_alt	126136	1147	0
chr5_KI270792v1_alt	179043	4103	0
chr5_KI270791v1_alt	195710	8655	1
chr5_GL383532v1_alt	82728	51	0
chr5_GL949742v1_alt	226852	336	0
chr5_KI270794v1_alt	164558	2453	0
chr5_GL339449v2_alt	1612928	39053	0
chr5_GL383530v1_alt	101241	142	1
chr5_KI270796v1_alt	172708	196	0
chr5_GL383531v1_alt	173459	190	0
chr5_KI270795v1_alt	131892	2003	0
chr6_GL000250v2_alt	4672374	38276	1
chr6_KI270800v1_alt	175808	880	0
chr6_KI270799v1_alt	152148	128	0
chr6_GL383533v1_alt	124736	1251	0
chr6_KI270801v1_alt	870480	13913	0
chr6_KI270802v1_alt	75005	217	0
chr6_KB021644v2_alt	185823	427	0
chr6_KI270797v1_alt	197536	8067	1
chr6_KI270798v1_alt	271782	5853	0
chr7_KI270804v1_alt	157952	294	0
chr7_KI270809v1_alt	209586	10325	0
chr7_KI270806v1_alt	158166	6344	2
chr7_GL383534v2_alt	119183	3565	0
chr7_KI270803v1_alt	1111570	22033	0
chr7_KI270808v1_alt	271455	1970	0
chr7_KI270807v1_alt	126434	385	0
chr7_KI270805v1_alt	209988	753	0
chr8_KI270818v1_alt	145606	414	0
chr8_KI270812v1_alt	282736	796	0
chr8_KI270811v1_alt	292436	700	0
chr8_KI270821v1_alt	985506	18662	2
chr8_KI270813v1_alt	300230	25355	1
chr8_KI270822v1_alt	624492	12276	0
chr8_KI270814v1_alt	141812	618	0
chr8_KI270810v1_alt	374415	552	0
chr8_KI270819v1_alt	133535	1523	0
chr8_KI270820v1_alt	36640	270	0
chr8_KI270817v1_alt	158983	2212	0
chr8_KI270816v1_alt	305841	8479	0
chr8_KI270815v1_alt	132244	617	0
chr9_GL383539v1_alt	162988	1476	0
chr9_GL383540v1_alt	71551	4052	0
chr9_GL383541v1_alt	171286	3395	0
chr9_GL383542v1_alt	60032	1409	0
chr9_KI270823v1_alt	439082	4950	0
chr10_GL383545v1_alt	179254	2477	0
chr10_KI270824v1_alt	181496	1346	0
chr10_GL383546v1_alt	309802	6039	1
chr10_KI270825v1_alt	188315	7868	0
chr11_KI270832v1_alt	210133	9594	0
chr11_KI270830v1_alt	177092	1265	0
chr11_KI270831v1_alt	296895	9762	0
chr11_KI270829v1_alt	204059	6347	0
chr11_GL383547v1_alt	154407	148	0
chr11_JH159136v1_alt	200998	11579	1
chr11_JH159137v1_alt	191409	3728	0
chr11_KI270827v1_alt	67707	204	0
chr11_KI270826v1_alt	186169	445	0
chr12_GL877875v1_alt	167313	3144	0
chr12_GL877876v1_alt	408271	8709	0
chr12_KI270837v1_alt	40090	2814	0
chr12_GL383549v1_alt	120804	177	1
chr12_KI270835v1_alt	238139	2603	0
chr12_GL383550v2_alt	169178	1477	0
chr12_GL383552v1_alt	138655	1150	0
chr12_GL383553v2_alt	152874	6372	0
chr12_KI270834v1_alt	119498	1738	0
chr12_GL383551v1_alt	184319	334	0
chr12_KI270833v1_alt	76061	5877	0
chr12_KI270836v1_alt	56134	85	0
chr13_KI270840v1_alt	191684	4610	2
chr13_KI270839v1_alt	180306	395	0
chr13_KI270843v1_alt	103832	109	0
chr13_KI270841v1_alt	169134	174	0
chr13_KI270838v1_alt	306913	4377	0
chr13_KI270842v1_alt	37287	88	0
chr14_KI270844v1_alt	322166	12436	0
chr14_KI270847v1_alt	1511111	55115	1
chr14_KI270845v1_alt	180703	945	0
chr14_KI270846v1_alt	1351393	2927	0
chr15_KI270852v1_alt	478999	13380	1
chr15_KI270851v1_alt	263054	21082	2
chr15_KI270848v1_alt	327382	13970	0
chr15_GL383554v1_alt	296527	9094	0
chr15_KI270849v1_alt	244917	5490	0
chr15_GL383555v2_alt	388773	3912	1
chr15_KI270850v1_alt	430880	11791	0
chr16_KI270854v1_alt	134193	2707	0
chr16_KI270856v1_alt	63982	168	0
chr16_KI270855v1_alt	232857	9340	0
chr16_KI270853v1_alt	2659700	90326	3
chr16_GL383556v1_alt	192462	8768	0
chr16_GL383557v1_alt	89672	4361	0
chr17_GL383563v3_alt	375691	1455	1
chr17_KI270862v1_alt	391357	10543	1
chr17_KI270861v1_alt	196688	16462	2
chr17_KI270857v1_alt	2877074	132423	7
chr17_JH159146v1_alt	278131	15734	0
chr17_JH159147v1_alt	70345	1689	0
chr17_GL383564v2_alt	133151	12815	0
chr17_GL000258v2_alt	1821992	39134	2
chr17_GL383565v1_alt	223995	224	0
chr17_KI270858v1_alt	235827	513	0
chr17_KI270859v1_alt	108763	634	0
chr17_GL383566v1_alt	90219	243	0
chr17_KI270860v1_alt	178921	2200	0
chr18_KI270864v1_alt	111737	124	0
chr18_GL383567v1_alt	289831	2282	0
chr18_GL383570v1_alt	164789	277	0
chr18_GL383571v1_alt	198278	2538	0
chr18_GL383568v1_alt	104552	117	0
chr18_GL383569v1_alt	167950	282	0
chr18_GL383572v1_alt	159547	536	0
chr18_KI270863v1_alt	167999	2236	0
chr19_KI270868v1_alt	61734	1177	0
chr19_KI270865v1_alt	52969	150	0
chr19_GL383573v1_alt	385657	4630	1
chr19_GL383575v2_alt	170222	2619	1
chr19_GL383576v1_alt	188024	2364	0
chr19_GL383574v1_alt	155864	4242	1
chr19_KI270866v1_alt	43156	2952	0
chr19_KI270867v1_alt	233762	6334	0
chr19_GL949746v1_alt	987716	23374	0
chr20_GL383577v2_alt	128386	358	0
chr20_KI270869v1_alt	118774	4745	0
chr20_KI270871v1_alt	58661	1911	0
chr20_KI270870v1_alt	183433	7271	1
chr21_GL383578v2_alt	63917	101	0
chr21_KI270874v1_alt	166743	246	0
chr21_KI270873v1_alt	143900	1274	0
chr21_GL383579v2_alt	201197	240	0
chr21_GL383580v2_alt	74653	622	0
chr21_GL383581v2_alt	116689	7976	0
chr21_KI270872v1_alt	82692	3425	0
chr22_KI270875v1_alt	259914	6479	2
chr22_KI270878v1_alt	186262	2680	1
chr22_KI270879v1_alt	304135	12563	0
chr22_KI270876v1_alt	263666	6665	0
chr22_KI270877v1_alt	101331	3839	0
chr22_GL383583v2_alt	96924	2531	0
chr22_GL383582v2_alt	162811	6304	0
chrX_KI270880v1_alt	284869	688	2
chrX_KI270881v1_alt	144206	2629	0
chr19_KI270882v1_alt	248807	6326	0
chr19_KI270883v1_alt	170399	2536	0
chr19_KI270884v1_alt	157053	3040	1
chr19_KI270885v1_alt	171027	1482	0
chr19_KI270886v1_alt	204239	3949	0
chr19_KI270887v1_alt	209512	3723	0
chr19_KI270888v1_alt	155532	3558	0
chr19_KI270889v1_alt	170698	1264	0
chr19_KI270890v1_alt	184499	4473	0
chr19_KI270891v1_alt	170680	1283	0
chr1_KI270892v1_alt	162212	7554	0
chr2_KI270894v1_alt	214158	1033	1
chr2_KI270893v1_alt	161218	706	0
chr3_KI270895v1_alt	162896	2486	0
chr4_KI270896v1_alt	378547	4853	0
chr5_KI270897v1_alt	1144418	21180	0
chr5_KI270898v1_alt	130957	2140	0
chr6_GL000251v2_alt	4795265	92761	1
chr7_KI270899v1_alt	190869	369	0
chr8_KI270901v1_alt	136959	365	0
chr8_KI270900v1_alt	318687	568	0
chr11_KI270902v1_alt	106711	445	1
chr11_KI270903v1_alt	214625	1696	0
chr12_KI270904v1_alt	572349	13088	0
chr15_KI270906v1_alt	196384	4996	0
chr15_KI270905v1_alt	5161414	99039	4
chr17_KI270907v1_alt	137721	609	0
chr17_KI270910v1_alt	157099	5818	2
chr17_KI270909v1_alt	325800	36124	1
chr17_JH159148v1_alt	88070	2747	0
chr17_KI270908v1_alt	1423190	54757	1
chr18_KI270912v1_alt	174061	298	0
chr18_KI270911v1_alt	157710	508	0
chr19_GL949747v2_alt	729520	12732	0
chr22_KB663609v1_alt	74013	3232	0
chrX_KI270913v1_alt	274009	807	0
chr19_KI270914v1_alt	205194	4706	0
chr19_KI270915v1_alt	170665	1410	0
chr19_KI270916v1_alt	184516	5246	0
chr19_KI270917v1_alt	190932	1620	0
chr19_KI270918v1_alt	123111	736	0
chr19_KI270919v1_alt	170701	1532	0
chr19_KI270920v1_alt	198005	1565	0
chr19_KI270921v1_alt	282224	6475	0
chr19_KI270922v1_alt	187935	1636	0
chr19_KI270923v1_alt	189352	3988	0
chr3_KI270924v1_alt	166540	3951	0
chr4_KI270925v1_alt	555799	1867	0
chr6_GL000252v2_alt	4604811	91586	3
chr8_KI270926v1_alt	229282	1277	0
chr11_KI270927v1_alt	218612	715	0
chr19_GL949748v2_alt	1064304	7248	0
chr22_KI270928v1_alt	176103	6872	0
chr19_KI270929v1_alt	186203	1475	0
chr19_KI270930v1_alt	200773	2213	0
chr19_KI270931v1_alt	170148	1331	0
chr19_KI270932v1_alt	215732	4906	0
chr19_KI270933v1_alt	170537	1556	0
chr19_GL000209v2_alt	177381	4543	0
chr3_KI270934v1_alt	163458	2359	0
chr6_GL000253v2_alt	4677643	65614	4
chr19_GL949749v2_alt	1091841	5882	0
chr3_KI270935v1_alt	197351	2730	0
chr6_GL000254v2_alt	4827813	89454	2
chr19_GL949750v2_alt	1066390	5583	0
chr3_KI270936v1_alt	164170	2339	0
chr6_GL000255v2_alt	4606388	78229	1
chr19_GL949751v2_alt	1002683	6133	0
chr3_KI270937v1_alt	165607	2333	0
chr6_GL000256v2_alt	4929269	82625	1
chr19_GL949752v1_alt	987100	22818	1
chr6_KI270758v1_alt	76752	500	0
chr19_GL949753v2_alt	796479	18218	0
chr19_KI270938v1_alt	1066800	25450	0
chrM	16569	7394	2
chrUn_KI270302v1	2274	4	0
chrUn_KI270304v1	2165	4	0
chrUn_KI270303v1	1942	5	0
chrUn_KI270305v1	1472	4	0
chrUn_KI270322v1	21476	4	0
chrUn_KI270320v1	4416	6	0
chrUn_KI270310v1	1201	8	0
chrUn_KI270316v1	1444	2	0
chrUn_KI270315v1	2276	4	0
chrUn_KI270312v1	998	0	0
chrUn_KI270311v1	12399	15	0
chrUn_KI270317v1	37690	2	0
chrUn_KI270412v1	1179	2	0
chrUn_KI270411v1	2646	5	0
chrUn_KI270414v1	2489	3	0
chrUn_KI270419v1	1029	0	0
chrUn_KI270418v1	2145	0	0
chrUn_KI270420v1	2321	6	0
chrUn_KI270424v1	2140	0	0
chrUn_KI270417v1	2043	2	0
chrUn_KI270422v1	1445	4	0
chrUn_KI270423v1	981	3	0
chrUn_KI270425v1	1884	0	0
chrUn_KI270429v1	1361	15	0
chrUn_KI270442v1	392061	5542	2
chrUn_KI270466v1	1233	201	0
chrUn_KI270465v1	1774	8	0
chrUn_KI270467v1	3920	892	0
chrUn_KI270435v1	92983	277	0
chrUn_KI270438v1	112505	5228	2
chrUn_KI270468v1	4055	15	0
chrUn_KI270510v1	2415	8	0
chrUn_KI270509v1	2318	9	0
chrUn_KI270518v1	2186	16	0
chrUn_KI270508v1	1951	20	0
chrUn_KI270516v1	1300	7	0
chrUn_KI270512v1	22689	74	0
chrUn_KI270519v1	138126	363	1
chrUn_KI270522v1	5674	4	0
chrUn_KI270511v1	8127	35	0
chrUn_KI270515v1	6361	24	0
chrUn_KI270507v1	5353	35	0
chrUn_KI270517v1	3253	9	0
chrUn_KI270529v1	1899	2	0
chrUn_KI270528v1	2983	1	0
chrUn_KI270530v1	2168	3	0
chrUn_KI270539v1	993	0	0
chrUn_KI270538v1	91309	230	0
chrUn_KI270544v1	1202	2	0
chrUn_KI270548v1	1599	2	0
chrUn_KI270583v1	1400	12	0
chrUn_KI270587v1	2969	22	0
chrUn_KI270580v1	1553	5	0
chrUn_KI270581v1	7046	4	0
chrUn_KI270579v1	31033	47	0
chrUn_KI270589v1	44474	123	0
chrUn_KI270590v1	4685	40	0
chrUn_KI270584v1	4513	25	0
chrUn_KI270582v1	6504	10	0
chrUn_KI270588v1	6158	22	0
chrUn_KI270593v1	3041	7	0
chrUn_KI270591v1	5796	37	0
chrUn_KI270330v1	1652	82	0
chrUn_KI270329v1	1040	4	0
chrUn_KI270334v1	1368	8	0
chrUn_KI270333v1	2699	174	0
chrUn_KI270335v1	1048	2	0
chrUn_KI270338v1	1428	5	0
chrUn_KI270340v1	1428	6	0
chrUn_KI270336v1	1026	51	0
chrUn_KI270337v1	1121	195	0
chrUn_KI270363v1	1803	5	0
chrUn_KI270364v1	2855	6	0
chrUn_KI270362v1	3530	3	0
chrUn_KI270366v1	8320	12	0
chrUn_KI270378v1	1048	0	0
chrUn_KI270379v1	1045	0	0
chrUn_KI270389v1	1298	0	0
chrUn_KI270390v1	2387	1	0
chrUn_KI270387v1	1537	3	0
chrUn_KI270395v1	1143	6	0
chrUn_KI270396v1	1880	2	0
chrUn_KI270388v1	1216	2	0
chrUn_KI270394v1	970	10	0
chrUn_KI270386v1	1788	8	0
chrUn_KI270391v1	1484	0	0
chrUn_KI270383v1	1750	0	0
chrUn_KI270393v1	1308	0	0
chrUn_KI270384v1	1658	0	0
chrUn_KI270392v1	971	4	0
chrUn_KI270381v1	1930	0	0
chrUn_KI270385v1	990	2	0
chrUn_KI270382v1	4215	2	0
chrUn_KI270376v1	1136	3	0
chrUn_KI270374v1	2656	4	0
chrUn_KI270372v1	1650	6	0
chrUn_KI270373v1	1451	0	0
chrUn_KI270375v1	2378	2	0
chrUn_KI270371v1	2805	0	0
chrUn_KI270448v1	7992	20	0
chrUn_KI270521v1	7642	6	0
chrUn_GL000195v1	182896	1316	0
chrUn_GL000219v1	179198	3728	1
chrUn_GL000220v1	161802	7813	0
chrUn_GL000224v1	179693	2444	0
chrUn_KI270741v1	157432	246	0
chrUn_GL000226v1	15008	168	0
chrUn_GL000213v1	164239	6751	0
chrUn_KI270743v1	210658	1017	0
chrUn_KI270744v1	168472	20118	1
chrUn_KI270745v1	41891	343	0
chrUn_KI270746v1	66486	7748	0
chrUn_KI270747v1	198735	208	0
chrUn_KI270748v1	93321	332	0
chrUn_KI270749v1	158759	1637	0
chrUn_KI270750v1	148850	5968	0
chrUn_KI270751v1	150742	4288	2
chrUn_KI270752v1	27745	0	0
chrUn_KI270753v1	62944	349	0
chrUn_KI270754v1	40191	354	0
chrUn_KI270755v1	36723	62	0
chrUn_KI270756v1	79590	209	1
chrUn_KI270757v1	71251	275	0
chrUn_GL000214v1	137718	4219	1
chrUn_KI270742v1	186739	13935	1
chrUn_GL000216v2	176608	2420	3
chrUn_GL000218v1	161147	3778	0
chrX	156040895	4923780	180
chrY	57227415	433525	57
chrY_KI270740v1_random	37240	21	0
*	0	0	22978
